timestamp,provider,region,datacenter,latency_ms
2025-12-10 19:09:09,cloudping Huawei,na-mexico-1,"Mexico City 1, Mexico",146
2025-12-10 19:09:09,cloudping Huawei,ap-southeast-3,Singapore,188.5
2025-12-10 19:09:09,cloudping Huawei,ap-southeast-1,"Hong Kong, China",223.5
2025-12-10 19:09:09,cloudping Huawei,af-south-1,"Johannesburg, South Africa",237
2025-12-10 19:09:09,cloudping Huawei,la-south-2,"Santiago, Chile",238
2025-12-10 19:09:09,cloudping Huawei,sa-brazil-1,"Sao Paulo, Brazil",239.5
2025-12-10 19:09:09,cloudping Huawei,ap-southeast-2,"Bangkok, Thailand",241
2025-12-10 19:09:09,cloudping Huawei,la-north-2,"Mexico City 2, Mexico",242.5
2025-12-10 19:09:09,cloudping Huawei,na-mexico-1,"Mexico City 1, Mexico",146
2025-12-10 19:09:09,cloudping Huawei,ap-southeast-3,Singapore,188.5
2025-12-10 19:09:09,cloudping Huawei,ap-southeast-1,"Hong Kong, China",223.5
2025-12-10 19:09:09,cloudping Huawei,af-south-1,"Johannesburg, South Africa",237
2025-12-10 19:09:09,cloudping Huawei,la-south-2,"Santiago, Chile",238
2025-12-10 19:09:09,cloudping Huawei,sa-brazil-1,"Sao Paulo, Brazil",239.5
2025-12-10 19:09:09,cloudping Huawei,ap-southeast-2,"Bangkok, Thailand",241
2025-12-10 19:09:09,cloudping Huawei,la-north-2,"Mexico City 2, Mexico",242.5
2025-12-10 19:09:09,cloudping Huawei,cn-east-2,Shanghai 2,217.5
2025-12-10 19:09:09,cloudping Huawei,cn-east-3,Shanghai 1,220.5
2025-12-10 19:09:09,cloudping Huawei,cn-north-1,Beijing 1,235
2025-12-10 19:09:09,cloudping Huawei,cn-south-1,Guangzhou,236
2025-12-10 19:09:09,cloudping Huawei,cn-southwest-2,Guiyang 1,247.5
2025-12-10 19:09:09,cloudping Huawei,cn-north-9,Wulanchabu,278
2025-12-10 19:09:09,cloudping Huawei,cn-north-4,Beijing 4,283
2025-12-10 19:35:09,cloudping Huawei,na-mexico-1,"Mexico City 1, Mexico",154.5
2025-12-10 19:35:09,cloudping Huawei,ap-southeast-3,Singapore,190.5
2025-12-10 19:35:09,cloudping Huawei,ap-southeast-1,"Hong Kong, China",212
2025-12-10 19:35:09,cloudping Huawei,sa-brazil-1,"Sao Paulo, Brazil",222
2025-12-10 19:35:09,cloudping Huawei,ap-southeast-2,"Bangkok, Thailand",242.5
2025-12-10 19:35:09,cloudping Huawei,la-south-2,"Santiago, Chile",243
2025-12-10 19:35:09,cloudping Huawei,la-north-2,"Mexico City 2, Mexico",245
2025-12-10 19:35:09,cloudping Huawei,af-south-1,"Johannesburg, South Africa",293
2025-12-10 19:35:09,cloudping Huawei,na-mexico-1,"Mexico City 1, Mexico",154.5
2025-12-10 19:35:09,cloudping Huawei,ap-southeast-3,Singapore,190.5
2025-12-10 19:35:09,cloudping Huawei,ap-southeast-1,"Hong Kong, China",212
2025-12-10 19:35:09,cloudping Huawei,sa-brazil-1,"Sao Paulo, Brazil",222
2025-12-10 19:35:09,cloudping Huawei,ap-southeast-2,"Bangkok, Thailand",242.5
2025-12-10 19:35:09,cloudping Huawei,la-south-2,"Santiago, Chile",243
2025-12-10 19:35:09,cloudping Huawei,la-north-2,"Mexico City 2, Mexico",245
2025-12-10 19:35:09,cloudping Huawei,af-south-1,"Johannesburg, South Africa",293
2025-12-10 19:35:09,cloudping Huawei,cn-east-3,Shanghai 1,228.5
2025-12-10 19:35:09,cloudping Huawei,cn-north-1,Beijing 1,230.5
2025-12-10 19:35:09,cloudping Huawei,cn-north-9,Wulanchabu,234
2025-12-10 19:35:09,cloudping Huawei,cn-north-4,Beijing 4,260
2025-12-10 19:35:09,cloudping Huawei,cn-southwest-2,Guiyang 1,269.5
2025-12-10 19:35:09,cloudping Huawei,cn-east-2,Shanghai 2,275
2025-12-10 19:35:09,cloudping Huawei,cn-south-1,Guangzhou,292
2025-12-10 20:01:10,cloudping Huawei,na-mexico-1,"Mexico City 1, Mexico",144.5
2025-12-10 20:01:10,cloudping Huawei,la-north-2,"Mexico City 2, Mexico",152.5
2025-12-10 20:01:10,cloudping Huawei,ap-southeast-3,Singapore,186
2025-12-10 20:01:10,cloudping Huawei,ap-southeast-1,"Hong Kong, China",217.5
2025-12-10 20:01:10,cloudping Huawei,sa-brazil-1,"Sao Paulo, Brazil",228
2025-12-10 20:01:10,cloudping Huawei,af-south-1,"Johannesburg, South Africa",230.5
2025-12-10 20:01:10,cloudping Huawei,ap-southeast-2,"Bangkok, Thailand",238.5
2025-12-10 20:01:10,cloudping Huawei,la-south-2,"Santiago, Chile",355.5
2025-12-10 20:01:10,cloudping Huawei,na-mexico-1,"Mexico City 1, Mexico",144.5
2025-12-10 20:01:10,cloudping Huawei,la-north-2,"Mexico City 2, Mexico",152.5
2025-12-10 20:01:10,cloudping Huawei,ap-southeast-3,Singapore,186
2025-12-10 20:01:10,cloudping Huawei,ap-southeast-1,"Hong Kong, China",217.5
2025-12-10 20:01:10,cloudping Huawei,sa-brazil-1,"Sao Paulo, Brazil",228
2025-12-10 20:01:10,cloudping Huawei,af-south-1,"Johannesburg, South Africa",230.5
2025-12-10 20:01:10,cloudping Huawei,ap-southeast-2,"Bangkok, Thailand",238.5
2025-12-10 20:01:10,cloudping Huawei,la-south-2,"Santiago, Chile",355.5
2025-12-10 20:01:10,cloudping Huawei,cn-north-1,Beijing 1,203.5
2025-12-10 20:01:10,cloudping Huawei,cn-east-2,Shanghai 2,212
2025-12-10 20:01:10,cloudping Huawei,cn-north-4,Beijing 4,225.5
2025-12-10 20:01:10,cloudping Huawei,cn-north-9,Wulanchabu,229.5
2025-12-10 20:01:10,cloudping Huawei,cn-south-1,Guangzhou,246.5
2025-12-10 20:01:10,cloudping Huawei,cn-southwest-2,Guiyang 1,254
2025-12-10 20:01:10,cloudping Huawei,cn-east-3,Shanghai 1,323
2025-12-10 20:27:12,cloudping Huawei,na-mexico-1,"Mexico City 1, Mexico",145.5
2025-12-10 20:27:12,cloudping Huawei,la-north-2,"Mexico City 2, Mexico",155.5
2025-12-10 20:27:12,cloudping Huawei,ap-southeast-3,Singapore,188
2025-12-10 20:27:12,cloudping Huawei,sa-brazil-1,"Sao Paulo, Brazil",218
2025-12-10 20:27:12,cloudping Huawei,ap-southeast-1,"Hong Kong, China",218.5
2025-12-10 20:27:12,cloudping Huawei,af-south-1,"Johannesburg, South Africa",230
2025-12-10 20:27:12,cloudping Huawei,ap-southeast-2,"Bangkok, Thailand",247
2025-12-10 20:27:12,cloudping Huawei,la-south-2,"Santiago, Chile",252.5
2025-12-10 20:27:12,cloudping Huawei,na-mexico-1,"Mexico City 1, Mexico",145.5
2025-12-10 20:27:12,cloudping Huawei,la-north-2,"Mexico City 2, Mexico",155.5
2025-12-10 20:27:12,cloudping Huawei,ap-southeast-3,Singapore,188
2025-12-10 20:27:12,cloudping Huawei,sa-brazil-1,"Sao Paulo, Brazil",218
2025-12-10 20:27:12,cloudping Huawei,ap-southeast-1,"Hong Kong, China",218.5
2025-12-10 20:27:12,cloudping Huawei,af-south-1,"Johannesburg, South Africa",230
2025-12-10 20:27:12,cloudping Huawei,ap-southeast-2,"Bangkok, Thailand",247
2025-12-10 20:27:12,cloudping Huawei,la-south-2,"Santiago, Chile",252.5
2025-12-10 20:27:12,cloudping Huawei,cn-east-2,Shanghai 2,227.5
2025-12-10 20:27:12,cloudping Huawei,cn-north-1,Beijing 1,229
2025-12-10 20:27:12,cloudping Huawei,cn-south-1,Guangzhou,236.5
2025-12-10 20:27:12,cloudping Huawei,cn-north-9,Wulanchabu,240.5
2025-12-10 20:27:12,cloudping Huawei,cn-east-3,Shanghai 1,255.5
2025-12-10 20:27:12,cloudping Huawei,cn-north-4,Beijing 4,265
2025-12-10 20:27:12,cloudping Huawei,cn-southwest-2,Guiyang 1,277
2025-12-10 20:53:11,cloudping Huawei,na-mexico-1,"Mexico City 1, Mexico",146
2025-12-10 20:53:11,cloudping Huawei,la-north-2,"Mexico City 2, Mexico",150
2025-12-10 20:53:11,cloudping Huawei,ap-southeast-3,Singapore,190.5
2025-12-10 20:53:11,cloudping Huawei,sa-brazil-1,"Sao Paulo, Brazil",225.5
2025-12-10 20:53:11,cloudping Huawei,ap-southeast-1,"Hong Kong, China",226
2025-12-10 20:53:11,cloudping Huawei,af-south-1,"Johannesburg, South Africa",228.5
2025-12-10 20:53:11,cloudping Huawei,ap-southeast-2,"Bangkok, Thailand",234.5
2025-12-10 20:53:11,cloudping Huawei,la-south-2,"Santiago, Chile",337.5
2025-12-10 20:53:11,cloudping Huawei,na-mexico-1,"Mexico City 1, Mexico",146
2025-12-10 20:53:11,cloudping Huawei,la-north-2,"Mexico City 2, Mexico",150
2025-12-10 20:53:11,cloudping Huawei,ap-southeast-3,Singapore,190.5
2025-12-10 20:53:11,cloudping Huawei,sa-brazil-1,"Sao Paulo, Brazil",225.5
2025-12-10 20:53:11,cloudping Huawei,ap-southeast-1,"Hong Kong, China",226
2025-12-10 20:53:11,cloudping Huawei,af-south-1,"Johannesburg, South Africa",228.5
2025-12-10 20:53:11,cloudping Huawei,ap-southeast-2,"Bangkok, Thailand",234.5
2025-12-10 20:53:11,cloudping Huawei,la-south-2,"Santiago, Chile",337.5
2025-12-10 20:53:11,cloudping Huawei,cn-east-2,Shanghai 2,213.5
2025-12-10 20:53:11,cloudping Huawei,cn-north-9,Wulanchabu,235
2025-12-10 20:53:11,cloudping Huawei,cn-north-4,Beijing 4,248.5
2025-12-10 20:53:11,cloudping Huawei,cn-southwest-2,Guiyang 1,261
2025-12-10 20:53:11,cloudping Huawei,cn-north-1,Beijing 1,286.5
2025-12-10 20:53:11,cloudping Huawei,cn-south-1,Guangzhou,292.5
2025-12-10 20:53:11,cloudping Huawei,cn-east-3,Shanghai 1,345
2025-12-10 21:45:17,cloudping Huawei,na-mexico-1,"Mexico City 1, Mexico",150.5
2025-12-10 21:45:17,cloudping Huawei,la-north-2,"Mexico City 2, Mexico",153.5
2025-12-10 21:45:17,cloudping Huawei,ap-southeast-3,Singapore,193.5
2025-12-10 21:45:17,cloudping Huawei,ap-southeast-1,"Hong Kong, China",215.5
2025-12-10 21:45:17,cloudping Huawei,sa-brazil-1,"Sao Paulo, Brazil",219
2025-12-10 21:45:17,cloudping Huawei,af-south-1,"Johannesburg, South Africa",230
2025-12-10 21:45:17,cloudping Huawei,ap-southeast-2,"Bangkok, Thailand",241.5
2025-12-10 21:45:17,cloudping Huawei,la-south-2,"Santiago, Chile",287.5
2025-12-10 21:45:17,cloudping Huawei,na-mexico-1,"Mexico City 1, Mexico",150.5
2025-12-10 21:45:17,cloudping Huawei,la-north-2,"Mexico City 2, Mexico",153.5
2025-12-10 21:45:17,cloudping Huawei,ap-southeast-3,Singapore,193.5
2025-12-10 21:45:17,cloudping Huawei,ap-southeast-1,"Hong Kong, China",215.5
2025-12-10 21:45:17,cloudping Huawei,sa-brazil-1,"Sao Paulo, Brazil",219
2025-12-10 21:45:17,cloudping Huawei,af-south-1,"Johannesburg, South Africa",230
2025-12-10 21:45:17,cloudping Huawei,ap-southeast-2,"Bangkok, Thailand",241.5
2025-12-10 21:45:17,cloudping Huawei,la-south-2,"Santiago, Chile",287.5
2025-12-10 21:45:17,cloudping Huawei,cn-east-2,Shanghai 2,209.5
2025-12-10 21:45:17,cloudping Huawei,cn-north-1,Beijing 1,454.5
2025-12-10 21:45:17,cloudping Huawei,cn-north-4,Beijing 4,461.5
2025-12-10 21:45:17,cloudping Huawei,cn-south-1,Guangzhou,482.5
2025-12-10 21:45:17,cloudping Huawei,cn-southwest-2,Guiyang 1,489
2025-12-10 21:45:17,cloudping Huawei,cn-north-9,Wulanchabu,538
2025-12-10 21:45:17,cloudping Huawei,cn-east-3,Shanghai 1,795.5
2025-12-10 22:11:17,cloudping Huawei,na-mexico-1,"Mexico City 1, Mexico",146.5
2025-12-10 22:11:17,cloudping Huawei,la-north-2,"Mexico City 2, Mexico",153
2025-12-10 22:11:17,cloudping Huawei,ap-southeast-3,Singapore,186
2025-12-10 22:11:17,cloudping Huawei,ap-southeast-1,"Hong Kong, China",220.5
2025-12-10 22:11:17,cloudping Huawei,sa-brazil-1,"Sao Paulo, Brazil",226
2025-12-10 22:11:17,cloudping Huawei,ap-southeast-2,"Bangkok, Thailand",242
2025-12-10 22:11:17,cloudping Huawei,la-south-2,"Santiago, Chile",291
2025-12-10 22:11:17,cloudping Huawei,af-south-1,"Johannesburg, South Africa",422
2025-12-10 22:11:17,cloudping Huawei,na-mexico-1,"Mexico City 1, Mexico",146.5
2025-12-10 22:11:17,cloudping Huawei,la-north-2,"Mexico City 2, Mexico",153
2025-12-10 22:11:17,cloudping Huawei,ap-southeast-3,Singapore,186
2025-12-10 22:11:17,cloudping Huawei,ap-southeast-1,"Hong Kong, China",220.5
2025-12-10 22:11:17,cloudping Huawei,sa-brazil-1,"Sao Paulo, Brazil",226
2025-12-10 22:11:17,cloudping Huawei,ap-southeast-2,"Bangkok, Thailand",242
2025-12-10 22:11:17,cloudping Huawei,la-south-2,"Santiago, Chile",291
2025-12-10 22:11:17,cloudping Huawei,af-south-1,"Johannesburg, South Africa",422
2025-12-10 22:11:17,cloudping Huawei,cn-north-9,Wulanchabu,234
2025-12-10 22:11:17,cloudping Huawei,cn-south-1,Guangzhou,236
2025-12-10 22:11:17,cloudping Huawei,cn-north-4,Beijing 4,236
2025-12-10 22:11:17,cloudping Huawei,cn-southwest-2,Guiyang 1,246.5
2025-12-10 22:11:17,cloudping Huawei,cn-east-3,Shanghai 1,249
2025-12-10 22:11:17,cloudping Huawei,cn-north-1,Beijing 1,285.5
2025-12-10 22:11:17,cloudping Huawei,cn-east-2,Shanghai 2,329
2025-12-10 22:37:17,cloudping Huawei,na-mexico-1,"Mexico City 1, Mexico",143.5
2025-12-10 22:37:17,cloudping Huawei,la-north-2,"Mexico City 2, Mexico",151.5
2025-12-10 22:37:17,cloudping Huawei,ap-southeast-3,Singapore,189
2025-12-10 22:37:17,cloudping Huawei,ap-southeast-1,"Hong Kong, China",220.5
2025-12-10 22:37:17,cloudping Huawei,af-south-1,"Johannesburg, South Africa",241.5
2025-12-10 22:37:17,cloudping Huawei,sa-brazil-1,"Sao Paulo, Brazil",248
2025-12-10 22:37:17,cloudping Huawei,ap-southeast-2,"Bangkok, Thailand",252.5
2025-12-10 22:37:17,cloudping Huawei,la-south-2,"Santiago, Chile",262
2025-12-10 22:37:17,cloudping Huawei,na-mexico-1,"Mexico City 1, Mexico",143.5
2025-12-10 22:37:17,cloudping Huawei,la-north-2,"Mexico City 2, Mexico",151.5
2025-12-10 22:37:17,cloudping Huawei,ap-southeast-3,Singapore,189
2025-12-10 22:37:17,cloudping Huawei,ap-southeast-1,"Hong Kong, China",220.5
2025-12-10 22:37:17,cloudping Huawei,af-south-1,"Johannesburg, South Africa",241.5
2025-12-10 22:37:17,cloudping Huawei,sa-brazil-1,"Sao Paulo, Brazil",248
2025-12-10 22:37:17,cloudping Huawei,ap-southeast-2,"Bangkok, Thailand",252.5
2025-12-10 22:37:17,cloudping Huawei,la-south-2,"Santiago, Chile",262
2025-12-10 22:37:17,cloudping Huawei,cn-east-2,Shanghai 2,204.5
2025-12-10 22:37:17,cloudping Huawei,cn-east-3,Shanghai 1,211.5
2025-12-10 22:37:17,cloudping Huawei,cn-north-4,Beijing 4,220
2025-12-10 22:37:17,cloudping Huawei,cn-north-1,Beijing 1,227
2025-12-10 22:37:17,cloudping Huawei,cn-south-1,Guangzhou,229.5
2025-12-10 22:37:17,cloudping Huawei,cn-southwest-2,Guiyang 1,251
2025-12-10 22:37:17,cloudping Huawei,cn-north-9,Wulanchabu,267.5
2025-12-10 23:03:17,cloudping Huawei,na-mexico-1,"Mexico City 1, Mexico",146
2025-12-10 23:03:17,cloudping Huawei,la-north-2,"Mexico City 2, Mexico",155
2025-12-10 23:03:17,cloudping Huawei,ap-southeast-3,Singapore,212
2025-12-10 23:03:17,cloudping Huawei,ap-southeast-1,"Hong Kong, China",229
2025-12-10 23:03:17,cloudping Huawei,ap-southeast-2,"Bangkok, Thailand",231.5
2025-12-10 23:03:17,cloudping Huawei,af-south-1,"Johannesburg, South Africa",247
2025-12-10 23:03:17,cloudping Huawei,sa-brazil-1,"Sao Paulo, Brazil",262.5
2025-12-10 23:03:17,cloudping Huawei,la-south-2,"Santiago, Chile",301.5
2025-12-10 23:03:17,cloudping Huawei,na-mexico-1,"Mexico City 1, Mexico",146
2025-12-10 23:03:17,cloudping Huawei,la-north-2,"Mexico City 2, Mexico",155
2025-12-10 23:03:17,cloudping Huawei,ap-southeast-3,Singapore,212
2025-12-10 23:03:17,cloudping Huawei,ap-southeast-1,"Hong Kong, China",229
2025-12-10 23:03:17,cloudping Huawei,ap-southeast-2,"Bangkok, Thailand",231.5
2025-12-10 23:03:17,cloudping Huawei,af-south-1,"Johannesburg, South Africa",247
2025-12-10 23:03:17,cloudping Huawei,sa-brazil-1,"Sao Paulo, Brazil",262.5
2025-12-10 23:03:17,cloudping Huawei,la-south-2,"Santiago, Chile",301.5
2025-12-10 23:03:17,cloudping Huawei,cn-east-2,Shanghai 2,213.5
2025-12-10 23:03:17,cloudping Huawei,cn-east-3,Shanghai 1,447
2025-12-10 23:03:17,cloudping Huawei,cn-north-4,Beijing 4,447
2025-12-10 23:03:17,cloudping Huawei,cn-north-1,Beijing 1,468.5
2025-12-10 23:03:17,cloudping Huawei,cn-south-1,Guangzhou,477.5
2025-12-10 23:03:17,cloudping Huawei,cn-north-9,Wulanchabu,551
2025-12-10 23:03:17,cloudping Huawei,cn-southwest-2,Guiyang 1,620
2025-12-10 23:29:16,cloudping Huawei,na-mexico-1,"Mexico City 1, Mexico",146.5
2025-12-10 23:29:16,cloudping Huawei,la-north-2,"Mexico City 2, Mexico",147
2025-12-10 23:29:16,cloudping Huawei,sa-brazil-1,"Sao Paulo, Brazil",228
2025-12-10 23:29:16,cloudping Huawei,ap-southeast-3,Singapore,228.5
2025-12-10 23:29:16,cloudping Huawei,af-south-1,"Johannesburg, South Africa",229.5
2025-12-10 23:29:16,cloudping Huawei,ap-southeast-1,"Hong Kong, China",231
2025-12-10 23:29:16,cloudping Huawei,ap-southeast-2,"Bangkok, Thailand",239.5
2025-12-10 23:29:16,cloudping Huawei,la-south-2,"Santiago, Chile",275
2025-12-10 23:29:16,cloudping Huawei,na-mexico-1,"Mexico City 1, Mexico",146.5
2025-12-10 23:29:16,cloudping Huawei,la-north-2,"Mexico City 2, Mexico",147
2025-12-10 23:29:16,cloudping Huawei,sa-brazil-1,"Sao Paulo, Brazil",228
2025-12-10 23:29:16,cloudping Huawei,ap-southeast-3,Singapore,228.5
2025-12-10 23:29:16,cloudping Huawei,af-south-1,"Johannesburg, South Africa",229.5
2025-12-10 23:29:16,cloudping Huawei,ap-southeast-1,"Hong Kong, China",231
2025-12-10 23:29:16,cloudping Huawei,ap-southeast-2,"Bangkok, Thailand",239.5
2025-12-10 23:29:16,cloudping Huawei,la-south-2,"Santiago, Chile",275
2025-12-10 23:29:16,cloudping Huawei,cn-north-1,Beijing 1,197.5
2025-12-10 23:29:16,cloudping Huawei,cn-east-2,Shanghai 2,200
2025-12-10 23:29:16,cloudping Huawei,cn-south-1,Guangzhou,219
2025-12-10 23:29:16,cloudping Huawei,cn-north-4,Beijing 4,261
2025-12-10 23:29:16,cloudping Huawei,cn-east-3,Shanghai 1,262.5
2025-12-10 23:29:16,cloudping Huawei,cn-southwest-2,Guiyang 1,265
2025-12-10 23:29:16,cloudping Huawei,cn-north-9,Wulanchabu,283
2025-12-10 23:55:16,cloudping Huawei,na-mexico-1,"Mexico City 1, Mexico",145
2025-12-10 23:55:16,cloudping Huawei,la-north-2,"Mexico City 2, Mexico",209
2025-12-10 23:55:16,cloudping Huawei,ap-southeast-1,"Hong Kong, China",219
2025-12-10 23:55:16,cloudping Huawei,sa-brazil-1,"Sao Paulo, Brazil",220.5
2025-12-10 23:55:16,cloudping Huawei,ap-southeast-3,Singapore,231
2025-12-10 23:55:16,cloudping Huawei,ap-southeast-2,"Bangkok, Thailand",232
2025-12-10 23:55:16,cloudping Huawei,af-south-1,"Johannesburg, South Africa",278
2025-12-10 23:55:16,cloudping Huawei,la-south-2,"Santiago, Chile",299
2025-12-10 23:55:16,cloudping Huawei,na-mexico-1,"Mexico City 1, Mexico",145
2025-12-10 23:55:16,cloudping Huawei,la-north-2,"Mexico City 2, Mexico",209
2025-12-10 23:55:16,cloudping Huawei,ap-southeast-1,"Hong Kong, China",219
2025-12-10 23:55:16,cloudping Huawei,sa-brazil-1,"Sao Paulo, Brazil",220.5
2025-12-10 23:55:16,cloudping Huawei,ap-southeast-3,Singapore,231
2025-12-10 23:55:16,cloudping Huawei,ap-southeast-2,"Bangkok, Thailand",232
2025-12-10 23:55:16,cloudping Huawei,af-south-1,"Johannesburg, South Africa",278
2025-12-10 23:55:16,cloudping Huawei,la-south-2,"Santiago, Chile",299
2025-12-10 23:55:16,cloudping Huawei,cn-north-1,Beijing 1,180.5
2025-12-10 23:55:16,cloudping Huawei,cn-east-2,Shanghai 2,434.5
2025-12-10 23:55:16,cloudping Huawei,cn-east-3,Shanghai 1,438
2025-12-10 23:55:16,cloudping Huawei,cn-south-1,Guangzhou,466.5
2025-12-10 23:55:16,cloudping Huawei,cn-north-9,Wulanchabu,512.5
2025-12-10 23:55:16,cloudping Huawei,cn-north-4,Beijing 4,569.5
2025-12-10 23:55:16,cloudping Huawei,cn-southwest-2,Guiyang 1,656.5
2025-12-11 00:21:17,cloudping Huawei,na-mexico-1,"Mexico City 1, Mexico",147.5
2025-12-11 00:21:17,cloudping Huawei,la-north-2,"Mexico City 2, Mexico",167
2025-12-11 00:21:17,cloudping Huawei,ap-southeast-3,Singapore,190
2025-12-11 00:21:17,cloudping Huawei,ap-southeast-1,"Hong Kong, China",210.5
2025-12-11 00:21:17,cloudping Huawei,sa-brazil-1,"Sao Paulo, Brazil",223.5
2025-12-11 00:21:17,cloudping Huawei,af-south-1,"Johannesburg, South Africa",229.5
2025-12-11 00:21:17,cloudping Huawei,ap-southeast-2,"Bangkok, Thailand",243.5
2025-12-11 00:21:17,cloudping Huawei,la-south-2,"Santiago, Chile",262.5
2025-12-11 00:21:17,cloudping Huawei,na-mexico-1,"Mexico City 1, Mexico",147.5
2025-12-11 00:21:17,cloudping Huawei,la-north-2,"Mexico City 2, Mexico",167
2025-12-11 00:21:17,cloudping Huawei,ap-southeast-3,Singapore,190
2025-12-11 00:21:17,cloudping Huawei,ap-southeast-1,"Hong Kong, China",210.5
2025-12-11 00:21:17,cloudping Huawei,sa-brazil-1,"Sao Paulo, Brazil",223.5
2025-12-11 00:21:17,cloudping Huawei,af-south-1,"Johannesburg, South Africa",229.5
2025-12-11 00:21:17,cloudping Huawei,ap-southeast-2,"Bangkok, Thailand",243.5
2025-12-11 00:21:17,cloudping Huawei,la-south-2,"Santiago, Chile",262.5
2025-12-11 00:21:17,cloudping Huawei,cn-east-2,Shanghai 2,216.5
2025-12-11 00:21:17,cloudping Huawei,cn-north-4,Beijing 4,233
2025-12-11 00:21:17,cloudping Huawei,cn-south-1,Guangzhou,234.5
2025-12-11 00:21:17,cloudping Huawei,cn-north-1,Beijing 1,235.5
2025-12-11 00:21:17,cloudping Huawei,cn-southwest-2,Guiyang 1,241.5
2025-12-11 00:21:17,cloudping Huawei,cn-east-3,Shanghai 1,253
2025-12-11 00:21:17,cloudping Huawei,cn-north-9,Wulanchabu,275
2025-12-11 00:47:19,cloudping Huawei,na-mexico-1,"Mexico City 1, Mexico",147
2025-12-11 00:47:19,cloudping Huawei,la-north-2,"Mexico City 2, Mexico",151
2025-12-11 00:47:19,cloudping Huawei,ap-southeast-3,Singapore,186.5
2025-12-11 00:47:19,cloudping Huawei,sa-brazil-1,"Sao Paulo, Brazil",223
2025-12-11 00:47:19,cloudping Huawei,ap-southeast-1,"Hong Kong, China",228.5
2025-12-11 00:47:19,cloudping Huawei,af-south-1,"Johannesburg, South Africa",229.5
2025-12-11 00:47:19,cloudping Huawei,ap-southeast-2,"Bangkok, Thailand",231
2025-12-11 00:47:19,cloudping Huawei,la-south-2,"Santiago, Chile",275
2025-12-11 00:47:19,cloudping Huawei,na-mexico-1,"Mexico City 1, Mexico",147
2025-12-11 00:47:19,cloudping Huawei,la-north-2,"Mexico City 2, Mexico",151
2025-12-11 00:47:19,cloudping Huawei,ap-southeast-3,Singapore,186.5
2025-12-11 00:47:19,cloudping Huawei,sa-brazil-1,"Sao Paulo, Brazil",223
2025-12-11 00:47:19,cloudping Huawei,ap-southeast-1,"Hong Kong, China",228.5
2025-12-11 00:47:19,cloudping Huawei,af-south-1,"Johannesburg, South Africa",229.5
2025-12-11 00:47:19,cloudping Huawei,ap-southeast-2,"Bangkok, Thailand",231
2025-12-11 00:47:19,cloudping Huawei,la-south-2,"Santiago, Chile",275
2025-12-11 00:47:19,cloudping Huawei,cn-east-2,Shanghai 2,199.5
2025-12-11 00:47:19,cloudping Huawei,cn-south-1,Guangzhou,225.5
2025-12-11 00:47:19,cloudping Huawei,cn-east-3,Shanghai 1,241.5
2025-12-11 00:47:19,cloudping Huawei,cn-north-9,Wulanchabu,284
2025-12-11 00:47:19,cloudping Huawei,cn-southwest-2,Guiyang 1,301
2025-12-11 00:47:19,cloudping Huawei,cn-north-1,Beijing 1,451
2025-12-11 00:47:19,cloudping Huawei,cn-north-4,Beijing 4,458
2025-12-11 01:13:17,cloudping Huawei,na-mexico-1,"Mexico City 1, Mexico",144.5
2025-12-11 01:13:17,cloudping Huawei,la-north-2,"Mexico City 2, Mexico",179
2025-12-11 01:13:17,cloudping Huawei,ap-southeast-3,Singapore,189.5
2025-12-11 01:13:17,cloudping Huawei,ap-southeast-1,"Hong Kong, China",216.5
2025-12-11 01:13:17,cloudping Huawei,sa-brazil-1,"Sao Paulo, Brazil",225
2025-12-11 01:13:17,cloudping Huawei,ap-southeast-2,"Bangkok, Thailand",241.5
2025-12-11 01:13:17,cloudping Huawei,af-south-1,"Johannesburg, South Africa",298
2025-12-11 01:13:17,cloudping Huawei,la-south-2,"Santiago, Chile",309
2025-12-11 01:13:17,cloudping Huawei,na-mexico-1,"Mexico City 1, Mexico",144.5
2025-12-11 01:13:17,cloudping Huawei,la-north-2,"Mexico City 2, Mexico",179
2025-12-11 01:13:17,cloudping Huawei,ap-southeast-3,Singapore,189.5
2025-12-11 01:13:17,cloudping Huawei,ap-southeast-1,"Hong Kong, China",216.5
2025-12-11 01:13:17,cloudping Huawei,sa-brazil-1,"Sao Paulo, Brazil",225
2025-12-11 01:13:17,cloudping Huawei,ap-southeast-2,"Bangkok, Thailand",241.5
2025-12-11 01:13:17,cloudping Huawei,af-south-1,"Johannesburg, South Africa",298
2025-12-11 01:13:17,cloudping Huawei,la-south-2,"Santiago, Chile",309
2025-12-11 01:13:17,cloudping Huawei,cn-east-3,Shanghai 1,200
2025-12-11 01:13:17,cloudping Huawei,cn-east-2,Shanghai 2,214.5
2025-12-11 01:13:17,cloudping Huawei,cn-north-1,Beijing 1,455.5
2025-12-11 01:13:17,cloudping Huawei,cn-south-1,Guangzhou,466
2025-12-11 01:13:17,cloudping Huawei,cn-north-4,Beijing 4,500.5
2025-12-11 01:13:17,cloudping Huawei,cn-north-9,Wulanchabu,592
2025-12-11 01:13:17,cloudping Huawei,cn-southwest-2,Guiyang 1,702
2025-12-11 01:39:18,cloudping Huawei,na-mexico-1,"Mexico City 1, Mexico",145.5
2025-12-11 01:39:18,cloudping Huawei,ap-southeast-3,Singapore,193.5
2025-12-11 01:39:18,cloudping Huawei,la-north-2,"Mexico City 2, Mexico",201.5
2025-12-11 01:39:18,cloudping Huawei,ap-southeast-1,"Hong Kong, China",218.5
2025-12-11 01:39:18,cloudping Huawei,sa-brazil-1,"Sao Paulo, Brazil",225.5
2025-12-11 01:39:18,cloudping Huawei,la-south-2,"Santiago, Chile",235
2025-12-11 01:39:18,cloudping Huawei,ap-southeast-2,"Bangkok, Thailand",306.5
2025-12-11 01:39:18,cloudping Huawei,af-south-1,"Johannesburg, South Africa",310.5
2025-12-11 01:39:18,cloudping Huawei,na-mexico-1,"Mexico City 1, Mexico",145.5
2025-12-11 01:39:18,cloudping Huawei,ap-southeast-3,Singapore,193.5
2025-12-11 01:39:18,cloudping Huawei,la-north-2,"Mexico City 2, Mexico",201.5
2025-12-11 01:39:18,cloudping Huawei,ap-southeast-1,"Hong Kong, China",218.5
2025-12-11 01:39:18,cloudping Huawei,sa-brazil-1,"Sao Paulo, Brazil",225.5
2025-12-11 01:39:18,cloudping Huawei,la-south-2,"Santiago, Chile",235
2025-12-11 01:39:18,cloudping Huawei,ap-southeast-2,"Bangkok, Thailand",306.5
2025-12-11 01:39:18,cloudping Huawei,af-south-1,"Johannesburg, South Africa",310.5
2025-12-11 01:39:18,cloudping Huawei,cn-east-2,Shanghai 2,212
2025-12-11 01:39:18,cloudping Huawei,cn-east-3,Shanghai 1,212
2025-12-11 01:39:18,cloudping Huawei,cn-southwest-2,Guiyang 1,250.5
2025-12-11 01:39:18,cloudping Huawei,cn-north-1,Beijing 1,420
2025-12-11 01:39:18,cloudping Huawei,cn-north-4,Beijing 4,475.5
2025-12-11 01:39:18,cloudping Huawei,cn-south-1,Guangzhou,479
2025-12-11 01:39:18,cloudping Huawei,cn-north-9,Wulanchabu,542.5
2025-12-11 02:05:17,cloudping Huawei,na-mexico-1,"Mexico City 1, Mexico",145
2025-12-11 02:05:17,cloudping Huawei,la-north-2,"Mexico City 2, Mexico",147.5
2025-12-11 02:05:17,cloudping Huawei,ap-southeast-3,Singapore,188.5
2025-12-11 02:05:17,cloudping Huawei,ap-southeast-1,"Hong Kong, China",213
2025-12-11 02:05:17,cloudping Huawei,sa-brazil-1,"Sao Paulo, Brazil",224
2025-12-11 02:05:17,cloudping Huawei,ap-southeast-2,"Bangkok, Thailand",243
2025-12-11 02:05:17,cloudping Huawei,af-south-1,"Johannesburg, South Africa",366.5
2025-12-11 02:05:17,cloudping Huawei,la-south-2,"Santiago, Chile",560
2025-12-11 02:05:17,cloudping Huawei,na-mexico-1,"Mexico City 1, Mexico",145
2025-12-11 02:05:17,cloudping Huawei,la-north-2,"Mexico City 2, Mexico",147.5
2025-12-11 02:05:17,cloudping Huawei,ap-southeast-3,Singapore,188.5
2025-12-11 02:05:17,cloudping Huawei,ap-southeast-1,"Hong Kong, China",213
2025-12-11 02:05:17,cloudping Huawei,sa-brazil-1,"Sao Paulo, Brazil",224
2025-12-11 02:05:17,cloudping Huawei,ap-southeast-2,"Bangkok, Thailand",243
2025-12-11 02:05:17,cloudping Huawei,af-south-1,"Johannesburg, South Africa",366.5
2025-12-11 02:05:17,cloudping Huawei,la-south-2,"Santiago, Chile",560
2025-12-11 02:05:17,cloudping Huawei,cn-southwest-2,Guiyang 1,461
2025-12-11 02:05:17,cloudping Huawei,cn-south-1,Guangzhou,478
2025-12-11 02:05:17,cloudping Huawei,cn-north-4,Beijing 4,484
2025-12-11 02:05:17,cloudping Huawei,cn-north-1,Beijing 1,493
2025-12-11 02:05:17,cloudping Huawei,cn-east-2,Shanghai 2,510
2025-12-11 02:05:17,cloudping Huawei,cn-north-9,Wulanchabu,749.5
2025-12-11 02:05:17,cloudping Huawei,cn-east-3,Shanghai 1,978.5
2025-12-11 02:31:19,cloudping Huawei,na-mexico-1,"Mexico City 1, Mexico",144.5
2025-12-11 02:31:19,cloudping Huawei,la-north-2,"Mexico City 2, Mexico",151
2025-12-11 02:31:19,cloudping Huawei,ap-southeast-3,Singapore,189.5
2025-12-11 02:31:19,cloudping Huawei,ap-southeast-1,"Hong Kong, China",226
2025-12-11 02:31:19,cloudping Huawei,sa-brazil-1,"Sao Paulo, Brazil",227.5
2025-12-11 02:31:19,cloudping Huawei,la-south-2,"Santiago, Chile",238.5
2025-12-11 02:31:19,cloudping Huawei,ap-southeast-2,"Bangkok, Thailand",245.5
2025-12-11 02:31:19,cloudping Huawei,af-south-1,"Johannesburg, South Africa",295
2025-12-11 02:31:19,cloudping Huawei,na-mexico-1,"Mexico City 1, Mexico",144.5
2025-12-11 02:31:19,cloudping Huawei,la-north-2,"Mexico City 2, Mexico",151
2025-12-11 02:31:19,cloudping Huawei,ap-southeast-3,Singapore,189.5
2025-12-11 02:31:19,cloudping Huawei,ap-southeast-1,"Hong Kong, China",226
2025-12-11 02:31:19,cloudping Huawei,sa-brazil-1,"Sao Paulo, Brazil",227.5
2025-12-11 02:31:19,cloudping Huawei,la-south-2,"Santiago, Chile",238.5
2025-12-11 02:31:19,cloudping Huawei,ap-southeast-2,"Bangkok, Thailand",245.5
2025-12-11 02:31:19,cloudping Huawei,af-south-1,"Johannesburg, South Africa",295
2025-12-11 02:31:19,cloudping Huawei,cn-north-1,Beijing 1,208
2025-12-11 02:31:19,cloudping Huawei,cn-north-9,Wulanchabu,273.5
2025-12-11 02:31:19,cloudping Huawei,cn-north-4,Beijing 4,288
2025-12-11 02:31:19,cloudping Huawei,cn-east-3,Shanghai 1,432
2025-12-11 02:31:19,cloudping Huawei,cn-east-2,Shanghai 2,451.5
2025-12-11 02:31:19,cloudping Huawei,cn-south-1,Guangzhou,484.5
2025-12-11 02:31:19,cloudping Huawei,cn-southwest-2,Guiyang 1,533.5
2025-12-11 02:57:18,cloudping Huawei,na-mexico-1,"Mexico City 1, Mexico",143
2025-12-11 02:57:18,cloudping Huawei,la-north-2,"Mexico City 2, Mexico",162
2025-12-11 02:57:18,cloudping Huawei,ap-southeast-3,Singapore,190.5
2025-12-11 02:57:18,cloudping Huawei,ap-southeast-1,"Hong Kong, China",213.5
2025-12-11 02:57:18,cloudping Huawei,sa-brazil-1,"Sao Paulo, Brazil",217.5
2025-12-11 02:57:18,cloudping Huawei,ap-southeast-2,"Bangkok, Thailand",242.5
2025-12-11 02:57:18,cloudping Huawei,la-south-2,"Santiago, Chile",255.5
2025-12-11 02:57:18,cloudping Huawei,af-south-1,"Johannesburg, South Africa",399.5
2025-12-11 02:57:18,cloudping Huawei,na-mexico-1,"Mexico City 1, Mexico",143
2025-12-11 02:57:18,cloudping Huawei,la-north-2,"Mexico City 2, Mexico",162
2025-12-11 02:57:18,cloudping Huawei,ap-southeast-3,Singapore,190.5
2025-12-11 02:57:18,cloudping Huawei,ap-southeast-1,"Hong Kong, China",213.5
2025-12-11 02:57:18,cloudping Huawei,sa-brazil-1,"Sao Paulo, Brazil",217.5
2025-12-11 02:57:18,cloudping Huawei,ap-southeast-2,"Bangkok, Thailand",242.5
2025-12-11 02:57:18,cloudping Huawei,la-south-2,"Santiago, Chile",255.5
2025-12-11 02:57:18,cloudping Huawei,af-south-1,"Johannesburg, South Africa",399.5
2025-12-11 02:57:18,cloudping Huawei,cn-north-4,Beijing 4,212
2025-12-11 02:57:18,cloudping Huawei,cn-east-2,Shanghai 2,217.5
2025-12-11 02:57:18,cloudping Huawei,cn-north-1,Beijing 1,247
2025-12-11 02:57:18,cloudping Huawei,cn-south-1,Guangzhou,248.5
2025-12-11 02:57:18,cloudping Huawei,cn-southwest-2,Guiyang 1,262
2025-12-11 02:57:18,cloudping Huawei,cn-north-9,Wulanchabu,281.5
2025-12-11 02:57:18,cloudping Huawei,cn-east-3,Shanghai 1,359
2025-12-11 03:23:18,cloudping Huawei,la-north-2,"Mexico City 2, Mexico",154.5
2025-12-11 03:23:18,cloudping Huawei,na-mexico-1,"Mexico City 1, Mexico",156
2025-12-11 03:23:18,cloudping Huawei,sa-brazil-1,"Sao Paulo, Brazil",223.5
2025-12-11 03:23:18,cloudping Huawei,ap-southeast-1,"Hong Kong, China",226.5
2025-12-11 03:23:18,cloudping Huawei,la-south-2,"Santiago, Chile",232
2025-12-11 03:23:18,cloudping Huawei,ap-southeast-3,Singapore,237.5
2025-12-11 03:23:18,cloudping Huawei,af-south-1,"Johannesburg, South Africa",310.5
2025-12-11 03:23:18,cloudping Huawei,ap-southeast-2,"Bangkok, Thailand",328.5
2025-12-11 03:23:18,cloudping Huawei,la-north-2,"Mexico City 2, Mexico",154.5
2025-12-11 03:23:18,cloudping Huawei,na-mexico-1,"Mexico City 1, Mexico",156
2025-12-11 03:23:18,cloudping Huawei,sa-brazil-1,"Sao Paulo, Brazil",223.5
2025-12-11 03:23:18,cloudping Huawei,ap-southeast-1,"Hong Kong, China",226.5
2025-12-11 03:23:18,cloudping Huawei,la-south-2,"Santiago, Chile",232
2025-12-11 03:23:18,cloudping Huawei,ap-southeast-3,Singapore,237.5
2025-12-11 03:23:18,cloudping Huawei,af-south-1,"Johannesburg, South Africa",310.5
2025-12-11 03:23:18,cloudping Huawei,ap-southeast-2,"Bangkok, Thailand",328.5
2025-12-11 03:23:18,cloudping Huawei,cn-east-2,Shanghai 2,207
2025-12-11 03:23:18,cloudping Huawei,cn-east-3,Shanghai 1,212.5
2025-12-11 03:23:18,cloudping Huawei,cn-north-9,Wulanchabu,235
2025-12-11 03:23:18,cloudping Huawei,cn-southwest-2,Guiyang 1,247
2025-12-11 03:23:18,cloudping Huawei,cn-south-1,Guangzhou,249.5
2025-12-11 03:23:18,cloudping Huawei,cn-north-4,Beijing 4,304.5
2025-12-11 03:23:18,cloudping Huawei,cn-north-1,Beijing 1,703
2025-12-11 03:49:18,cloudping Huawei,na-mexico-1,"Mexico City 1, Mexico",146.5
2025-12-11 03:49:18,cloudping Huawei,la-north-2,"Mexico City 2, Mexico",149
2025-12-11 03:49:18,cloudping Huawei,ap-southeast-3,Singapore,204.5
2025-12-11 03:49:18,cloudping Huawei,sa-brazil-1,"Sao Paulo, Brazil",223
2025-12-11 03:49:18,cloudping Huawei,ap-southeast-1,"Hong Kong, China",224
2025-12-11 03:49:18,cloudping Huawei,la-south-2,"Santiago, Chile",236
2025-12-11 03:49:18,cloudping Huawei,af-south-1,"Johannesburg, South Africa",245.5
2025-12-11 03:49:18,cloudping Huawei,ap-southeast-2,"Bangkok, Thailand",246
2025-12-11 03:49:18,cloudping Huawei,na-mexico-1,"Mexico City 1, Mexico",146.5
2025-12-11 03:49:18,cloudping Huawei,la-north-2,"Mexico City 2, Mexico",149
2025-12-11 03:49:18,cloudping Huawei,ap-southeast-3,Singapore,204.5
2025-12-11 03:49:18,cloudping Huawei,sa-brazil-1,"Sao Paulo, Brazil",223
2025-12-11 03:49:18,cloudping Huawei,ap-southeast-1,"Hong Kong, China",224
2025-12-11 03:49:18,cloudping Huawei,la-south-2,"Santiago, Chile",236
2025-12-11 03:49:18,cloudping Huawei,af-south-1,"Johannesburg, South Africa",245.5
2025-12-11 03:49:18,cloudping Huawei,ap-southeast-2,"Bangkok, Thailand",246
2025-12-11 03:49:18,cloudping Huawei,cn-east-2,Shanghai 2,201
2025-12-11 03:49:18,cloudping Huawei,cn-north-1,Beijing 1,230.5
2025-12-11 03:49:18,cloudping Huawei,cn-south-1,Guangzhou,232.5
2025-12-11 03:49:18,cloudping Huawei,cn-north-9,Wulanchabu,236
2025-12-11 03:49:18,cloudping Huawei,cn-southwest-2,Guiyang 1,339.5
2025-12-11 03:49:18,cloudping Huawei,cn-east-3,Shanghai 1,872
2025-12-11 03:49:18,cloudping Huawei,cn-north-4,Beijing 4,893
2025-12-11 04:15:19,cloudping Huawei,na-mexico-1,"Mexico City 1, Mexico",144.5
2025-12-11 04:15:19,cloudping Huawei,la-north-2,"Mexico City 2, Mexico",149
2025-12-11 04:15:19,cloudping Huawei,ap-southeast-3,Singapore,191.5
2025-12-11 04:15:19,cloudping Huawei,ap-southeast-1,"Hong Kong, China",220
2025-12-11 04:15:19,cloudping Huawei,la-south-2,"Santiago, Chile",233
2025-12-11 04:15:19,cloudping Huawei,ap-southeast-2,"Bangkok, Thailand",233
2025-12-11 04:15:19,cloudping Huawei,sa-brazil-1,"Sao Paulo, Brazil",234
2025-12-11 04:15:19,cloudping Huawei,af-south-1,"Johannesburg, South Africa",275.5
2025-12-11 04:15:19,cloudping Huawei,na-mexico-1,"Mexico City 1, Mexico",144.5
2025-12-11 04:15:19,cloudping Huawei,la-north-2,"Mexico City 2, Mexico",149
2025-12-11 04:15:19,cloudping Huawei,ap-southeast-3,Singapore,191.5
2025-12-11 04:15:19,cloudping Huawei,ap-southeast-1,"Hong Kong, China",220
2025-12-11 04:15:19,cloudping Huawei,la-south-2,"Santiago, Chile",233
2025-12-11 04:15:19,cloudping Huawei,ap-southeast-2,"Bangkok, Thailand",233
2025-12-11 04:15:19,cloudping Huawei,sa-brazil-1,"Sao Paulo, Brazil",234
2025-12-11 04:15:19,cloudping Huawei,af-south-1,"Johannesburg, South Africa",275.5
2025-12-11 04:15:19,cloudping Huawei,cn-east-3,Shanghai 1,201
2025-12-11 04:15:19,cloudping Huawei,cn-east-2,Shanghai 2,208.5
2025-12-11 04:15:19,cloudping Huawei,cn-south-1,Guangzhou,474.5
2025-12-11 04:15:19,cloudping Huawei,cn-north-4,Beijing 4,477.5
2025-12-11 04:15:19,cloudping Huawei,cn-north-1,Beijing 1,477.5
2025-12-11 04:15:19,cloudping Huawei,cn-southwest-2,Guiyang 1,543.5
2025-12-11 04:15:19,cloudping Huawei,cn-north-9,Wulanchabu,914.5
2025-12-11 04:41:18,cloudping Huawei,la-north-2,"Mexico City 2, Mexico",146
2025-12-11 04:41:18,cloudping Huawei,na-mexico-1,"Mexico City 1, Mexico",146.5
2025-12-11 04:41:18,cloudping Huawei,ap-southeast-3,Singapore,193
2025-12-11 04:41:18,cloudping Huawei,ap-southeast-1,"Hong Kong, China",215.5
2025-12-11 04:41:18,cloudping Huawei,sa-brazil-1,"Sao Paulo, Brazil",226
2025-12-11 04:41:18,cloudping Huawei,ap-southeast-2,"Bangkok, Thailand",236.5
2025-12-11 04:41:18,cloudping Huawei,af-south-1,"Johannesburg, South Africa",263
2025-12-11 04:41:18,cloudping Huawei,la-south-2,"Santiago, Chile",269.5
2025-12-11 04:41:18,cloudping Huawei,la-north-2,"Mexico City 2, Mexico",146
2025-12-11 04:41:18,cloudping Huawei,na-mexico-1,"Mexico City 1, Mexico",146.5
2025-12-11 04:41:18,cloudping Huawei,ap-southeast-3,Singapore,193
2025-12-11 04:41:18,cloudping Huawei,ap-southeast-1,"Hong Kong, China",215.5
2025-12-11 04:41:18,cloudping Huawei,sa-brazil-1,"Sao Paulo, Brazil",226
2025-12-11 04:41:18,cloudping Huawei,ap-southeast-2,"Bangkok, Thailand",236.5
2025-12-11 04:41:18,cloudping Huawei,af-south-1,"Johannesburg, South Africa",263
2025-12-11 04:41:18,cloudping Huawei,la-south-2,"Santiago, Chile",269.5
2025-12-11 04:41:18,cloudping Huawei,cn-north-9,Wulanchabu,233
2025-12-11 04:41:18,cloudping Huawei,cn-south-1,Guangzhou,242.5
2025-12-11 04:41:18,cloudping Huawei,cn-east-2,Shanghai 2,248
2025-12-11 04:41:18,cloudping Huawei,cn-north-4,Beijing 4,258.5
2025-12-11 04:41:18,cloudping Huawei,cn-north-1,Beijing 1,261
2025-12-11 04:41:18,cloudping Huawei,cn-east-3,Shanghai 1,266
2025-12-11 04:41:18,cloudping Huawei,cn-southwest-2,Guiyang 1,314.5
2025-12-11 05:07:18,cloudping Huawei,na-mexico-1,"Mexico City 1, Mexico",153.5
2025-12-11 05:07:18,cloudping Huawei,la-north-2,"Mexico City 2, Mexico",185
2025-12-11 05:07:18,cloudping Huawei,ap-southeast-3,Singapore,191.5
2025-12-11 05:07:18,cloudping Huawei,ap-southeast-1,"Hong Kong, China",215
2025-12-11 05:07:18,cloudping Huawei,sa-brazil-1,"Sao Paulo, Brazil",230.5
2025-12-11 05:07:18,cloudping Huawei,ap-southeast-2,"Bangkok, Thailand",231.5
2025-12-11 05:07:18,cloudping Huawei,la-south-2,"Santiago, Chile",244
2025-12-11 05:07:18,cloudping Huawei,af-south-1,"Johannesburg, South Africa",257
2025-12-11 05:07:18,cloudping Huawei,na-mexico-1,"Mexico City 1, Mexico",153.5
2025-12-11 05:07:18,cloudping Huawei,la-north-2,"Mexico City 2, Mexico",185
2025-12-11 05:07:18,cloudping Huawei,ap-southeast-3,Singapore,191.5
2025-12-11 05:07:18,cloudping Huawei,ap-southeast-1,"Hong Kong, China",215
2025-12-11 05:07:18,cloudping Huawei,sa-brazil-1,"Sao Paulo, Brazil",230.5
2025-12-11 05:07:18,cloudping Huawei,ap-southeast-2,"Bangkok, Thailand",231.5
2025-12-11 05:07:18,cloudping Huawei,la-south-2,"Santiago, Chile",244
2025-12-11 05:07:18,cloudping Huawei,af-south-1,"Johannesburg, South Africa",257
2025-12-11 05:07:18,cloudping Huawei,cn-east-3,Shanghai 1,469.5
2025-12-11 05:07:18,cloudping Huawei,cn-north-1,Beijing 1,522.5
2025-12-11 05:07:18,cloudping Huawei,cn-southwest-2,Guiyang 1,544
2025-12-11 05:07:18,cloudping Huawei,cn-north-9,Wulanchabu,611.5
2025-12-11 05:07:18,cloudping Huawei,cn-north-4,Beijing 4,843
2025-12-11 05:07:18,cloudping Huawei,cn-south-1,Guangzhou,1050
2025-12-11 05:07:18,cloudping Huawei,cn-east-2,Shanghai 2,1139
2025-12-11 05:33:18,cloudping Huawei,la-north-2,"Mexico City 2, Mexico",147
2025-12-11 05:33:18,cloudping Huawei,na-mexico-1,"Mexico City 1, Mexico",159
2025-12-11 05:33:18,cloudping Huawei,ap-southeast-3,Singapore,187.5
2025-12-11 05:33:18,cloudping Huawei,ap-southeast-1,"Hong Kong, China",216.5
2025-12-11 05:33:18,cloudping Huawei,sa-brazil-1,"Sao Paulo, Brazil",223
2025-12-11 05:33:18,cloudping Huawei,af-south-1,"Johannesburg, South Africa",234
2025-12-11 05:33:18,cloudping Huawei,ap-southeast-2,"Bangkok, Thailand",237.5
2025-12-11 05:33:18,cloudping Huawei,la-south-2,"Santiago, Chile",241
2025-12-11 05:33:18,cloudping Huawei,la-north-2,"Mexico City 2, Mexico",147
2025-12-11 05:33:18,cloudping Huawei,na-mexico-1,"Mexico City 1, Mexico",159
2025-12-11 05:33:18,cloudping Huawei,ap-southeast-3,Singapore,187.5
2025-12-11 05:33:18,cloudping Huawei,ap-southeast-1,"Hong Kong, China",216.5
2025-12-11 05:33:18,cloudping Huawei,sa-brazil-1,"Sao Paulo, Brazil",223
2025-12-11 05:33:18,cloudping Huawei,af-south-1,"Johannesburg, South Africa",234
2025-12-11 05:33:18,cloudping Huawei,ap-southeast-2,"Bangkok, Thailand",237.5
2025-12-11 05:33:18,cloudping Huawei,la-south-2,"Santiago, Chile",241
2025-12-11 05:33:18,cloudping Huawei,cn-east-2,Shanghai 2,399
2025-12-11 05:33:18,cloudping Huawei,cn-north-4,Beijing 4,460.5
2025-12-11 05:33:18,cloudping Huawei,cn-north-1,Beijing 1,489
2025-12-11 05:33:18,cloudping Huawei,cn-south-1,Guangzhou,490
2025-12-11 05:33:18,cloudping Huawei,cn-southwest-2,Guiyang 1,544
2025-12-11 05:33:18,cloudping Huawei,cn-east-3,Shanghai 1,729
2025-12-11 05:33:18,cloudping Huawei,cn-north-9,Wulanchabu,1235.5
2025-12-11 05:59:19,cloudping Huawei,la-north-2,"Mexico City 2, Mexico",147
2025-12-11 05:59:19,cloudping Huawei,na-mexico-1,"Mexico City 1, Mexico",152
2025-12-11 05:59:19,cloudping Huawei,ap-southeast-3,Singapore,195.5
2025-12-11 05:59:19,cloudping Huawei,ap-southeast-1,"Hong Kong, China",223
2025-12-11 05:59:19,cloudping Huawei,sa-brazil-1,"Sao Paulo, Brazil",226
2025-12-11 05:59:19,cloudping Huawei,af-south-1,"Johannesburg, South Africa",229.5
2025-12-11 05:59:19,cloudping Huawei,la-south-2,"Santiago, Chile",237.5
2025-12-11 05:59:19,cloudping Huawei,ap-southeast-2,"Bangkok, Thailand",254
2025-12-11 05:59:19,cloudping Huawei,la-north-2,"Mexico City 2, Mexico",147
2025-12-11 05:59:19,cloudping Huawei,na-mexico-1,"Mexico City 1, Mexico",152
2025-12-11 05:59:19,cloudping Huawei,ap-southeast-3,Singapore,195.5
2025-12-11 05:59:19,cloudping Huawei,ap-southeast-1,"Hong Kong, China",223
2025-12-11 05:59:19,cloudping Huawei,sa-brazil-1,"Sao Paulo, Brazil",226
2025-12-11 05:59:19,cloudping Huawei,af-south-1,"Johannesburg, South Africa",229.5
2025-12-11 05:59:19,cloudping Huawei,la-south-2,"Santiago, Chile",237.5
2025-12-11 05:59:19,cloudping Huawei,ap-southeast-2,"Bangkok, Thailand",254
2025-12-11 05:59:19,cloudping Huawei,cn-north-1,Beijing 1,187.5
2025-12-11 05:59:19,cloudping Huawei,cn-east-3,Shanghai 1,233.5
2025-12-11 05:59:19,cloudping Huawei,cn-south-1,Guangzhou,237.5
2025-12-11 05:59:19,cloudping Huawei,cn-north-9,Wulanchabu,285.5
2025-12-11 05:59:19,cloudping Huawei,cn-southwest-2,Guiyang 1,305
2025-12-11 05:59:19,cloudping Huawei,cn-north-4,Beijing 4,620.5
2025-12-11 05:59:19,cloudping Huawei,cn-east-2,Shanghai 2,807
2025-12-11 06:25:18,cloudping Huawei,la-north-2,"Mexico City 2, Mexico",167
2025-12-11 06:25:18,cloudping Huawei,ap-southeast-3,Singapore,190
2025-12-11 06:25:18,cloudping Huawei,ap-southeast-1,"Hong Kong, China",225.5
2025-12-11 06:25:18,cloudping Huawei,ap-southeast-2,"Bangkok, Thailand",239
2025-12-11 06:25:18,cloudping Huawei,la-south-2,"Santiago, Chile",240
2025-12-11 06:25:18,cloudping Huawei,af-south-1,"Johannesburg, South Africa",256
2025-12-11 06:25:18,cloudping Huawei,sa-brazil-1,"Sao Paulo, Brazil",263
2025-12-11 06:25:18,cloudping Huawei,na-mexico-1,"Mexico City 1, Mexico",328.5
2025-12-11 06:25:18,cloudping Huawei,la-north-2,"Mexico City 2, Mexico",167
2025-12-11 06:25:18,cloudping Huawei,ap-southeast-3,Singapore,190
2025-12-11 06:25:18,cloudping Huawei,ap-southeast-1,"Hong Kong, China",225.5
2025-12-11 06:25:18,cloudping Huawei,ap-southeast-2,"Bangkok, Thailand",239
2025-12-11 06:25:18,cloudping Huawei,la-south-2,"Santiago, Chile",240
2025-12-11 06:25:18,cloudping Huawei,af-south-1,"Johannesburg, South Africa",256
2025-12-11 06:25:18,cloudping Huawei,sa-brazil-1,"Sao Paulo, Brazil",263
2025-12-11 06:25:18,cloudping Huawei,na-mexico-1,"Mexico City 1, Mexico",328.5
2025-12-11 06:25:18,cloudping Huawei,cn-south-1,Guangzhou,238.5
2025-12-11 06:25:18,cloudping Huawei,cn-east-3,Shanghai 1,273
2025-12-11 06:25:18,cloudping Huawei,cn-north-1,Beijing 1,418
2025-12-11 06:25:18,cloudping Huawei,cn-north-9,Wulanchabu,507
2025-12-11 06:25:18,cloudping Huawei,cn-east-2,Shanghai 2,513.5
2025-12-11 06:25:18,cloudping Huawei,cn-southwest-2,Guiyang 1,624
2025-12-11 06:25:18,cloudping Huawei,cn-north-4,Beijing 4,1985.5
2025-12-11 06:51:18,cloudping Huawei,na-mexico-1,"Mexico City 1, Mexico",148.5
2025-12-11 06:51:18,cloudping Huawei,ap-southeast-3,Singapore,188.5
2025-12-11 06:51:18,cloudping Huawei,la-north-2,"Mexico City 2, Mexico",191.5
2025-12-11 06:51:18,cloudping Huawei,ap-southeast-1,"Hong Kong, China",213.5
2025-12-11 06:51:18,cloudping Huawei,sa-brazil-1,"Sao Paulo, Brazil",226.5
2025-12-11 06:51:18,cloudping Huawei,ap-southeast-2,"Bangkok, Thailand",232.5
2025-12-11 06:51:18,cloudping Huawei,af-south-1,"Johannesburg, South Africa",239.5
2025-12-11 06:51:18,cloudping Huawei,la-south-2,"Santiago, Chile",240
2025-12-11 06:51:18,cloudping Huawei,na-mexico-1,"Mexico City 1, Mexico",148.5
2025-12-11 06:51:18,cloudping Huawei,ap-southeast-3,Singapore,188.5
2025-12-11 06:51:18,cloudping Huawei,la-north-2,"Mexico City 2, Mexico",191.5
2025-12-11 06:51:18,cloudping Huawei,ap-southeast-1,"Hong Kong, China",213.5
2025-12-11 06:51:18,cloudping Huawei,sa-brazil-1,"Sao Paulo, Brazil",226.5
2025-12-11 06:51:18,cloudping Huawei,ap-southeast-2,"Bangkok, Thailand",232.5
2025-12-11 06:51:18,cloudping Huawei,af-south-1,"Johannesburg, South Africa",239.5
2025-12-11 06:51:18,cloudping Huawei,la-south-2,"Santiago, Chile",240
2025-12-11 06:51:18,cloudping Huawei,cn-east-3,Shanghai 1,208.5
2025-12-11 06:51:18,cloudping Huawei,cn-south-1,Guangzhou,233.5
2025-12-11 06:51:18,cloudping Huawei,cn-north-1,Beijing 1,233.5
2025-12-11 06:51:18,cloudping Huawei,cn-southwest-2,Guiyang 1,237
2025-12-11 06:51:18,cloudping Huawei,cn-east-2,Shanghai 2,249
2025-12-11 06:51:18,cloudping Huawei,cn-north-4,Beijing 4,275
2025-12-11 06:51:18,cloudping Huawei,cn-north-9,Wulanchabu,293.5
2025-12-11 07:17:19,cloudping Huawei,la-north-2,"Mexico City 2, Mexico",148
2025-12-11 07:17:19,cloudping Huawei,na-mexico-1,"Mexico City 1, Mexico",180.5
2025-12-11 07:17:19,cloudping Huawei,ap-southeast-3,Singapore,209.5
2025-12-11 07:17:19,cloudping Huawei,ap-southeast-1,"Hong Kong, China",214
2025-12-11 07:17:19,cloudping Huawei,sa-brazil-1,"Sao Paulo, Brazil",225.5
2025-12-11 07:17:19,cloudping Huawei,la-south-2,"Santiago, Chile",242.5
2025-12-11 07:17:19,cloudping Huawei,ap-southeast-2,"Bangkok, Thailand",247
2025-12-11 07:17:19,cloudping Huawei,af-south-1,"Johannesburg, South Africa",276
2025-12-11 07:17:19,cloudping Huawei,la-north-2,"Mexico City 2, Mexico",148
2025-12-11 07:17:19,cloudping Huawei,na-mexico-1,"Mexico City 1, Mexico",180.5
2025-12-11 07:17:19,cloudping Huawei,ap-southeast-3,Singapore,209.5
2025-12-11 07:17:19,cloudping Huawei,ap-southeast-1,"Hong Kong, China",214
2025-12-11 07:17:19,cloudping Huawei,sa-brazil-1,"Sao Paulo, Brazil",225.5
2025-12-11 07:17:19,cloudping Huawei,la-south-2,"Santiago, Chile",242.5
2025-12-11 07:17:19,cloudping Huawei,ap-southeast-2,"Bangkok, Thailand",247
2025-12-11 07:17:19,cloudping Huawei,af-south-1,"Johannesburg, South Africa",276
2025-12-11 07:17:19,cloudping Huawei,cn-north-1,Beijing 1,195.5
2025-12-11 07:17:19,cloudping Huawei,cn-east-2,Shanghai 2,217
2025-12-11 07:17:19,cloudping Huawei,cn-south-1,Guangzhou,231.5
2025-12-11 07:17:19,cloudping Huawei,cn-north-4,Beijing 4,263
2025-12-11 07:17:19,cloudping Huawei,cn-southwest-2,Guiyang 1,278
2025-12-11 07:17:19,cloudping Huawei,cn-east-3,Shanghai 1,280
2025-12-11 07:17:19,cloudping Huawei,cn-north-9,Wulanchabu,315.5
2025-12-11 07:43:19,cloudping Huawei,na-mexico-1,"Mexico City 1, Mexico",146.5
2025-12-11 07:43:19,cloudping Huawei,la-north-2,"Mexico City 2, Mexico",149
2025-12-11 07:43:19,cloudping Huawei,ap-southeast-3,Singapore,190
2025-12-11 07:43:19,cloudping Huawei,ap-southeast-1,"Hong Kong, China",217
2025-12-11 07:43:19,cloudping Huawei,sa-brazil-1,"Sao Paulo, Brazil",232
2025-12-11 07:43:19,cloudping Huawei,la-south-2,"Santiago, Chile",237.5
2025-12-11 07:43:19,cloudping Huawei,af-south-1,"Johannesburg, South Africa",238
2025-12-11 07:43:19,cloudping Huawei,ap-southeast-2,"Bangkok, Thailand",250.5
2025-12-11 07:43:19,cloudping Huawei,na-mexico-1,"Mexico City 1, Mexico",146.5
2025-12-11 07:43:19,cloudping Huawei,la-north-2,"Mexico City 2, Mexico",149
2025-12-11 07:43:19,cloudping Huawei,ap-southeast-3,Singapore,190
2025-12-11 07:43:19,cloudping Huawei,ap-southeast-1,"Hong Kong, China",217
2025-12-11 07:43:19,cloudping Huawei,sa-brazil-1,"Sao Paulo, Brazil",232
2025-12-11 07:43:19,cloudping Huawei,la-south-2,"Santiago, Chile",237.5
2025-12-11 07:43:19,cloudping Huawei,af-south-1,"Johannesburg, South Africa",238
2025-12-11 07:43:19,cloudping Huawei,ap-southeast-2,"Bangkok, Thailand",250.5
2025-12-11 07:43:19,cloudping Huawei,cn-east-2,Shanghai 2,271
2025-12-11 07:43:19,cloudping Huawei,cn-north-1,Beijing 1,470.5
2025-12-11 07:43:19,cloudping Huawei,cn-south-1,Guangzhou,475.5
2025-12-11 07:43:19,cloudping Huawei,cn-southwest-2,Guiyang 1,498
2025-12-11 07:43:19,cloudping Huawei,cn-north-9,Wulanchabu,557.5
2025-12-11 07:43:19,cloudping Huawei,cn-east-3,Shanghai 1,652.5
2025-12-11 07:43:19,cloudping Huawei,cn-north-4,Beijing 4,689.5
2025-12-11 08:09:19,cloudping Huawei,la-north-2,"Mexico City 2, Mexico",156
2025-12-11 08:09:19,cloudping Huawei,na-mexico-1,"Mexico City 1, Mexico",157
2025-12-11 08:09:19,cloudping Huawei,ap-southeast-3,Singapore,188.5
2025-12-11 08:09:19,cloudping Huawei,ap-southeast-1,"Hong Kong, China",214.5
2025-12-11 08:09:19,cloudping Huawei,la-south-2,"Santiago, Chile",231.5
2025-12-11 08:09:19,cloudping Huawei,ap-southeast-2,"Bangkok, Thailand",231.5
2025-12-11 08:09:19,cloudping Huawei,af-south-1,"Johannesburg, South Africa",250.5
2025-12-11 08:09:19,cloudping Huawei,sa-brazil-1,"Sao Paulo, Brazil",551.5
2025-12-11 08:09:19,cloudping Huawei,la-north-2,"Mexico City 2, Mexico",156
2025-12-11 08:09:19,cloudping Huawei,na-mexico-1,"Mexico City 1, Mexico",157
2025-12-11 08:09:19,cloudping Huawei,ap-southeast-3,Singapore,188.5
2025-12-11 08:09:19,cloudping Huawei,ap-southeast-1,"Hong Kong, China",214.5
2025-12-11 08:09:19,cloudping Huawei,la-south-2,"Santiago, Chile",231.5
2025-12-11 08:09:19,cloudping Huawei,ap-southeast-2,"Bangkok, Thailand",231.5
2025-12-11 08:09:19,cloudping Huawei,af-south-1,"Johannesburg, South Africa",250.5
2025-12-11 08:09:19,cloudping Huawei,sa-brazil-1,"Sao Paulo, Brazil",551.5
2025-12-11 08:09:19,cloudping Huawei,cn-east-2,Shanghai 2,446.5
2025-12-11 08:09:19,cloudping Huawei,cn-north-1,Beijing 1,465
2025-12-11 08:09:19,cloudping Huawei,cn-north-4,Beijing 4,501.5
2025-12-11 08:09:19,cloudping Huawei,cn-north-9,Wulanchabu,538.5
2025-12-11 08:09:19,cloudping Huawei,cn-south-1,Guangzhou,562.5
2025-12-11 08:09:19,cloudping Huawei,cn-southwest-2,Guiyang 1,694
2025-12-11 08:09:19,cloudping Huawei,cn-east-3,Shanghai 1,870
2025-12-11 08:35:20,cloudping Huawei,la-north-2,"Mexico City 2, Mexico",155
2025-12-11 08:35:20,cloudping Huawei,na-mexico-1,"Mexico City 1, Mexico",159
2025-12-11 08:35:20,cloudping Huawei,ap-southeast-3,Singapore,189.5
2025-12-11 08:35:20,cloudping Huawei,ap-southeast-1,"Hong Kong, China",221.5
2025-12-11 08:35:20,cloudping Huawei,sa-brazil-1,"Sao Paulo, Brazil",225.5
2025-12-11 08:35:20,cloudping Huawei,ap-southeast-2,"Bangkok, Thailand",233.5
2025-12-11 08:35:20,cloudping Huawei,la-south-2,"Santiago, Chile",235
2025-12-11 08:35:20,cloudping Huawei,af-south-1,"Johannesburg, South Africa",423
2025-12-11 08:35:20,cloudping Huawei,la-north-2,"Mexico City 2, Mexico",155
2025-12-11 08:35:20,cloudping Huawei,na-mexico-1,"Mexico City 1, Mexico",159
2025-12-11 08:35:20,cloudping Huawei,ap-southeast-3,Singapore,189.5
2025-12-11 08:35:20,cloudping Huawei,ap-southeast-1,"Hong Kong, China",221.5
2025-12-11 08:35:20,cloudping Huawei,sa-brazil-1,"Sao Paulo, Brazil",225.5
2025-12-11 08:35:20,cloudping Huawei,ap-southeast-2,"Bangkok, Thailand",233.5
2025-12-11 08:35:20,cloudping Huawei,la-south-2,"Santiago, Chile",235
2025-12-11 08:35:20,cloudping Huawei,af-south-1,"Johannesburg, South Africa",423
2025-12-11 08:35:20,cloudping Huawei,cn-north-1,Beijing 1,231
2025-12-11 08:35:20,cloudping Huawei,cn-north-9,Wulanchabu,237.5
2025-12-11 08:35:20,cloudping Huawei,cn-north-4,Beijing 4,259
2025-12-11 08:35:20,cloudping Huawei,cn-south-1,Guangzhou,311.5
2025-12-11 08:35:20,cloudping Huawei,cn-southwest-2,Guiyang 1,367
2025-12-11 08:35:20,cloudping Huawei,cn-east-3,Shanghai 1,480
2025-12-11 08:35:20,cloudping Huawei,cn-east-2,Shanghai 2,569
2025-12-11 09:01:20,cloudping Huawei,la-north-2,"Mexico City 2, Mexico",151
2025-12-11 09:01:20,cloudping Huawei,na-mexico-1,"Mexico City 1, Mexico",151.5
2025-12-11 09:01:20,cloudping Huawei,ap-southeast-3,Singapore,219.5
2025-12-11 09:01:20,cloudping Huawei,ap-southeast-1,"Hong Kong, China",222.5
2025-12-11 09:01:20,cloudping Huawei,la-south-2,"Santiago, Chile",231
2025-12-11 09:01:20,cloudping Huawei,af-south-1,"Johannesburg, South Africa",237
2025-12-11 09:01:20,cloudping Huawei,ap-southeast-2,"Bangkok, Thailand",237.5
2025-12-11 09:01:20,cloudping Huawei,sa-brazil-1,"Sao Paulo, Brazil",572.5
2025-12-11 09:01:20,cloudping Huawei,la-north-2,"Mexico City 2, Mexico",151
2025-12-11 09:01:20,cloudping Huawei,na-mexico-1,"Mexico City 1, Mexico",151.5
2025-12-11 09:01:20,cloudping Huawei,ap-southeast-3,Singapore,219.5
2025-12-11 09:01:20,cloudping Huawei,ap-southeast-1,"Hong Kong, China",222.5
2025-12-11 09:01:20,cloudping Huawei,la-south-2,"Santiago, Chile",231
2025-12-11 09:01:20,cloudping Huawei,af-south-1,"Johannesburg, South Africa",237
2025-12-11 09:01:20,cloudping Huawei,ap-southeast-2,"Bangkok, Thailand",237.5
2025-12-11 09:01:20,cloudping Huawei,sa-brazil-1,"Sao Paulo, Brazil",572.5
2025-12-11 09:01:20,cloudping Huawei,cn-east-2,Shanghai 2,209.5
2025-12-11 09:01:20,cloudping Huawei,cn-east-3,Shanghai 1,224
2025-12-11 09:01:20,cloudping Huawei,cn-north-1,Beijing 1,227
2025-12-11 09:01:20,cloudping Huawei,cn-south-1,Guangzhou,238
2025-12-11 09:01:20,cloudping Huawei,cn-southwest-2,Guiyang 1,255
2025-12-11 09:01:20,cloudping Huawei,cn-north-4,Beijing 4,268
2025-12-11 09:01:20,cloudping Huawei,cn-north-9,Wulanchabu,280.5
2025-12-11 09:27:22,cloudping Huawei,na-mexico-1,"Mexico City 1, Mexico",147
2025-12-11 09:27:22,cloudping Huawei,la-north-2,"Mexico City 2, Mexico",168.5
2025-12-11 09:27:22,cloudping Huawei,ap-southeast-3,Singapore,198.5
2025-12-11 09:27:22,cloudping Huawei,sa-brazil-1,"Sao Paulo, Brazil",206
2025-12-11 09:27:22,cloudping Huawei,ap-southeast-1,"Hong Kong, China",227.5
2025-12-11 09:27:22,cloudping Huawei,la-south-2,"Santiago, Chile",235.5
2025-12-11 09:27:22,cloudping Huawei,ap-southeast-2,"Bangkok, Thailand",244.5
2025-12-11 09:27:22,cloudping Huawei,af-south-1,"Johannesburg, South Africa",290.5
2025-12-11 09:27:22,cloudping Huawei,na-mexico-1,"Mexico City 1, Mexico",147
2025-12-11 09:27:22,cloudping Huawei,la-north-2,"Mexico City 2, Mexico",168.5
2025-12-11 09:27:22,cloudping Huawei,ap-southeast-3,Singapore,198.5
2025-12-11 09:27:22,cloudping Huawei,sa-brazil-1,"Sao Paulo, Brazil",206
2025-12-11 09:27:22,cloudping Huawei,ap-southeast-1,"Hong Kong, China",227.5
2025-12-11 09:27:22,cloudping Huawei,la-south-2,"Santiago, Chile",235.5
2025-12-11 09:27:22,cloudping Huawei,ap-southeast-2,"Bangkok, Thailand",244.5
2025-12-11 09:27:22,cloudping Huawei,af-south-1,"Johannesburg, South Africa",290.5
2025-12-11 09:27:22,cloudping Huawei,cn-north-4,Beijing 4,222
2025-12-11 09:27:22,cloudping Huawei,cn-south-1,Guangzhou,223
2025-12-11 09:27:22,cloudping Huawei,cn-north-1,Beijing 1,234.5
2025-12-11 09:27:22,cloudping Huawei,cn-east-3,Shanghai 1,242.5
2025-12-11 09:27:22,cloudping Huawei,cn-north-9,Wulanchabu,243.5
2025-12-11 09:27:22,cloudping Huawei,cn-southwest-2,Guiyang 1,257
2025-12-11 09:27:22,cloudping Huawei,cn-east-2,Shanghai 2,282.5
2025-12-11 09:53:20,cloudping Huawei,na-mexico-1,"Mexico City 1, Mexico",155
2025-12-11 09:53:20,cloudping Huawei,la-north-2,"Mexico City 2, Mexico",179.5
2025-12-11 09:53:20,cloudping Huawei,ap-southeast-1,"Hong Kong, China",229
2025-12-11 09:53:20,cloudping Huawei,ap-southeast-3,Singapore,230
2025-12-11 09:53:20,cloudping Huawei,ap-southeast-2,"Bangkok, Thailand",230.5
2025-12-11 09:53:20,cloudping Huawei,la-south-2,"Santiago, Chile",238
2025-12-11 09:53:20,cloudping Huawei,af-south-1,"Johannesburg, South Africa",346
2025-12-11 09:53:20,cloudping Huawei,sa-brazil-1,"Sao Paulo, Brazil",363.5
2025-12-11 09:53:20,cloudping Huawei,na-mexico-1,"Mexico City 1, Mexico",155
2025-12-11 09:53:20,cloudping Huawei,la-north-2,"Mexico City 2, Mexico",179.5
2025-12-11 09:53:20,cloudping Huawei,ap-southeast-1,"Hong Kong, China",229
2025-12-11 09:53:20,cloudping Huawei,ap-southeast-3,Singapore,230
2025-12-11 09:53:20,cloudping Huawei,ap-southeast-2,"Bangkok, Thailand",230.5
2025-12-11 09:53:20,cloudping Huawei,la-south-2,"Santiago, Chile",238
2025-12-11 09:53:20,cloudping Huawei,af-south-1,"Johannesburg, South Africa",346
2025-12-11 09:53:20,cloudping Huawei,sa-brazil-1,"Sao Paulo, Brazil",363.5
2025-12-11 09:53:20,cloudping Huawei,cn-east-2,Shanghai 2,227.5
2025-12-11 09:53:20,cloudping Huawei,cn-north-1,Beijing 1,230
2025-12-11 09:53:20,cloudping Huawei,cn-south-1,Guangzhou,249
2025-12-11 09:53:20,cloudping Huawei,cn-north-4,Beijing 4,275
2025-12-11 09:53:20,cloudping Huawei,cn-southwest-2,Guiyang 1,283.5
2025-12-11 09:53:20,cloudping Huawei,cn-east-3,Shanghai 1,515.5
2025-12-11 09:53:20,cloudping Huawei,cn-north-9,Wulanchabu,561
2025-12-11 10:19:21,cloudping Huawei,la-north-2,"Mexico City 2, Mexico",153
2025-12-11 10:19:21,cloudping Huawei,na-mexico-1,"Mexico City 1, Mexico",166
2025-12-11 10:19:21,cloudping Huawei,ap-southeast-3,Singapore,195.5
2025-12-11 10:19:21,cloudping Huawei,ap-southeast-1,"Hong Kong, China",214.5
2025-12-11 10:19:21,cloudping Huawei,sa-brazil-1,"Sao Paulo, Brazil",231.5
2025-12-11 10:19:21,cloudping Huawei,af-south-1,"Johannesburg, South Africa",235
2025-12-11 10:19:21,cloudping Huawei,ap-southeast-2,"Bangkok, Thailand",244
2025-12-11 10:19:21,cloudping Huawei,la-south-2,"Santiago, Chile",249.5
2025-12-11 10:19:21,cloudping Huawei,la-north-2,"Mexico City 2, Mexico",153
2025-12-11 10:19:21,cloudping Huawei,na-mexico-1,"Mexico City 1, Mexico",166
2025-12-11 10:19:21,cloudping Huawei,ap-southeast-3,Singapore,195.5
2025-12-11 10:19:21,cloudping Huawei,ap-southeast-1,"Hong Kong, China",214.5
2025-12-11 10:19:21,cloudping Huawei,sa-brazil-1,"Sao Paulo, Brazil",231.5
2025-12-11 10:19:21,cloudping Huawei,af-south-1,"Johannesburg, South Africa",235
2025-12-11 10:19:21,cloudping Huawei,ap-southeast-2,"Bangkok, Thailand",244
2025-12-11 10:19:21,cloudping Huawei,la-south-2,"Santiago, Chile",249.5
2025-12-11 10:19:21,cloudping Huawei,cn-east-2,Shanghai 2,209.5
2025-12-11 10:19:21,cloudping Huawei,cn-south-1,Guangzhou,221
2025-12-11 10:19:21,cloudping Huawei,cn-north-1,Beijing 1,239.5
2025-12-11 10:19:21,cloudping Huawei,cn-southwest-2,Guiyang 1,255.5
2025-12-11 10:19:21,cloudping Huawei,cn-north-9,Wulanchabu,280
2025-12-11 10:19:21,cloudping Huawei,cn-east-3,Shanghai 1,315.5
2025-12-11 10:19:21,cloudping Huawei,cn-north-4,Beijing 4,619.5
2025-12-11 10:45:21,cloudping Huawei,la-north-2,"Mexico City 2, Mexico",144.5
2025-12-11 10:45:21,cloudping Huawei,na-mexico-1,"Mexico City 1, Mexico",146
2025-12-11 10:45:21,cloudping Huawei,ap-southeast-3,Singapore,191.5
2025-12-11 10:45:21,cloudping Huawei,ap-southeast-1,"Hong Kong, China",216.5
2025-12-11 10:45:21,cloudping Huawei,sa-brazil-1,"Sao Paulo, Brazil",225.5
2025-12-11 10:45:21,cloudping Huawei,af-south-1,"Johannesburg, South Africa",229
2025-12-11 10:45:21,cloudping Huawei,ap-southeast-2,"Bangkok, Thailand",236
2025-12-11 10:45:21,cloudping Huawei,la-south-2,"Santiago, Chile",249.5
2025-12-11 10:45:21,cloudping Huawei,la-north-2,"Mexico City 2, Mexico",144.5
2025-12-11 10:45:21,cloudping Huawei,na-mexico-1,"Mexico City 1, Mexico",146
2025-12-11 10:45:21,cloudping Huawei,ap-southeast-3,Singapore,191.5
2025-12-11 10:45:21,cloudping Huawei,ap-southeast-1,"Hong Kong, China",216.5
2025-12-11 10:45:21,cloudping Huawei,sa-brazil-1,"Sao Paulo, Brazil",225.5
2025-12-11 10:45:21,cloudping Huawei,af-south-1,"Johannesburg, South Africa",229
2025-12-11 10:45:21,cloudping Huawei,ap-southeast-2,"Bangkok, Thailand",236
2025-12-11 10:45:21,cloudping Huawei,la-south-2,"Santiago, Chile",249.5
2025-12-11 10:45:21,cloudping Huawei,cn-north-1,Beijing 1,190
2025-12-11 10:45:21,cloudping Huawei,cn-east-2,Shanghai 2,198
2025-12-11 10:45:21,cloudping Huawei,cn-east-3,Shanghai 1,228
2025-12-11 10:45:21,cloudping Huawei,cn-south-1,Guangzhou,233
2025-12-11 10:45:21,cloudping Huawei,cn-north-9,Wulanchabu,260
2025-12-11 10:45:21,cloudping Huawei,cn-north-4,Beijing 4,275.5
2025-12-11 10:45:21,cloudping Huawei,cn-southwest-2,Guiyang 1,344
2025-12-11 11:11:21,cloudping Huawei,na-mexico-1,"Mexico City 1, Mexico",148
2025-12-11 11:11:21,cloudping Huawei,la-north-2,"Mexico City 2, Mexico",160
2025-12-11 11:11:21,cloudping Huawei,ap-southeast-3,Singapore,185.5
2025-12-11 11:11:21,cloudping Huawei,ap-southeast-1,"Hong Kong, China",226.5
2025-12-11 11:11:21,cloudping Huawei,af-south-1,"Johannesburg, South Africa",232
2025-12-11 11:11:21,cloudping Huawei,sa-brazil-1,"Sao Paulo, Brazil",235.5
2025-12-11 11:11:21,cloudping Huawei,la-south-2,"Santiago, Chile",236
2025-12-11 11:11:21,cloudping Huawei,ap-southeast-2,"Bangkok, Thailand",238
2025-12-11 11:11:21,cloudping Huawei,na-mexico-1,"Mexico City 1, Mexico",148
2025-12-11 11:11:21,cloudping Huawei,la-north-2,"Mexico City 2, Mexico",160
2025-12-11 11:11:21,cloudping Huawei,ap-southeast-3,Singapore,185.5
2025-12-11 11:11:21,cloudping Huawei,ap-southeast-1,"Hong Kong, China",226.5
2025-12-11 11:11:21,cloudping Huawei,af-south-1,"Johannesburg, South Africa",232
2025-12-11 11:11:21,cloudping Huawei,sa-brazil-1,"Sao Paulo, Brazil",235.5
2025-12-11 11:11:21,cloudping Huawei,la-south-2,"Santiago, Chile",236
2025-12-11 11:11:21,cloudping Huawei,ap-southeast-2,"Bangkok, Thailand",238
2025-12-11 11:11:21,cloudping Huawei,cn-south-1,Guangzhou,232
2025-12-11 11:11:21,cloudping Huawei,cn-east-2,Shanghai 2,232.5
2025-12-11 11:11:21,cloudping Huawei,cn-north-9,Wulanchabu,235
2025-12-11 11:11:21,cloudping Huawei,cn-north-1,Beijing 1,267
2025-12-11 11:11:21,cloudping Huawei,cn-north-4,Beijing 4,273
2025-12-11 11:11:21,cloudping Huawei,cn-southwest-2,Guiyang 1,427.5
2025-12-11 11:11:21,cloudping Huawei,cn-east-3,Shanghai 1,539.5
2025-12-11 11:37:21,cloudping Huawei,na-mexico-1,"Mexico City 1, Mexico",144.5
2025-12-11 11:37:21,cloudping Huawei,la-north-2,"Mexico City 2, Mexico",172
2025-12-11 11:37:21,cloudping Huawei,ap-southeast-3,Singapore,185.5
2025-12-11 11:37:21,cloudping Huawei,ap-southeast-1,"Hong Kong, China",222
2025-12-11 11:37:21,cloudping Huawei,af-south-1,"Johannesburg, South Africa",232
2025-12-11 11:37:21,cloudping Huawei,ap-southeast-2,"Bangkok, Thailand",236.5
2025-12-11 11:37:21,cloudping Huawei,la-south-2,"Santiago, Chile",239.5
2025-12-11 11:37:21,cloudping Huawei,sa-brazil-1,"Sao Paulo, Brazil",562
2025-12-11 11:37:21,cloudping Huawei,na-mexico-1,"Mexico City 1, Mexico",144.5
2025-12-11 11:37:21,cloudping Huawei,la-north-2,"Mexico City 2, Mexico",172
2025-12-11 11:37:21,cloudping Huawei,ap-southeast-3,Singapore,185.5
2025-12-11 11:37:21,cloudping Huawei,ap-southeast-1,"Hong Kong, China",222
2025-12-11 11:37:21,cloudping Huawei,af-south-1,"Johannesburg, South Africa",232
2025-12-11 11:37:21,cloudping Huawei,ap-southeast-2,"Bangkok, Thailand",236.5
2025-12-11 11:37:21,cloudping Huawei,la-south-2,"Santiago, Chile",239.5
2025-12-11 11:37:21,cloudping Huawei,sa-brazil-1,"Sao Paulo, Brazil",562
2025-12-11 11:37:21,cloudping Huawei,cn-east-2,Shanghai 2,216.5
2025-12-11 11:37:21,cloudping Huawei,cn-north-4,Beijing 4,226.5
2025-12-11 11:37:21,cloudping Huawei,cn-south-1,Guangzhou,240.5
2025-12-11 11:37:21,cloudping Huawei,cn-north-1,Beijing 1,271.5
2025-12-11 11:37:21,cloudping Huawei,cn-north-9,Wulanchabu,274
2025-12-11 11:37:21,cloudping Huawei,cn-southwest-2,Guiyang 1,299
2025-12-11 11:37:21,cloudping Huawei,cn-east-3,Shanghai 1,533
2025-12-11 12:29:22,cloudping Huawei,na-mexico-1,"Mexico City 1, Mexico",148.5
2025-12-11 12:29:22,cloudping Huawei,la-north-2,"Mexico City 2, Mexico",176
2025-12-11 12:29:22,cloudping Huawei,ap-southeast-3,Singapore,190.5
2025-12-11 12:29:22,cloudping Huawei,ap-southeast-1,"Hong Kong, China",215.5
2025-12-11 12:29:22,cloudping Huawei,ap-southeast-2,"Bangkok, Thailand",230.5
2025-12-11 12:29:22,cloudping Huawei,af-south-1,"Johannesburg, South Africa",233.5
2025-12-11 12:29:22,cloudping Huawei,sa-brazil-1,"Sao Paulo, Brazil",236
2025-12-11 12:29:22,cloudping Huawei,la-south-2,"Santiago, Chile",285.5
2025-12-11 12:29:22,cloudping Huawei,na-mexico-1,"Mexico City 1, Mexico",148.5
2025-12-11 12:29:22,cloudping Huawei,la-north-2,"Mexico City 2, Mexico",176
2025-12-11 12:29:22,cloudping Huawei,ap-southeast-3,Singapore,190.5
2025-12-11 12:29:22,cloudping Huawei,ap-southeast-1,"Hong Kong, China",215.5
2025-12-11 12:29:22,cloudping Huawei,ap-southeast-2,"Bangkok, Thailand",230.5
2025-12-11 12:29:22,cloudping Huawei,af-south-1,"Johannesburg, South Africa",233.5
2025-12-11 12:29:22,cloudping Huawei,sa-brazil-1,"Sao Paulo, Brazil",236
2025-12-11 12:29:22,cloudping Huawei,la-south-2,"Santiago, Chile",285.5
2025-12-11 12:29:22,cloudping Huawei,cn-north-9,Wulanchabu,225.5
2025-12-11 12:29:22,cloudping Huawei,cn-north-1,Beijing 1,228.5
2025-12-11 12:29:22,cloudping Huawei,cn-southwest-2,Guiyang 1,272
2025-12-11 12:29:22,cloudping Huawei,cn-east-2,Shanghai 2,288.5
2025-12-11 12:29:22,cloudping Huawei,cn-east-3,Shanghai 1,321.5
2025-12-11 12:29:22,cloudping Huawei,cn-south-1,Guangzhou,331
2025-12-11 12:29:22,cloudping Huawei,cn-north-4,Beijing 4,602
2025-12-11 12:55:22,cloudping Huawei,na-mexico-1,"Mexico City 1, Mexico",147
2025-12-11 12:55:22,cloudping Huawei,la-north-2,"Mexico City 2, Mexico",149.5
2025-12-11 12:55:22,cloudping Huawei,ap-southeast-3,Singapore,191.5
2025-12-11 12:55:22,cloudping Huawei,ap-southeast-1,"Hong Kong, China",217.5
2025-12-11 12:55:22,cloudping Huawei,af-south-1,"Johannesburg, South Africa",228.5
2025-12-11 12:55:22,cloudping Huawei,ap-southeast-2,"Bangkok, Thailand",240.5
2025-12-11 12:55:22,cloudping Huawei,la-south-2,"Santiago, Chile",241.5
2025-12-11 12:55:22,cloudping Huawei,sa-brazil-1,"Sao Paulo, Brazil",951.5
2025-12-11 12:55:22,cloudping Huawei,na-mexico-1,"Mexico City 1, Mexico",147
2025-12-11 12:55:22,cloudping Huawei,la-north-2,"Mexico City 2, Mexico",149.5
2025-12-11 12:55:22,cloudping Huawei,ap-southeast-3,Singapore,191.5
2025-12-11 12:55:22,cloudping Huawei,ap-southeast-1,"Hong Kong, China",217.5
2025-12-11 12:55:22,cloudping Huawei,af-south-1,"Johannesburg, South Africa",228.5
2025-12-11 12:55:22,cloudping Huawei,ap-southeast-2,"Bangkok, Thailand",240.5
2025-12-11 12:55:22,cloudping Huawei,la-south-2,"Santiago, Chile",241.5
2025-12-11 12:55:22,cloudping Huawei,sa-brazil-1,"Sao Paulo, Brazil",951.5
2025-12-11 12:55:22,cloudping Huawei,cn-east-3,Shanghai 1,219
2025-12-11 12:55:22,cloudping Huawei,cn-south-1,Guangzhou,234
2025-12-11 12:55:22,cloudping Huawei,cn-north-1,Beijing 1,257.5
2025-12-11 12:55:22,cloudping Huawei,cn-southwest-2,Guiyang 1,258.5
2025-12-11 12:55:22,cloudping Huawei,cn-east-2,Shanghai 2,262.5
2025-12-11 12:55:22,cloudping Huawei,cn-north-9,Wulanchabu,609
2025-12-11 12:55:22,cloudping Huawei,cn-north-4,Beijing 4,632.5
2025-12-11 13:21:24,cloudping Huawei,na-mexico-1,"Mexico City 1, Mexico",146
2025-12-11 13:21:24,cloudping Huawei,la-north-2,"Mexico City 2, Mexico",154.5
2025-12-11 13:21:24,cloudping Huawei,ap-southeast-3,Singapore,194.5
2025-12-11 13:21:24,cloudping Huawei,ap-southeast-1,"Hong Kong, China",212
2025-12-11 13:21:24,cloudping Huawei,ap-southeast-2,"Bangkok, Thailand",230
2025-12-11 13:21:24,cloudping Huawei,af-south-1,"Johannesburg, South Africa",231.5
2025-12-11 13:21:24,cloudping Huawei,la-south-2,"Santiago, Chile",239
2025-12-11 13:21:24,cloudping Huawei,sa-brazil-1,"Sao Paulo, Brazil",290
2025-12-11 13:21:24,cloudping Huawei,na-mexico-1,"Mexico City 1, Mexico",146
2025-12-11 13:21:24,cloudping Huawei,la-north-2,"Mexico City 2, Mexico",154.5
2025-12-11 13:21:24,cloudping Huawei,ap-southeast-3,Singapore,194.5
2025-12-11 13:21:24,cloudping Huawei,ap-southeast-1,"Hong Kong, China",212
2025-12-11 13:21:24,cloudping Huawei,ap-southeast-2,"Bangkok, Thailand",230
2025-12-11 13:21:24,cloudping Huawei,af-south-1,"Johannesburg, South Africa",231.5
2025-12-11 13:21:24,cloudping Huawei,la-south-2,"Santiago, Chile",239
2025-12-11 13:21:24,cloudping Huawei,sa-brazil-1,"Sao Paulo, Brazil",290
2025-12-11 13:21:24,cloudping Huawei,cn-east-3,Shanghai 1,212.5
2025-12-11 13:21:24,cloudping Huawei,cn-east-2,Shanghai 2,217.5
2025-12-11 13:21:24,cloudping Huawei,cn-north-1,Beijing 1,243.5
2025-12-11 13:21:24,cloudping Huawei,cn-southwest-2,Guiyang 1,252.5
2025-12-11 13:21:24,cloudping Huawei,cn-south-1,Guangzhou,261.5
2025-12-11 13:21:24,cloudping Huawei,cn-north-9,Wulanchabu,278.5
2025-12-11 13:21:24,cloudping Huawei,cn-north-4,Beijing 4,558.5
2025-12-11 13:47:24,cloudping Huawei,na-mexico-1,"Mexico City 1, Mexico",146.5
2025-12-11 13:47:24,cloudping Huawei,la-north-2,"Mexico City 2, Mexico",150
2025-12-11 13:47:24,cloudping Huawei,ap-southeast-1,"Hong Kong, China",226
2025-12-11 13:47:24,cloudping Huawei,af-south-1,"Johannesburg, South Africa",231
2025-12-11 13:47:24,cloudping Huawei,la-south-2,"Santiago, Chile",236
2025-12-11 13:47:24,cloudping Huawei,ap-southeast-2,"Bangkok, Thailand",243.5
2025-12-11 13:47:24,cloudping Huawei,ap-southeast-3,Singapore,260.5
2025-12-11 13:47:24,cloudping Huawei,sa-brazil-1,"Sao Paulo, Brazil",1264
2025-12-11 13:47:24,cloudping Huawei,na-mexico-1,"Mexico City 1, Mexico",146.5
2025-12-11 13:47:24,cloudping Huawei,la-north-2,"Mexico City 2, Mexico",150
2025-12-11 13:47:24,cloudping Huawei,ap-southeast-1,"Hong Kong, China",226
2025-12-11 13:47:24,cloudping Huawei,af-south-1,"Johannesburg, South Africa",231
2025-12-11 13:47:24,cloudping Huawei,la-south-2,"Santiago, Chile",236
2025-12-11 13:47:24,cloudping Huawei,ap-southeast-2,"Bangkok, Thailand",243.5
2025-12-11 13:47:24,cloudping Huawei,ap-southeast-3,Singapore,260.5
2025-12-11 13:47:24,cloudping Huawei,sa-brazil-1,"Sao Paulo, Brazil",1264
2025-12-11 13:47:24,cloudping Huawei,cn-north-1,Beijing 1,212
2025-12-11 13:47:24,cloudping Huawei,cn-east-2,Shanghai 2,217.5
2025-12-11 13:47:24,cloudping Huawei,cn-east-3,Shanghai 1,234.5
2025-12-11 13:47:24,cloudping Huawei,cn-south-1,Guangzhou,240.5
2025-12-11 13:47:24,cloudping Huawei,cn-southwest-2,Guiyang 1,270.5
2025-12-11 13:47:24,cloudping Huawei,cn-north-9,Wulanchabu,274
2025-12-11 13:47:24,cloudping Huawei,cn-north-4,Beijing 4,540
2025-12-11 14:13:22,cloudping Huawei,na-mexico-1,"Mexico City 1, Mexico",149
2025-12-11 14:13:22,cloudping Huawei,la-north-2,"Mexico City 2, Mexico",155.5
2025-12-11 14:13:22,cloudping Huawei,ap-southeast-1,"Hong Kong, China",219.5
2025-12-11 14:13:22,cloudping Huawei,af-south-1,"Johannesburg, South Africa",229
2025-12-11 14:13:22,cloudping Huawei,ap-southeast-3,Singapore,232.5
2025-12-11 14:13:22,cloudping Huawei,sa-brazil-1,"Sao Paulo, Brazil",233
2025-12-11 14:13:22,cloudping Huawei,ap-southeast-2,"Bangkok, Thailand",240.5
2025-12-11 14:13:22,cloudping Huawei,la-south-2,"Santiago, Chile",246.5
2025-12-11 14:13:22,cloudping Huawei,na-mexico-1,"Mexico City 1, Mexico",149
2025-12-11 14:13:22,cloudping Huawei,la-north-2,"Mexico City 2, Mexico",155.5
2025-12-11 14:13:22,cloudping Huawei,ap-southeast-1,"Hong Kong, China",219.5
2025-12-11 14:13:22,cloudping Huawei,af-south-1,"Johannesburg, South Africa",229
2025-12-11 14:13:22,cloudping Huawei,ap-southeast-3,Singapore,232.5
2025-12-11 14:13:22,cloudping Huawei,sa-brazil-1,"Sao Paulo, Brazil",233
2025-12-11 14:13:22,cloudping Huawei,ap-southeast-2,"Bangkok, Thailand",240.5
2025-12-11 14:13:22,cloudping Huawei,la-south-2,"Santiago, Chile",246.5
2025-12-11 14:13:22,cloudping Huawei,cn-east-2,Shanghai 2,199.5
2025-12-11 14:13:22,cloudping Huawei,cn-north-4,Beijing 4,230
2025-12-11 14:13:22,cloudping Huawei,cn-south-1,Guangzhou,252
2025-12-11 14:13:22,cloudping Huawei,cn-southwest-2,Guiyang 1,260
2025-12-11 14:13:22,cloudping Huawei,cn-north-1,Beijing 1,276
2025-12-11 14:13:22,cloudping Huawei,cn-north-9,Wulanchabu,286.5
2025-12-11 14:13:22,cloudping Huawei,cn-east-3,Shanghai 1,515.5
2025-12-11 14:39:23,cloudping Huawei,na-mexico-1,"Mexico City 1, Mexico",146
2025-12-11 14:39:23,cloudping Huawei,la-north-2,"Mexico City 2, Mexico",154.5
2025-12-11 14:39:23,cloudping Huawei,ap-southeast-3,Singapore,199.5
2025-12-11 14:39:23,cloudping Huawei,ap-southeast-1,"Hong Kong, China",214
2025-12-11 14:39:23,cloudping Huawei,af-south-1,"Johannesburg, South Africa",228.5
2025-12-11 14:39:23,cloudping Huawei,ap-southeast-2,"Bangkok, Thailand",233
2025-12-11 14:39:23,cloudping Huawei,la-south-2,"Santiago, Chile",246.5
2025-12-11 14:39:23,cloudping Huawei,sa-brazil-1,"Sao Paulo, Brazil",266.5
2025-12-11 14:39:23,cloudping Huawei,na-mexico-1,"Mexico City 1, Mexico",146
2025-12-11 14:39:23,cloudping Huawei,la-north-2,"Mexico City 2, Mexico",154.5
2025-12-11 14:39:23,cloudping Huawei,ap-southeast-3,Singapore,199.5
2025-12-11 14:39:23,cloudping Huawei,ap-southeast-1,"Hong Kong, China",214
2025-12-11 14:39:23,cloudping Huawei,af-south-1,"Johannesburg, South Africa",228.5
2025-12-11 14:39:23,cloudping Huawei,ap-southeast-2,"Bangkok, Thailand",233
2025-12-11 14:39:23,cloudping Huawei,la-south-2,"Santiago, Chile",246.5
2025-12-11 14:39:23,cloudping Huawei,sa-brazil-1,"Sao Paulo, Brazil",266.5
2025-12-11 14:39:23,cloudping Huawei,cn-east-3,Shanghai 1,212.5
2025-12-11 14:39:23,cloudping Huawei,cn-north-1,Beijing 1,237.5
2025-12-11 14:39:23,cloudping Huawei,cn-north-9,Wulanchabu,300.5
2025-12-11 14:39:23,cloudping Huawei,cn-southwest-2,Guiyang 1,334
2025-12-11 14:39:23,cloudping Huawei,cn-east-2,Shanghai 2,530.5
2025-12-11 14:39:23,cloudping Huawei,cn-south-1,Guangzhou,539.5
2025-12-11 14:39:23,cloudping Huawei,cn-north-4,Beijing 4,556.5
2025-12-11 15:05:23,cloudping Huawei,na-mexico-1,"Mexico City 1, Mexico",145.5
2025-12-11 15:05:23,cloudping Huawei,la-north-2,"Mexico City 2, Mexico",153
2025-12-11 15:05:23,cloudping Huawei,ap-southeast-3,Singapore,191
2025-12-11 15:05:23,cloudping Huawei,ap-southeast-1,"Hong Kong, China",222
2025-12-11 15:05:23,cloudping Huawei,af-south-1,"Johannesburg, South Africa",231.5
2025-12-11 15:05:23,cloudping Huawei,ap-southeast-2,"Bangkok, Thailand",234.5
2025-12-11 15:05:23,cloudping Huawei,sa-brazil-1,"Sao Paulo, Brazil",240
2025-12-11 15:05:23,cloudping Huawei,la-south-2,"Santiago, Chile",241.5
2025-12-11 15:05:23,cloudping Huawei,na-mexico-1,"Mexico City 1, Mexico",145.5
2025-12-11 15:05:23,cloudping Huawei,la-north-2,"Mexico City 2, Mexico",153
2025-12-11 15:05:23,cloudping Huawei,ap-southeast-3,Singapore,191
2025-12-11 15:05:23,cloudping Huawei,ap-southeast-1,"Hong Kong, China",222
2025-12-11 15:05:23,cloudping Huawei,af-south-1,"Johannesburg, South Africa",231.5
2025-12-11 15:05:23,cloudping Huawei,ap-southeast-2,"Bangkok, Thailand",234.5
2025-12-11 15:05:23,cloudping Huawei,sa-brazil-1,"Sao Paulo, Brazil",240
2025-12-11 15:05:23,cloudping Huawei,la-south-2,"Santiago, Chile",241.5
2025-12-11 15:05:23,cloudping Huawei,cn-east-3,Shanghai 1,219.5
2025-12-11 15:05:23,cloudping Huawei,cn-south-1,Guangzhou,225.5
2025-12-11 15:05:23,cloudping Huawei,cn-east-2,Shanghai 2,228.5
2025-12-11 15:05:23,cloudping Huawei,cn-southwest-2,Guiyang 1,250
2025-12-11 15:05:23,cloudping Huawei,cn-north-9,Wulanchabu,282
2025-12-11 15:05:23,cloudping Huawei,cn-north-1,Beijing 1,296
2025-12-11 15:05:23,cloudping Huawei,cn-north-4,Beijing 4,558
2025-12-11 15:31:23,cloudping Huawei,na-mexico-1,"Mexico City 1, Mexico",153
2025-12-11 15:31:23,cloudping Huawei,la-north-2,"Mexico City 2, Mexico",164.5
2025-12-11 15:31:23,cloudping Huawei,ap-southeast-3,Singapore,189.5
2025-12-11 15:31:23,cloudping Huawei,ap-southeast-1,"Hong Kong, China",212
2025-12-11 15:31:23,cloudping Huawei,af-south-1,"Johannesburg, South Africa",231.5
2025-12-11 15:31:23,cloudping Huawei,ap-southeast-2,"Bangkok, Thailand",233.5
2025-12-11 15:31:23,cloudping Huawei,la-south-2,"Santiago, Chile",301.5
2025-12-11 15:31:23,cloudping Huawei,na-mexico-1,"Mexico City 1, Mexico",153
2025-12-11 15:31:23,cloudping Huawei,la-north-2,"Mexico City 2, Mexico",164.5
2025-12-11 15:31:23,cloudping Huawei,ap-southeast-3,Singapore,189.5
2025-12-11 15:31:23,cloudping Huawei,ap-southeast-1,"Hong Kong, China",212
2025-12-11 15:31:23,cloudping Huawei,af-south-1,"Johannesburg, South Africa",231.5
2025-12-11 15:31:23,cloudping Huawei,ap-southeast-2,"Bangkok, Thailand",233.5
2025-12-11 15:31:23,cloudping Huawei,la-south-2,"Santiago, Chile",301.5
2025-12-11 15:31:23,cloudping Huawei,cn-east-3,Shanghai 1,216
2025-12-11 15:31:23,cloudping Huawei,cn-south-1,Guangzhou,230.5
2025-12-11 15:31:23,cloudping Huawei,cn-north-4,Beijing 4,233.5
2025-12-11 15:31:23,cloudping Huawei,cn-east-2,Shanghai 2,238.5
2025-12-11 15:31:23,cloudping Huawei,cn-southwest-2,Guiyang 1,432
2025-12-11 15:31:23,cloudping Huawei,cn-north-1,Beijing 1,723
2025-12-11 15:31:23,cloudping Huawei,cn-north-9,Wulanchabu,896
2025-12-11 15:57:28,cloudping Huawei,na-mexico-1,"Mexico City 1, Mexico",143
2025-12-11 15:57:28,cloudping Huawei,la-north-2,"Mexico City 2, Mexico",151
2025-12-11 15:57:28,cloudping Huawei,ap-southeast-3,Singapore,192
2025-12-11 15:57:28,cloudping Huawei,ap-southeast-1,"Hong Kong, China",218.5
2025-12-11 15:57:28,cloudping Huawei,ap-southeast-2,"Bangkok, Thailand",244.5
2025-12-11 15:57:28,cloudping Huawei,la-south-2,"Santiago, Chile",247.5
2025-12-11 15:57:28,cloudping Huawei,af-south-1,"Johannesburg, South Africa",331
2025-12-11 15:57:28,cloudping Huawei,sa-brazil-1,"Sao Paulo, Brazil",1660
2025-12-11 15:57:28,cloudping Huawei,na-mexico-1,"Mexico City 1, Mexico",143
2025-12-11 15:57:28,cloudping Huawei,la-north-2,"Mexico City 2, Mexico",151
2025-12-11 15:57:28,cloudping Huawei,ap-southeast-3,Singapore,192
2025-12-11 15:57:28,cloudping Huawei,ap-southeast-1,"Hong Kong, China",218.5
2025-12-11 15:57:28,cloudping Huawei,ap-southeast-2,"Bangkok, Thailand",244.5
2025-12-11 15:57:28,cloudping Huawei,la-south-2,"Santiago, Chile",247.5
2025-12-11 15:57:28,cloudping Huawei,af-south-1,"Johannesburg, South Africa",331
2025-12-11 15:57:28,cloudping Huawei,sa-brazil-1,"Sao Paulo, Brazil",1660
2025-12-11 15:57:28,cloudping Huawei,cn-north-1,Beijing 1,190
2025-12-11 15:57:28,cloudping Huawei,cn-north-4,Beijing 4,223.5
2025-12-11 15:57:28,cloudping Huawei,cn-east-3,Shanghai 1,248.5
2025-12-11 15:57:28,cloudping Huawei,cn-north-9,Wulanchabu,310
2025-12-11 15:57:28,cloudping Huawei,cn-east-2,Shanghai 2,525
2025-12-11 15:57:28,cloudping Huawei,cn-south-1,Guangzhou,553.5
2025-12-11 15:57:28,cloudping Huawei,cn-southwest-2,Guiyang 1,624.5
2025-12-11 16:23:29,cloudping Huawei,na-mexico-1,"Mexico City 1, Mexico",146.5
2025-12-11 16:23:29,cloudping Huawei,la-north-2,"Mexico City 2, Mexico",155
2025-12-11 16:23:29,cloudping Huawei,ap-southeast-3,Singapore,186
2025-12-11 16:23:29,cloudping Huawei,ap-southeast-1,"Hong Kong, China",225.5
2025-12-11 16:23:29,cloudping Huawei,ap-southeast-2,"Bangkok, Thailand",230.5
2025-12-11 16:23:29,cloudping Huawei,af-south-1,"Johannesburg, South Africa",252.5
2025-12-11 16:23:29,cloudping Huawei,la-south-2,"Santiago, Chile",254
2025-12-11 16:23:29,cloudping Huawei,sa-brazil-1,"Sao Paulo, Brazil",1559
2025-12-11 16:23:29,cloudping Huawei,na-mexico-1,"Mexico City 1, Mexico",146.5
2025-12-11 16:23:29,cloudping Huawei,la-north-2,"Mexico City 2, Mexico",155
2025-12-11 16:23:29,cloudping Huawei,ap-southeast-3,Singapore,186
2025-12-11 16:23:29,cloudping Huawei,ap-southeast-1,"Hong Kong, China",225.5
2025-12-11 16:23:29,cloudping Huawei,ap-southeast-2,"Bangkok, Thailand",230.5
2025-12-11 16:23:29,cloudping Huawei,af-south-1,"Johannesburg, South Africa",252.5
2025-12-11 16:23:29,cloudping Huawei,la-south-2,"Santiago, Chile",254
2025-12-11 16:23:29,cloudping Huawei,sa-brazil-1,"Sao Paulo, Brazil",1559
2025-12-11 16:23:29,cloudping Huawei,cn-east-3,Shanghai 1,212
2025-12-11 16:23:29,cloudping Huawei,cn-north-1,Beijing 1,229.5
2025-12-11 16:23:29,cloudping Huawei,cn-south-1,Guangzhou,244.5
2025-12-11 16:23:29,cloudping Huawei,cn-north-9,Wulanchabu,273
2025-12-11 16:23:29,cloudping Huawei,cn-north-4,Beijing 4,344.5
2025-12-11 16:23:29,cloudping Huawei,cn-southwest-2,Guiyang 1,600
2025-12-11 16:23:29,cloudping Huawei,cn-east-2,Shanghai 2,826.5
2025-12-11 16:49:29,cloudping Huawei,na-mexico-1,"Mexico City 1, Mexico",146
2025-12-11 16:49:29,cloudping Huawei,la-north-2,"Mexico City 2, Mexico",156.5
2025-12-11 16:49:29,cloudping Huawei,ap-southeast-3,Singapore,196.5
2025-12-11 16:49:29,cloudping Huawei,ap-southeast-1,"Hong Kong, China",223
2025-12-11 16:49:29,cloudping Huawei,af-south-1,"Johannesburg, South Africa",226.5
2025-12-11 16:49:29,cloudping Huawei,sa-brazil-1,"Sao Paulo, Brazil",227
2025-12-11 16:49:29,cloudping Huawei,ap-southeast-2,"Bangkok, Thailand",236.5
2025-12-11 16:49:29,cloudping Huawei,la-south-2,"Santiago, Chile",252
2025-12-11 16:49:29,cloudping Huawei,na-mexico-1,"Mexico City 1, Mexico",146
2025-12-11 16:49:29,cloudping Huawei,la-north-2,"Mexico City 2, Mexico",156.5
2025-12-11 16:49:29,cloudping Huawei,ap-southeast-3,Singapore,196.5
2025-12-11 16:49:29,cloudping Huawei,ap-southeast-1,"Hong Kong, China",223
2025-12-11 16:49:29,cloudping Huawei,af-south-1,"Johannesburg, South Africa",226.5
2025-12-11 16:49:29,cloudping Huawei,sa-brazil-1,"Sao Paulo, Brazil",227
2025-12-11 16:49:29,cloudping Huawei,ap-southeast-2,"Bangkok, Thailand",236.5
2025-12-11 16:49:29,cloudping Huawei,la-south-2,"Santiago, Chile",252
2025-12-11 16:49:29,cloudping Huawei,cn-north-4,Beijing 4,218.5
2025-12-11 16:49:29,cloudping Huawei,cn-north-1,Beijing 1,249
2025-12-11 16:49:29,cloudping Huawei,cn-east-2,Shanghai 2,251.5
2025-12-11 16:49:29,cloudping Huawei,cn-south-1,Guangzhou,272
2025-12-11 16:49:29,cloudping Huawei,cn-north-9,Wulanchabu,282.5
2025-12-11 16:49:29,cloudping Huawei,cn-southwest-2,Guiyang 1,285
2025-12-11 16:49:29,cloudping Huawei,cn-east-3,Shanghai 1,480
2025-12-11 17:15:29,cloudping Huawei,la-north-2,"Mexico City 2, Mexico",164.5
2025-12-11 17:15:29,cloudping Huawei,na-mexico-1,"Mexico City 1, Mexico",173
2025-12-11 17:15:29,cloudping Huawei,ap-southeast-1,"Hong Kong, China",213
2025-12-11 17:15:29,cloudping Huawei,af-south-1,"Johannesburg, South Africa",238.5
2025-12-11 17:15:29,cloudping Huawei,sa-brazil-1,"Sao Paulo, Brazil",256
2025-12-11 17:15:29,cloudping Huawei,ap-southeast-2,"Bangkok, Thailand",275
2025-12-11 17:15:29,cloudping Huawei,la-south-2,"Santiago, Chile",278
2025-12-11 17:15:29,cloudping Huawei,ap-southeast-3,Singapore,278.5
2025-12-11 17:15:29,cloudping Huawei,la-north-2,"Mexico City 2, Mexico",164.5
2025-12-11 17:15:29,cloudping Huawei,na-mexico-1,"Mexico City 1, Mexico",173
2025-12-11 17:15:29,cloudping Huawei,ap-southeast-1,"Hong Kong, China",213
2025-12-11 17:15:29,cloudping Huawei,af-south-1,"Johannesburg, South Africa",238.5
2025-12-11 17:15:29,cloudping Huawei,sa-brazil-1,"Sao Paulo, Brazil",256
2025-12-11 17:15:29,cloudping Huawei,ap-southeast-2,"Bangkok, Thailand",275
2025-12-11 17:15:29,cloudping Huawei,la-south-2,"Santiago, Chile",278
2025-12-11 17:15:29,cloudping Huawei,ap-southeast-3,Singapore,278.5
2025-12-11 17:15:29,cloudping Huawei,cn-east-3,Shanghai 1,211.5
2025-12-11 17:15:29,cloudping Huawei,cn-north-1,Beijing 1,234
2025-12-11 17:15:29,cloudping Huawei,cn-south-1,Guangzhou,241.5
2025-12-11 17:15:29,cloudping Huawei,cn-southwest-2,Guiyang 1,254
2025-12-11 17:15:29,cloudping Huawei,cn-north-9,Wulanchabu,270
2025-12-11 17:15:29,cloudping Huawei,cn-east-2,Shanghai 2,593
2025-12-11 17:15:29,cloudping Huawei,cn-north-4,Beijing 4,604
2025-12-11 17:41:30,cloudping Huawei,la-north-2,"Mexico City 2, Mexico",155
2025-12-11 17:41:30,cloudping Huawei,na-mexico-1,"Mexico City 1, Mexico",160
2025-12-11 17:41:30,cloudping Huawei,ap-southeast-3,Singapore,203
2025-12-11 17:41:30,cloudping Huawei,ap-southeast-1,"Hong Kong, China",214
2025-12-11 17:41:30,cloudping Huawei,af-south-1,"Johannesburg, South Africa",231
2025-12-11 17:41:30,cloudping Huawei,ap-southeast-2,"Bangkok, Thailand",249
2025-12-11 17:41:30,cloudping Huawei,la-south-2,"Santiago, Chile",332
2025-12-11 17:41:30,cloudping Huawei,sa-brazil-1,"Sao Paulo, Brazil",587
2025-12-11 17:41:30,cloudping Huawei,la-north-2,"Mexico City 2, Mexico",155
2025-12-11 17:41:30,cloudping Huawei,na-mexico-1,"Mexico City 1, Mexico",160
2025-12-11 17:41:30,cloudping Huawei,ap-southeast-3,Singapore,203
2025-12-11 17:41:30,cloudping Huawei,ap-southeast-1,"Hong Kong, China",214
2025-12-11 17:41:30,cloudping Huawei,af-south-1,"Johannesburg, South Africa",231
2025-12-11 17:41:30,cloudping Huawei,ap-southeast-2,"Bangkok, Thailand",249
2025-12-11 17:41:30,cloudping Huawei,la-south-2,"Santiago, Chile",332
2025-12-11 17:41:30,cloudping Huawei,sa-brazil-1,"Sao Paulo, Brazil",587
2025-12-11 17:41:30,cloudping Huawei,cn-east-2,Shanghai 2,213
2025-12-11 17:41:30,cloudping Huawei,cn-east-3,Shanghai 1,214.5
2025-12-11 17:41:30,cloudping Huawei,cn-south-1,Guangzhou,245
2025-12-11 17:41:30,cloudping Huawei,cn-north-4,Beijing 4,256
2025-12-11 17:41:30,cloudping Huawei,cn-north-9,Wulanchabu,272.5
2025-12-11 17:41:30,cloudping Huawei,cn-north-1,Beijing 1,274
2025-12-11 17:41:30,cloudping Huawei,cn-southwest-2,Guiyang 1,290
2025-12-11 18:07:30,cloudping Huawei,na-mexico-1,"Mexico City 1, Mexico",147
2025-12-11 18:07:30,cloudping Huawei,la-north-2,"Mexico City 2, Mexico",151.5
2025-12-11 18:07:30,cloudping Huawei,ap-southeast-3,Singapore,188.5
2025-12-11 18:07:30,cloudping Huawei,ap-southeast-1,"Hong Kong, China",215.5
2025-12-11 18:07:30,cloudping Huawei,af-south-1,"Johannesburg, South Africa",230.5
2025-12-11 18:07:30,cloudping Huawei,ap-southeast-2,"Bangkok, Thailand",236
2025-12-11 18:07:30,cloudping Huawei,la-south-2,"Santiago, Chile",249
2025-12-11 18:07:30,cloudping Huawei,sa-brazil-1,"Sao Paulo, Brazil",259.5
2025-12-11 18:07:30,cloudping Huawei,na-mexico-1,"Mexico City 1, Mexico",147
2025-12-11 18:07:30,cloudping Huawei,la-north-2,"Mexico City 2, Mexico",151.5
2025-12-11 18:07:30,cloudping Huawei,ap-southeast-3,Singapore,188.5
2025-12-11 18:07:30,cloudping Huawei,ap-southeast-1,"Hong Kong, China",215.5
2025-12-11 18:07:30,cloudping Huawei,af-south-1,"Johannesburg, South Africa",230.5
2025-12-11 18:07:30,cloudping Huawei,ap-southeast-2,"Bangkok, Thailand",236
2025-12-11 18:07:30,cloudping Huawei,la-south-2,"Santiago, Chile",249
2025-12-11 18:07:30,cloudping Huawei,sa-brazil-1,"Sao Paulo, Brazil",259.5
2025-12-11 18:07:30,cloudping Huawei,cn-north-1,Beijing 1,206
2025-12-11 18:07:30,cloudping Huawei,cn-east-3,Shanghai 1,213.5
2025-12-11 18:07:30,cloudping Huawei,cn-east-2,Shanghai 2,214
2025-12-11 18:07:30,cloudping Huawei,cn-south-1,Guangzhou,238.5
2025-12-11 18:07:30,cloudping Huawei,cn-north-4,Beijing 4,239.5
2025-12-11 18:07:30,cloudping Huawei,cn-southwest-2,Guiyang 1,247.5
2025-12-11 18:07:30,cloudping Huawei,cn-north-9,Wulanchabu,278.5
2025-12-11 18:33:31,cloudping Huawei,na-mexico-1,"Mexico City 1, Mexico",153.5
2025-12-11 18:33:31,cloudping Huawei,la-north-2,"Mexico City 2, Mexico",162
2025-12-11 18:33:31,cloudping Huawei,ap-southeast-3,Singapore,189
2025-12-11 18:33:31,cloudping Huawei,ap-southeast-1,"Hong Kong, China",221
2025-12-11 18:33:31,cloudping Huawei,sa-brazil-1,"Sao Paulo, Brazil",239.5
2025-12-11 18:33:31,cloudping Huawei,ap-southeast-2,"Bangkok, Thailand",245
2025-12-11 18:33:31,cloudping Huawei,af-south-1,"Johannesburg, South Africa",327
2025-12-11 18:33:31,cloudping Huawei,la-south-2,"Santiago, Chile",391.5
2025-12-11 18:33:31,cloudping Huawei,na-mexico-1,"Mexico City 1, Mexico",153.5
2025-12-11 18:33:31,cloudping Huawei,la-north-2,"Mexico City 2, Mexico",162
2025-12-11 18:33:31,cloudping Huawei,ap-southeast-3,Singapore,189
2025-12-11 18:33:31,cloudping Huawei,ap-southeast-1,"Hong Kong, China",221
2025-12-11 18:33:31,cloudping Huawei,sa-brazil-1,"Sao Paulo, Brazil",239.5
2025-12-11 18:33:31,cloudping Huawei,ap-southeast-2,"Bangkok, Thailand",245
2025-12-11 18:33:31,cloudping Huawei,af-south-1,"Johannesburg, South Africa",327
2025-12-11 18:33:31,cloudping Huawei,la-south-2,"Santiago, Chile",391.5
2025-12-11 18:33:31,cloudping Huawei,cn-east-2,Shanghai 2,207
2025-12-11 18:33:31,cloudping Huawei,cn-south-1,Guangzhou,225
2025-12-11 18:33:31,cloudping Huawei,cn-north-1,Beijing 1,232.5
2025-12-11 18:33:31,cloudping Huawei,cn-southwest-2,Guiyang 1,253
2025-12-11 18:33:31,cloudping Huawei,cn-east-3,Shanghai 1,257.5
2025-12-11 18:33:31,cloudping Huawei,cn-north-9,Wulanchabu,268
2025-12-11 18:33:31,cloudping Huawei,cn-north-4,Beijing 4,320.5
2025-12-11 18:59:32,cloudping Huawei,na-mexico-1,"Mexico City 1, Mexico",148
2025-12-11 18:59:32,cloudping Huawei,la-north-2,"Mexico City 2, Mexico",157.5
2025-12-11 18:59:32,cloudping Huawei,ap-southeast-3,Singapore,189.5
2025-12-11 18:59:32,cloudping Huawei,ap-southeast-1,"Hong Kong, China",217
2025-12-11 18:59:32,cloudping Huawei,sa-brazil-1,"Sao Paulo, Brazil",222
2025-12-11 18:59:32,cloudping Huawei,ap-southeast-2,"Bangkok, Thailand",230.5
2025-12-11 18:59:32,cloudping Huawei,af-south-1,"Johannesburg, South Africa",233
2025-12-11 18:59:32,cloudping Huawei,la-south-2,"Santiago, Chile",328.5
2025-12-11 18:59:32,cloudping Huawei,na-mexico-1,"Mexico City 1, Mexico",148
2025-12-11 18:59:32,cloudping Huawei,la-north-2,"Mexico City 2, Mexico",157.5
2025-12-11 18:59:32,cloudping Huawei,ap-southeast-3,Singapore,189.5
2025-12-11 18:59:32,cloudping Huawei,ap-southeast-1,"Hong Kong, China",217
2025-12-11 18:59:32,cloudping Huawei,sa-brazil-1,"Sao Paulo, Brazil",222
2025-12-11 18:59:32,cloudping Huawei,ap-southeast-2,"Bangkok, Thailand",230.5
2025-12-11 18:59:32,cloudping Huawei,af-south-1,"Johannesburg, South Africa",233
2025-12-11 18:59:32,cloudping Huawei,la-south-2,"Santiago, Chile",328.5
2025-12-11 18:59:32,cloudping Huawei,cn-east-2,Shanghai 2,219.5
2025-12-11 18:59:32,cloudping Huawei,cn-south-1,Guangzhou,227.5
2025-12-11 18:59:32,cloudping Huawei,cn-southwest-2,Guiyang 1,245
2025-12-11 18:59:32,cloudping Huawei,cn-north-1,Beijing 1,253.5
2025-12-11 18:59:32,cloudping Huawei,cn-east-3,Shanghai 1,255
2025-12-11 18:59:32,cloudping Huawei,cn-north-4,Beijing 4,266.5
2025-12-11 18:59:32,cloudping Huawei,cn-north-9,Wulanchabu,277.5
2025-12-11 19:25:32,cloudping Huawei,la-north-2,"Mexico City 2, Mexico",163.5
2025-12-11 19:25:32,cloudping Huawei,na-mexico-1,"Mexico City 1, Mexico",165
2025-12-11 19:25:32,cloudping Huawei,ap-southeast-3,Singapore,185.5
2025-12-11 19:25:32,cloudping Huawei,sa-brazil-1,"Sao Paulo, Brazil",235
2025-12-11 19:25:32,cloudping Huawei,ap-southeast-2,"Bangkok, Thailand",238
2025-12-11 19:25:32,cloudping Huawei,af-south-1,"Johannesburg, South Africa",267
2025-12-11 19:25:32,cloudping Huawei,la-south-2,"Santiago, Chile",286
2025-12-11 19:25:32,cloudping Huawei,ap-southeast-1,"Hong Kong, China",1327
2025-12-11 19:25:32,cloudping Huawei,la-north-2,"Mexico City 2, Mexico",163.5
2025-12-11 19:25:32,cloudping Huawei,na-mexico-1,"Mexico City 1, Mexico",165
2025-12-11 19:25:32,cloudping Huawei,ap-southeast-3,Singapore,185.5
2025-12-11 19:25:32,cloudping Huawei,sa-brazil-1,"Sao Paulo, Brazil",235
2025-12-11 19:25:32,cloudping Huawei,ap-southeast-2,"Bangkok, Thailand",238
2025-12-11 19:25:32,cloudping Huawei,af-south-1,"Johannesburg, South Africa",267
2025-12-11 19:25:32,cloudping Huawei,la-south-2,"Santiago, Chile",286
2025-12-11 19:25:32,cloudping Huawei,ap-southeast-1,"Hong Kong, China",1327
2025-12-11 19:25:32,cloudping Huawei,cn-north-1,Beijing 1,190
2025-12-11 19:25:32,cloudping Huawei,cn-east-2,Shanghai 2,214.5
2025-12-11 19:25:32,cloudping Huawei,cn-east-3,Shanghai 1,217
2025-12-11 19:25:32,cloudping Huawei,cn-south-1,Guangzhou,236.5
2025-12-11 19:25:32,cloudping Huawei,cn-southwest-2,Guiyang 1,260
2025-12-11 19:25:32,cloudping Huawei,cn-north-9,Wulanchabu,266
2025-12-11 19:25:32,cloudping Huawei,cn-north-4,Beijing 4,297.5
2025-12-11 19:51:31,cloudping Huawei,na-mexico-1,"Mexico City 1, Mexico",144
2025-12-11 19:51:31,cloudping Huawei,la-north-2,"Mexico City 2, Mexico",151
2025-12-11 19:51:31,cloudping Huawei,ap-southeast-3,Singapore,199
2025-12-11 19:51:31,cloudping Huawei,ap-southeast-1,"Hong Kong, China",219
2025-12-11 19:51:31,cloudping Huawei,af-south-1,"Johannesburg, South Africa",231
2025-12-11 19:51:31,cloudping Huawei,ap-southeast-2,"Bangkok, Thailand",242
2025-12-11 19:51:31,cloudping Huawei,sa-brazil-1,"Sao Paulo, Brazil",245
2025-12-11 19:51:31,cloudping Huawei,la-south-2,"Santiago, Chile",341.5
2025-12-11 19:51:31,cloudping Huawei,na-mexico-1,"Mexico City 1, Mexico",144
2025-12-11 19:51:31,cloudping Huawei,la-north-2,"Mexico City 2, Mexico",151
2025-12-11 19:51:31,cloudping Huawei,ap-southeast-3,Singapore,199
2025-12-11 19:51:31,cloudping Huawei,ap-southeast-1,"Hong Kong, China",219
2025-12-11 19:51:31,cloudping Huawei,af-south-1,"Johannesburg, South Africa",231
2025-12-11 19:51:31,cloudping Huawei,ap-southeast-2,"Bangkok, Thailand",242
2025-12-11 19:51:31,cloudping Huawei,sa-brazil-1,"Sao Paulo, Brazil",245
2025-12-11 19:51:31,cloudping Huawei,la-south-2,"Santiago, Chile",341.5
2025-12-11 19:51:31,cloudping Huawei,cn-east-3,Shanghai 1,200.5
2025-12-11 19:51:31,cloudping Huawei,cn-north-1,Beijing 1,206
2025-12-11 19:51:31,cloudping Huawei,cn-east-2,Shanghai 2,231.5
2025-12-11 19:51:31,cloudping Huawei,cn-south-1,Guangzhou,235.5
2025-12-11 19:51:31,cloudping Huawei,cn-southwest-2,Guiyang 1,247.5
2025-12-11 19:51:31,cloudping Huawei,cn-north-4,Beijing 4,259.5
2025-12-11 19:51:31,cloudping Huawei,cn-north-9,Wulanchabu,262.5
2025-12-11 20:17:31,cloudping Huawei,na-mexico-1,"Mexico City 1, Mexico",146
2025-12-11 20:17:31,cloudping Huawei,la-north-2,"Mexico City 2, Mexico",155
2025-12-11 20:17:31,cloudping Huawei,ap-southeast-3,Singapore,190.5
2025-12-11 20:17:31,cloudping Huawei,ap-southeast-1,"Hong Kong, China",223
2025-12-11 20:17:31,cloudping Huawei,af-south-1,"Johannesburg, South Africa",238
2025-12-11 20:17:31,cloudping Huawei,la-south-2,"Santiago, Chile",242
2025-12-11 20:17:31,cloudping Huawei,ap-southeast-2,"Bangkok, Thailand",255.5
2025-12-11 20:17:31,cloudping Huawei,sa-brazil-1,"Sao Paulo, Brazil",258
2025-12-11 20:17:31,cloudping Huawei,na-mexico-1,"Mexico City 1, Mexico",146
2025-12-11 20:17:31,cloudping Huawei,la-north-2,"Mexico City 2, Mexico",155
2025-12-11 20:17:31,cloudping Huawei,ap-southeast-3,Singapore,190.5
2025-12-11 20:17:31,cloudping Huawei,ap-southeast-1,"Hong Kong, China",223
2025-12-11 20:17:31,cloudping Huawei,af-south-1,"Johannesburg, South Africa",238
2025-12-11 20:17:31,cloudping Huawei,la-south-2,"Santiago, Chile",242
2025-12-11 20:17:31,cloudping Huawei,ap-southeast-2,"Bangkok, Thailand",255.5
2025-12-11 20:17:31,cloudping Huawei,sa-brazil-1,"Sao Paulo, Brazil",258
2025-12-11 20:17:31,cloudping Huawei,cn-north-1,Beijing 1,200
2025-12-11 20:17:31,cloudping Huawei,cn-east-2,Shanghai 2,220
2025-12-11 20:17:31,cloudping Huawei,cn-south-1,Guangzhou,245
2025-12-11 20:17:31,cloudping Huawei,cn-southwest-2,Guiyang 1,246
2025-12-11 20:17:31,cloudping Huawei,cn-north-4,Beijing 4,262
2025-12-11 20:17:31,cloudping Huawei,cn-north-9,Wulanchabu,278.5
2025-12-11 20:17:31,cloudping Huawei,cn-east-3,Shanghai 1,283.5
2025-12-11 20:43:31,cloudping Huawei,na-mexico-1,"Mexico City 1, Mexico",147
2025-12-11 20:43:31,cloudping Huawei,la-north-2,"Mexico City 2, Mexico",149.5
2025-12-11 20:43:31,cloudping Huawei,ap-southeast-3,Singapore,185.5
2025-12-11 20:43:31,cloudping Huawei,ap-southeast-1,"Hong Kong, China",222
2025-12-11 20:43:31,cloudping Huawei,af-south-1,"Johannesburg, South Africa",229
2025-12-11 20:43:31,cloudping Huawei,ap-southeast-2,"Bangkok, Thailand",240.5
2025-12-11 20:43:31,cloudping Huawei,la-south-2,"Santiago, Chile",257
2025-12-11 20:43:31,cloudping Huawei,sa-brazil-1,"Sao Paulo, Brazil",275.5
2025-12-11 20:43:31,cloudping Huawei,na-mexico-1,"Mexico City 1, Mexico",147
2025-12-11 20:43:31,cloudping Huawei,la-north-2,"Mexico City 2, Mexico",149.5
2025-12-11 20:43:31,cloudping Huawei,ap-southeast-3,Singapore,185.5
2025-12-11 20:43:31,cloudping Huawei,ap-southeast-1,"Hong Kong, China",222
2025-12-11 20:43:31,cloudping Huawei,af-south-1,"Johannesburg, South Africa",229
2025-12-11 20:43:31,cloudping Huawei,ap-southeast-2,"Bangkok, Thailand",240.5
2025-12-11 20:43:31,cloudping Huawei,la-south-2,"Santiago, Chile",257
2025-12-11 20:43:31,cloudping Huawei,sa-brazil-1,"Sao Paulo, Brazil",275.5
2025-12-11 20:43:31,cloudping Huawei,cn-east-2,Shanghai 2,196.5
2025-12-11 20:43:31,cloudping Huawei,cn-north-1,Beijing 1,221
2025-12-11 20:43:31,cloudping Huawei,cn-south-1,Guangzhou,227.5
2025-12-11 20:43:31,cloudping Huawei,cn-southwest-2,Guiyang 1,238.5
2025-12-11 20:43:31,cloudping Huawei,cn-north-4,Beijing 4,251.5
2025-12-11 20:43:31,cloudping Huawei,cn-east-3,Shanghai 1,259.5
2025-12-11 20:43:31,cloudping Huawei,cn-north-9,Wulanchabu,266.5
2025-12-11 21:09:32,cloudping Huawei,la-north-2,"Mexico City 2, Mexico",155
2025-12-11 21:09:32,cloudping Huawei,na-mexico-1,"Mexico City 1, Mexico",197
2025-12-11 21:09:32,cloudping Huawei,ap-southeast-1,"Hong Kong, China",227
2025-12-11 21:09:32,cloudping Huawei,sa-brazil-1,"Sao Paulo, Brazil",241
2025-12-11 21:09:32,cloudping Huawei,ap-southeast-3,Singapore,251
2025-12-11 21:09:32,cloudping Huawei,la-south-2,"Santiago, Chile",267
2025-12-11 21:09:32,cloudping Huawei,af-south-1,"Johannesburg, South Africa",279.5
2025-12-11 21:09:32,cloudping Huawei,ap-southeast-2,"Bangkok, Thailand",369
2025-12-11 21:09:32,cloudping Huawei,la-north-2,"Mexico City 2, Mexico",155
2025-12-11 21:09:32,cloudping Huawei,na-mexico-1,"Mexico City 1, Mexico",197
2025-12-11 21:09:32,cloudping Huawei,ap-southeast-1,"Hong Kong, China",227
2025-12-11 21:09:32,cloudping Huawei,sa-brazil-1,"Sao Paulo, Brazil",241
2025-12-11 21:09:32,cloudping Huawei,ap-southeast-3,Singapore,251
2025-12-11 21:09:32,cloudping Huawei,la-south-2,"Santiago, Chile",267
2025-12-11 21:09:32,cloudping Huawei,af-south-1,"Johannesburg, South Africa",279.5
2025-12-11 21:09:32,cloudping Huawei,ap-southeast-2,"Bangkok, Thailand",369
2025-12-11 21:09:32,cloudping Huawei,cn-east-3,Shanghai 1,209.5
2025-12-11 21:09:32,cloudping Huawei,cn-north-4,Beijing 4,218
2025-12-11 21:09:32,cloudping Huawei,cn-south-1,Guangzhou,219.5
2025-12-11 21:09:32,cloudping Huawei,cn-north-9,Wulanchabu,222
2025-12-11 21:09:32,cloudping Huawei,cn-north-1,Beijing 1,242
2025-12-11 21:09:32,cloudping Huawei,cn-southwest-2,Guiyang 1,248
2025-12-11 21:09:32,cloudping Huawei,cn-east-2,Shanghai 2,248
2025-12-11 21:35:31,cloudping Huawei,la-north-2,"Mexico City 2, Mexico",152.5
2025-12-11 21:35:31,cloudping Huawei,na-mexico-1,"Mexico City 1, Mexico",156
2025-12-11 21:35:31,cloudping Huawei,ap-southeast-3,Singapore,188.5
2025-12-11 21:35:31,cloudping Huawei,sa-brazil-1,"Sao Paulo, Brazil",227.5
2025-12-11 21:35:31,cloudping Huawei,ap-southeast-1,"Hong Kong, China",228
2025-12-11 21:35:31,cloudping Huawei,af-south-1,"Johannesburg, South Africa",230
2025-12-11 21:35:31,cloudping Huawei,ap-southeast-2,"Bangkok, Thailand",238
2025-12-11 21:35:31,cloudping Huawei,la-south-2,"Santiago, Chile",302.5
2025-12-11 21:35:31,cloudping Huawei,la-north-2,"Mexico City 2, Mexico",152.5
2025-12-11 21:35:31,cloudping Huawei,na-mexico-1,"Mexico City 1, Mexico",156
2025-12-11 21:35:31,cloudping Huawei,ap-southeast-3,Singapore,188.5
2025-12-11 21:35:31,cloudping Huawei,sa-brazil-1,"Sao Paulo, Brazil",227.5
2025-12-11 21:35:31,cloudping Huawei,ap-southeast-1,"Hong Kong, China",228
2025-12-11 21:35:31,cloudping Huawei,af-south-1,"Johannesburg, South Africa",230
2025-12-11 21:35:31,cloudping Huawei,ap-southeast-2,"Bangkok, Thailand",238
2025-12-11 21:35:31,cloudping Huawei,la-south-2,"Santiago, Chile",302.5
2025-12-11 21:35:31,cloudping Huawei,cn-east-3,Shanghai 1,208.5
2025-12-11 21:35:31,cloudping Huawei,cn-north-4,Beijing 4,212.5
2025-12-11 21:35:31,cloudping Huawei,cn-east-2,Shanghai 2,224
2025-12-11 21:35:31,cloudping Huawei,cn-north-9,Wulanchabu,224
2025-12-11 21:35:31,cloudping Huawei,cn-south-1,Guangzhou,229.5
2025-12-11 21:35:31,cloudping Huawei,cn-north-1,Beijing 1,230
2025-12-11 21:35:31,cloudping Huawei,cn-southwest-2,Guiyang 1,287.5
2025-12-11 22:01:31,cloudping Huawei,na-mexico-1,"Mexico City 1, Mexico",145.5
2025-12-11 22:01:31,cloudping Huawei,la-north-2,"Mexico City 2, Mexico",160.5
2025-12-11 22:01:31,cloudping Huawei,ap-southeast-3,Singapore,192
2025-12-11 22:01:31,cloudping Huawei,ap-southeast-1,"Hong Kong, China",221.5
2025-12-11 22:01:31,cloudping Huawei,la-south-2,"Santiago, Chile",237.5
2025-12-11 22:01:31,cloudping Huawei,ap-southeast-2,"Bangkok, Thailand",240.5
2025-12-11 22:01:31,cloudping Huawei,sa-brazil-1,"Sao Paulo, Brazil",244
2025-12-11 22:01:31,cloudping Huawei,af-south-1,"Johannesburg, South Africa",250.5
2025-12-11 22:01:31,cloudping Huawei,na-mexico-1,"Mexico City 1, Mexico",145.5
2025-12-11 22:01:31,cloudping Huawei,la-north-2,"Mexico City 2, Mexico",160.5
2025-12-11 22:01:31,cloudping Huawei,ap-southeast-3,Singapore,192
2025-12-11 22:01:31,cloudping Huawei,ap-southeast-1,"Hong Kong, China",221.5
2025-12-11 22:01:31,cloudping Huawei,la-south-2,"Santiago, Chile",237.5
2025-12-11 22:01:31,cloudping Huawei,ap-southeast-2,"Bangkok, Thailand",240.5
2025-12-11 22:01:31,cloudping Huawei,sa-brazil-1,"Sao Paulo, Brazil",244
2025-12-11 22:01:31,cloudping Huawei,af-south-1,"Johannesburg, South Africa",250.5
2025-12-11 22:01:31,cloudping Huawei,cn-north-1,Beijing 1,191.5
2025-12-11 22:01:31,cloudping Huawei,cn-north-9,Wulanchabu,222.5
2025-12-11 22:01:31,cloudping Huawei,cn-east-3,Shanghai 1,229
2025-12-11 22:01:31,cloudping Huawei,cn-south-1,Guangzhou,238
2025-12-11 22:01:31,cloudping Huawei,cn-north-4,Beijing 4,252
2025-12-11 22:01:31,cloudping Huawei,cn-east-2,Shanghai 2,264.5
2025-12-11 22:01:31,cloudping Huawei,cn-southwest-2,Guiyang 1,268.5
2025-12-11 22:27:32,cloudping Huawei,na-mexico-1,"Mexico City 1, Mexico",148
2025-12-11 22:27:32,cloudping Huawei,la-north-2,"Mexico City 2, Mexico",150
2025-12-11 22:27:32,cloudping Huawei,ap-southeast-3,Singapore,190.5
2025-12-11 22:27:32,cloudping Huawei,sa-brazil-1,"Sao Paulo, Brazil",224.5
2025-12-11 22:27:32,cloudping Huawei,ap-southeast-1,"Hong Kong, China",227
2025-12-11 22:27:32,cloudping Huawei,af-south-1,"Johannesburg, South Africa",234
2025-12-11 22:27:32,cloudping Huawei,ap-southeast-2,"Bangkok, Thailand",237
2025-12-11 22:27:32,cloudping Huawei,la-south-2,"Santiago, Chile",313.5
2025-12-11 22:27:32,cloudping Huawei,na-mexico-1,"Mexico City 1, Mexico",148
2025-12-11 22:27:32,cloudping Huawei,la-north-2,"Mexico City 2, Mexico",150
2025-12-11 22:27:32,cloudping Huawei,ap-southeast-3,Singapore,190.5
2025-12-11 22:27:32,cloudping Huawei,sa-brazil-1,"Sao Paulo, Brazil",224.5
2025-12-11 22:27:32,cloudping Huawei,ap-southeast-1,"Hong Kong, China",227
2025-12-11 22:27:32,cloudping Huawei,af-south-1,"Johannesburg, South Africa",234
2025-12-11 22:27:32,cloudping Huawei,ap-southeast-2,"Bangkok, Thailand",237
2025-12-11 22:27:32,cloudping Huawei,la-south-2,"Santiago, Chile",313.5
2025-12-11 22:27:32,cloudping Huawei,cn-east-3,Shanghai 1,205.5
2025-12-11 22:27:32,cloudping Huawei,cn-east-2,Shanghai 2,209
2025-12-11 22:27:32,cloudping Huawei,cn-south-1,Guangzhou,234.5
2025-12-11 22:27:32,cloudping Huawei,cn-southwest-2,Guiyang 1,244.5
2025-12-11 22:27:32,cloudping Huawei,cn-north-1,Beijing 1,244.5
2025-12-11 22:27:32,cloudping Huawei,cn-north-9,Wulanchabu,269.5
2025-12-11 22:27:32,cloudping Huawei,cn-north-4,Beijing 4,326.5
2025-12-11 22:53:32,cloudping Huawei,na-mexico-1,"Mexico City 1, Mexico",145.5
2025-12-11 22:53:32,cloudping Huawei,la-north-2,"Mexico City 2, Mexico",153.5
2025-12-11 22:53:32,cloudping Huawei,ap-southeast-3,Singapore,183
2025-12-11 22:53:32,cloudping Huawei,ap-southeast-1,"Hong Kong, China",215
2025-12-11 22:53:32,cloudping Huawei,la-south-2,"Santiago, Chile",231.5
2025-12-11 22:53:32,cloudping Huawei,af-south-1,"Johannesburg, South Africa",244
2025-12-11 22:53:32,cloudping Huawei,ap-southeast-2,"Bangkok, Thailand",244
2025-12-11 22:53:32,cloudping Huawei,sa-brazil-1,"Sao Paulo, Brazil",273.5
2025-12-11 22:53:32,cloudping Huawei,na-mexico-1,"Mexico City 1, Mexico",145.5
2025-12-11 22:53:32,cloudping Huawei,la-north-2,"Mexico City 2, Mexico",153.5
2025-12-11 22:53:32,cloudping Huawei,ap-southeast-3,Singapore,183
2025-12-11 22:53:32,cloudping Huawei,ap-southeast-1,"Hong Kong, China",215
2025-12-11 22:53:32,cloudping Huawei,la-south-2,"Santiago, Chile",231.5
2025-12-11 22:53:32,cloudping Huawei,af-south-1,"Johannesburg, South Africa",244
2025-12-11 22:53:32,cloudping Huawei,ap-southeast-2,"Bangkok, Thailand",244
2025-12-11 22:53:32,cloudping Huawei,sa-brazil-1,"Sao Paulo, Brazil",273.5
2025-12-11 22:53:32,cloudping Huawei,cn-east-2,Shanghai 2,205
2025-12-11 22:53:32,cloudping Huawei,cn-south-1,Guangzhou,225.5
2025-12-11 22:53:32,cloudping Huawei,cn-north-1,Beijing 1,225.5
2025-12-11 22:53:32,cloudping Huawei,cn-east-3,Shanghai 1,229.5
2025-12-11 22:53:32,cloudping Huawei,cn-north-9,Wulanchabu,231
2025-12-11 22:53:32,cloudping Huawei,cn-north-4,Beijing 4,264
2025-12-11 22:53:32,cloudping Huawei,cn-southwest-2,Guiyang 1,293.5
2025-12-11 23:19:32,cloudping Huawei,na-mexico-1,"Mexico City 1, Mexico",146
2025-12-11 23:19:32,cloudping Huawei,la-north-2,"Mexico City 2, Mexico",151.5
2025-12-11 23:19:32,cloudping Huawei,ap-southeast-3,Singapore,186.5
2025-12-11 23:19:32,cloudping Huawei,ap-southeast-1,"Hong Kong, China",217
2025-12-11 23:19:32,cloudping Huawei,af-south-1,"Johannesburg, South Africa",230
2025-12-11 23:19:32,cloudping Huawei,ap-southeast-2,"Bangkok, Thailand",236
2025-12-11 23:19:32,cloudping Huawei,sa-brazil-1,"Sao Paulo, Brazil",240
2025-12-11 23:19:32,cloudping Huawei,la-south-2,"Santiago, Chile",263.5
2025-12-11 23:19:32,cloudping Huawei,na-mexico-1,"Mexico City 1, Mexico",146
2025-12-11 23:19:32,cloudping Huawei,la-north-2,"Mexico City 2, Mexico",151.5
2025-12-11 23:19:32,cloudping Huawei,ap-southeast-3,Singapore,186.5
2025-12-11 23:19:32,cloudping Huawei,ap-southeast-1,"Hong Kong, China",217
2025-12-11 23:19:32,cloudping Huawei,af-south-1,"Johannesburg, South Africa",230
2025-12-11 23:19:32,cloudping Huawei,ap-southeast-2,"Bangkok, Thailand",236
2025-12-11 23:19:32,cloudping Huawei,sa-brazil-1,"Sao Paulo, Brazil",240
2025-12-11 23:19:32,cloudping Huawei,la-south-2,"Santiago, Chile",263.5
2025-12-11 23:19:32,cloudping Huawei,cn-north-4,Beijing 4,211.5
2025-12-11 23:19:32,cloudping Huawei,cn-east-2,Shanghai 2,214.5
2025-12-11 23:19:32,cloudping Huawei,cn-south-1,Guangzhou,231.5
2025-12-11 23:19:32,cloudping Huawei,cn-east-3,Shanghai 1,232
2025-12-11 23:19:32,cloudping Huawei,cn-southwest-2,Guiyang 1,245
2025-12-11 23:19:32,cloudping Huawei,cn-north-9,Wulanchabu,268.5
2025-12-11 23:19:32,cloudping Huawei,cn-north-1,Beijing 1,458
2025-12-11 23:45:33,cloudping Huawei,na-mexico-1,"Mexico City 1, Mexico",145.5
2025-12-11 23:45:33,cloudping Huawei,la-north-2,"Mexico City 2, Mexico",154
2025-12-11 23:45:33,cloudping Huawei,ap-southeast-3,Singapore,189.5
2025-12-11 23:45:33,cloudping Huawei,ap-southeast-1,"Hong Kong, China",222.5
2025-12-11 23:45:33,cloudping Huawei,la-south-2,"Santiago, Chile",239
2025-12-11 23:45:33,cloudping Huawei,ap-southeast-2,"Bangkok, Thailand",239
2025-12-11 23:45:33,cloudping Huawei,af-south-1,"Johannesburg, South Africa",242.5
2025-12-11 23:45:33,cloudping Huawei,sa-brazil-1,"Sao Paulo, Brazil",260.5
2025-12-11 23:45:33,cloudping Huawei,na-mexico-1,"Mexico City 1, Mexico",145.5
2025-12-11 23:45:33,cloudping Huawei,la-north-2,"Mexico City 2, Mexico",154
2025-12-11 23:45:33,cloudping Huawei,ap-southeast-3,Singapore,189.5
2025-12-11 23:45:33,cloudping Huawei,ap-southeast-1,"Hong Kong, China",222.5
2025-12-11 23:45:33,cloudping Huawei,la-south-2,"Santiago, Chile",239
2025-12-11 23:45:33,cloudping Huawei,ap-southeast-2,"Bangkok, Thailand",239
2025-12-11 23:45:33,cloudping Huawei,af-south-1,"Johannesburg, South Africa",242.5
2025-12-11 23:45:33,cloudping Huawei,sa-brazil-1,"Sao Paulo, Brazil",260.5
2025-12-11 23:45:33,cloudping Huawei,cn-east-2,Shanghai 2,209
2025-12-11 23:45:33,cloudping Huawei,cn-north-9,Wulanchabu,224.5
2025-12-11 23:45:33,cloudping Huawei,cn-east-3,Shanghai 1,226
2025-12-11 23:45:33,cloudping Huawei,cn-south-1,Guangzhou,250
2025-12-11 23:45:33,cloudping Huawei,cn-southwest-2,Guiyang 1,265.5
2025-12-11 23:45:33,cloudping Huawei,cn-north-4,Beijing 4,273
2025-12-11 23:45:33,cloudping Huawei,cn-north-1,Beijing 1,289
2025-12-12 00:11:34,cloudping Huawei,na-mexico-1,"Mexico City 1, Mexico",145
2025-12-12 00:11:34,cloudping Huawei,la-north-2,"Mexico City 2, Mexico",145.5
2025-12-12 00:11:34,cloudping Huawei,ap-southeast-3,Singapore,193
2025-12-12 00:11:34,cloudping Huawei,ap-southeast-1,"Hong Kong, China",218
2025-12-12 00:11:34,cloudping Huawei,sa-brazil-1,"Sao Paulo, Brazil",222.5
2025-12-12 00:11:34,cloudping Huawei,la-south-2,"Santiago, Chile",246
2025-12-12 00:11:34,cloudping Huawei,ap-southeast-2,"Bangkok, Thailand",248
2025-12-12 00:11:34,cloudping Huawei,af-south-1,"Johannesburg, South Africa",300
2025-12-12 00:11:34,cloudping Huawei,na-mexico-1,"Mexico City 1, Mexico",145
2025-12-12 00:11:34,cloudping Huawei,la-north-2,"Mexico City 2, Mexico",145.5
2025-12-12 00:11:34,cloudping Huawei,ap-southeast-3,Singapore,193
2025-12-12 00:11:34,cloudping Huawei,ap-southeast-1,"Hong Kong, China",218
2025-12-12 00:11:34,cloudping Huawei,sa-brazil-1,"Sao Paulo, Brazil",222.5
2025-12-12 00:11:34,cloudping Huawei,la-south-2,"Santiago, Chile",246
2025-12-12 00:11:34,cloudping Huawei,ap-southeast-2,"Bangkok, Thailand",248
2025-12-12 00:11:34,cloudping Huawei,af-south-1,"Johannesburg, South Africa",300
2025-12-12 00:11:34,cloudping Huawei,cn-east-2,Shanghai 2,220
2025-12-12 00:11:34,cloudping Huawei,cn-east-3,Shanghai 1,226.5
2025-12-12 00:11:34,cloudping Huawei,cn-north-1,Beijing 1,240
2025-12-12 00:11:34,cloudping Huawei,cn-north-4,Beijing 4,251.5
2025-12-12 00:11:34,cloudping Huawei,cn-south-1,Guangzhou,256
2025-12-12 00:11:34,cloudping Huawei,cn-north-9,Wulanchabu,261
2025-12-12 00:11:34,cloudping Huawei,cn-southwest-2,Guiyang 1,261.5
2025-12-12 00:37:33,cloudping Huawei,na-mexico-1,"Mexico City 1, Mexico",148.5
2025-12-12 00:37:33,cloudping Huawei,la-north-2,"Mexico City 2, Mexico",154
2025-12-12 00:37:33,cloudping Huawei,ap-southeast-3,Singapore,187.5
2025-12-12 00:37:33,cloudping Huawei,sa-brazil-1,"Sao Paulo, Brazil",223.5
2025-12-12 00:37:33,cloudping Huawei,ap-southeast-1,"Hong Kong, China",225
2025-12-12 00:37:33,cloudping Huawei,af-south-1,"Johannesburg, South Africa",235.5
2025-12-12 00:37:33,cloudping Huawei,la-south-2,"Santiago, Chile",236
2025-12-12 00:37:33,cloudping Huawei,ap-southeast-2,"Bangkok, Thailand",236.5
2025-12-12 00:37:33,cloudping Huawei,na-mexico-1,"Mexico City 1, Mexico",148.5
2025-12-12 00:37:33,cloudping Huawei,la-north-2,"Mexico City 2, Mexico",154
2025-12-12 00:37:33,cloudping Huawei,ap-southeast-3,Singapore,187.5
2025-12-12 00:37:33,cloudping Huawei,sa-brazil-1,"Sao Paulo, Brazil",223.5
2025-12-12 00:37:33,cloudping Huawei,ap-southeast-1,"Hong Kong, China",225
2025-12-12 00:37:33,cloudping Huawei,af-south-1,"Johannesburg, South Africa",235.5
2025-12-12 00:37:33,cloudping Huawei,la-south-2,"Santiago, Chile",236
2025-12-12 00:37:33,cloudping Huawei,ap-southeast-2,"Bangkok, Thailand",236.5
2025-12-12 00:37:33,cloudping Huawei,cn-east-2,Shanghai 2,216.5
2025-12-12 00:37:33,cloudping Huawei,cn-east-3,Shanghai 1,259
2025-12-12 00:37:33,cloudping Huawei,cn-north-1,Beijing 1,461.5
2025-12-12 00:37:33,cloudping Huawei,cn-southwest-2,Guiyang 1,485.5
2025-12-12 00:37:33,cloudping Huawei,cn-north-9,Wulanchabu,495.5
2025-12-12 00:37:33,cloudping Huawei,cn-north-4,Beijing 4,579.5
2025-12-12 00:37:33,cloudping Huawei,cn-south-1,Guangzhou,796
2025-12-12 01:03:32,cloudping Huawei,la-north-2,"Mexico City 2, Mexico",155
2025-12-12 01:03:32,cloudping Huawei,ap-southeast-3,Singapore,198.5
2025-12-12 01:03:32,cloudping Huawei,ap-southeast-1,"Hong Kong, China",213.5
2025-12-12 01:03:32,cloudping Huawei,sa-brazil-1,"Sao Paulo, Brazil",222
2025-12-12 01:03:32,cloudping Huawei,na-mexico-1,"Mexico City 1, Mexico",234
2025-12-12 01:03:32,cloudping Huawei,ap-southeast-2,"Bangkok, Thailand",249.5
2025-12-12 01:03:32,cloudping Huawei,la-south-2,"Santiago, Chile",324.5
2025-12-12 01:03:32,cloudping Huawei,af-south-1,"Johannesburg, South Africa",365.5
2025-12-12 01:03:32,cloudping Huawei,la-north-2,"Mexico City 2, Mexico",155
2025-12-12 01:03:32,cloudping Huawei,ap-southeast-3,Singapore,198.5
2025-12-12 01:03:32,cloudping Huawei,ap-southeast-1,"Hong Kong, China",213.5
2025-12-12 01:03:32,cloudping Huawei,sa-brazil-1,"Sao Paulo, Brazil",222
2025-12-12 01:03:32,cloudping Huawei,na-mexico-1,"Mexico City 1, Mexico",234
2025-12-12 01:03:32,cloudping Huawei,ap-southeast-2,"Bangkok, Thailand",249.5
2025-12-12 01:03:32,cloudping Huawei,la-south-2,"Santiago, Chile",324.5
2025-12-12 01:03:32,cloudping Huawei,af-south-1,"Johannesburg, South Africa",365.5
2025-12-12 01:03:32,cloudping Huawei,cn-east-2,Shanghai 2,216.5
2025-12-12 01:03:32,cloudping Huawei,cn-north-9,Wulanchabu,227
2025-12-12 01:03:32,cloudping Huawei,cn-north-1,Beijing 1,248
2025-12-12 01:03:32,cloudping Huawei,cn-east-3,Shanghai 1,253.5
2025-12-12 01:03:32,cloudping Huawei,cn-south-1,Guangzhou,255.5
2025-12-12 01:03:32,cloudping Huawei,cn-north-4,Beijing 4,291
2025-12-12 01:03:32,cloudping Huawei,cn-southwest-2,Guiyang 1,305
2025-12-12 01:29:33,cloudping Huawei,na-mexico-1,"Mexico City 1, Mexico",145
2025-12-12 01:29:33,cloudping Huawei,la-north-2,"Mexico City 2, Mexico",146.5
2025-12-12 01:29:33,cloudping Huawei,sa-brazil-1,"Sao Paulo, Brazil",223
2025-12-12 01:29:33,cloudping Huawei,ap-southeast-3,Singapore,223
2025-12-12 01:29:33,cloudping Huawei,ap-southeast-1,"Hong Kong, China",226.5
2025-12-12 01:29:33,cloudping Huawei,ap-southeast-2,"Bangkok, Thailand",239.5
2025-12-12 01:29:33,cloudping Huawei,la-south-2,"Santiago, Chile",240.5
2025-12-12 01:29:33,cloudping Huawei,af-south-1,"Johannesburg, South Africa",261.5
2025-12-12 01:29:33,cloudping Huawei,na-mexico-1,"Mexico City 1, Mexico",145
2025-12-12 01:29:33,cloudping Huawei,la-north-2,"Mexico City 2, Mexico",146.5
2025-12-12 01:29:33,cloudping Huawei,sa-brazil-1,"Sao Paulo, Brazil",223
2025-12-12 01:29:33,cloudping Huawei,ap-southeast-3,Singapore,223
2025-12-12 01:29:33,cloudping Huawei,ap-southeast-1,"Hong Kong, China",226.5
2025-12-12 01:29:33,cloudping Huawei,ap-southeast-2,"Bangkok, Thailand",239.5
2025-12-12 01:29:33,cloudping Huawei,la-south-2,"Santiago, Chile",240.5
2025-12-12 01:29:33,cloudping Huawei,af-south-1,"Johannesburg, South Africa",261.5
2025-12-12 01:29:33,cloudping Huawei,cn-north-1,Beijing 1,192.5
2025-12-12 01:29:33,cloudping Huawei,cn-east-3,Shanghai 1,206.5
2025-12-12 01:29:33,cloudping Huawei,cn-south-1,Guangzhou,236
2025-12-12 01:29:33,cloudping Huawei,cn-east-2,Shanghai 2,240
2025-12-12 01:29:33,cloudping Huawei,cn-southwest-2,Guiyang 1,244.5
2025-12-12 01:29:33,cloudping Huawei,cn-north-4,Beijing 4,265.5
2025-12-12 01:29:33,cloudping Huawei,cn-north-9,Wulanchabu,362
2025-12-12 01:55:33,cloudping Huawei,na-mexico-1,"Mexico City 1, Mexico",146.5
2025-12-12 01:55:33,cloudping Huawei,la-north-2,"Mexico City 2, Mexico",157
2025-12-12 01:55:33,cloudping Huawei,ap-southeast-3,Singapore,191
2025-12-12 01:55:33,cloudping Huawei,ap-southeast-1,"Hong Kong, China",223
2025-12-12 01:55:33,cloudping Huawei,sa-brazil-1,"Sao Paulo, Brazil",224
2025-12-12 01:55:33,cloudping Huawei,ap-southeast-2,"Bangkok, Thailand",230
2025-12-12 01:55:33,cloudping Huawei,la-south-2,"Santiago, Chile",243.5
2025-12-12 01:55:33,cloudping Huawei,af-south-1,"Johannesburg, South Africa",303
2025-12-12 01:55:33,cloudping Huawei,na-mexico-1,"Mexico City 1, Mexico",146.5
2025-12-12 01:55:33,cloudping Huawei,la-north-2,"Mexico City 2, Mexico",157
2025-12-12 01:55:33,cloudping Huawei,ap-southeast-3,Singapore,191
2025-12-12 01:55:33,cloudping Huawei,ap-southeast-1,"Hong Kong, China",223
2025-12-12 01:55:33,cloudping Huawei,sa-brazil-1,"Sao Paulo, Brazil",224
2025-12-12 01:55:33,cloudping Huawei,ap-southeast-2,"Bangkok, Thailand",230
2025-12-12 01:55:33,cloudping Huawei,la-south-2,"Santiago, Chile",243.5
2025-12-12 01:55:33,cloudping Huawei,af-south-1,"Johannesburg, South Africa",303
2025-12-12 01:55:33,cloudping Huawei,cn-east-2,Shanghai 2,227
2025-12-12 01:55:33,cloudping Huawei,cn-north-1,Beijing 1,450.5
2025-12-12 01:55:33,cloudping Huawei,cn-east-3,Shanghai 1,495
2025-12-12 01:55:33,cloudping Huawei,cn-southwest-2,Guiyang 1,498.5
2025-12-12 01:55:33,cloudping Huawei,cn-south-1,Guangzhou,501.5
2025-12-12 01:55:33,cloudping Huawei,cn-north-4,Beijing 4,543.5
2025-12-12 01:55:33,cloudping Huawei,cn-north-9,Wulanchabu,580
2025-12-12 02:21:33,cloudping Huawei,la-north-2,"Mexico City 2, Mexico",155.5
2025-12-12 02:21:33,cloudping Huawei,na-mexico-1,"Mexico City 1, Mexico",166
2025-12-12 02:21:33,cloudping Huawei,ap-southeast-1,"Hong Kong, China",217.5
2025-12-12 02:21:33,cloudping Huawei,sa-brazil-1,"Sao Paulo, Brazil",225
2025-12-12 02:21:33,cloudping Huawei,la-south-2,"Santiago, Chile",239.5
2025-12-12 02:21:33,cloudping Huawei,ap-southeast-2,"Bangkok, Thailand",240.5
2025-12-12 02:21:33,cloudping Huawei,af-south-1,"Johannesburg, South Africa",246.5
2025-12-12 02:21:33,cloudping Huawei,ap-southeast-3,Singapore,256
2025-12-12 02:21:33,cloudping Huawei,la-north-2,"Mexico City 2, Mexico",155.5
2025-12-12 02:21:33,cloudping Huawei,na-mexico-1,"Mexico City 1, Mexico",166
2025-12-12 02:21:33,cloudping Huawei,ap-southeast-1,"Hong Kong, China",217.5
2025-12-12 02:21:33,cloudping Huawei,sa-brazil-1,"Sao Paulo, Brazil",225
2025-12-12 02:21:33,cloudping Huawei,la-south-2,"Santiago, Chile",239.5
2025-12-12 02:21:33,cloudping Huawei,ap-southeast-2,"Bangkok, Thailand",240.5
2025-12-12 02:21:33,cloudping Huawei,af-south-1,"Johannesburg, South Africa",246.5
2025-12-12 02:21:33,cloudping Huawei,ap-southeast-3,Singapore,256
2025-12-12 02:21:33,cloudping Huawei,cn-east-2,Shanghai 2,213.5
2025-12-12 02:21:33,cloudping Huawei,cn-east-3,Shanghai 1,226.5
2025-12-12 02:21:33,cloudping Huawei,cn-south-1,Guangzhou,256
2025-12-12 02:21:33,cloudping Huawei,cn-north-9,Wulanchabu,267
2025-12-12 02:21:33,cloudping Huawei,cn-southwest-2,Guiyang 1,283.5
2025-12-12 02:21:33,cloudping Huawei,cn-north-1,Beijing 1,441
2025-12-12 02:21:33,cloudping Huawei,cn-north-4,Beijing 4,949.5
2025-12-12 02:47:33,cloudping Huawei,na-mexico-1,"Mexico City 1, Mexico",161
2025-12-12 02:47:33,cloudping Huawei,la-north-2,"Mexico City 2, Mexico",166
2025-12-12 02:47:33,cloudping Huawei,ap-southeast-3,Singapore,185.5
2025-12-12 02:47:33,cloudping Huawei,ap-southeast-1,"Hong Kong, China",224
2025-12-12 02:47:33,cloudping Huawei,sa-brazil-1,"Sao Paulo, Brazil",225.5
2025-12-12 02:47:33,cloudping Huawei,af-south-1,"Johannesburg, South Africa",238.5
2025-12-12 02:47:33,cloudping Huawei,ap-southeast-2,"Bangkok, Thailand",243.5
2025-12-12 02:47:33,cloudping Huawei,la-south-2,"Santiago, Chile",350.5
2025-12-12 02:47:33,cloudping Huawei,na-mexico-1,"Mexico City 1, Mexico",161
2025-12-12 02:47:33,cloudping Huawei,la-north-2,"Mexico City 2, Mexico",166
2025-12-12 02:47:33,cloudping Huawei,ap-southeast-3,Singapore,185.5
2025-12-12 02:47:33,cloudping Huawei,ap-southeast-1,"Hong Kong, China",224
2025-12-12 02:47:33,cloudping Huawei,sa-brazil-1,"Sao Paulo, Brazil",225.5
2025-12-12 02:47:33,cloudping Huawei,af-south-1,"Johannesburg, South Africa",238.5
2025-12-12 02:47:33,cloudping Huawei,ap-southeast-2,"Bangkok, Thailand",243.5
2025-12-12 02:47:33,cloudping Huawei,la-south-2,"Santiago, Chile",350.5
2025-12-12 02:47:33,cloudping Huawei,cn-east-3,Shanghai 1,221.5
2025-12-12 02:47:33,cloudping Huawei,cn-east-2,Shanghai 2,229.5
2025-12-12 02:47:33,cloudping Huawei,cn-south-1,Guangzhou,464.5
2025-12-12 02:47:33,cloudping Huawei,cn-north-1,Beijing 1,471.5
2025-12-12 02:47:33,cloudping Huawei,cn-north-9,Wulanchabu,550.5
2025-12-12 02:47:33,cloudping Huawei,cn-southwest-2,Guiyang 1,896
2025-12-12 02:47:33,cloudping Huawei,cn-north-4,Beijing 4,941.5
2025-12-12 03:13:34,cloudping Huawei,la-north-2,"Mexico City 2, Mexico",148
2025-12-12 03:13:34,cloudping Huawei,na-mexico-1,"Mexico City 1, Mexico",171.5
2025-12-12 03:13:34,cloudping Huawei,ap-southeast-3,Singapore,192
2025-12-12 03:13:34,cloudping Huawei,ap-southeast-1,"Hong Kong, China",212
2025-12-12 03:13:34,cloudping Huawei,sa-brazil-1,"Sao Paulo, Brazil",227
2025-12-12 03:13:34,cloudping Huawei,ap-southeast-2,"Bangkok, Thailand",232
2025-12-12 03:13:34,cloudping Huawei,af-south-1,"Johannesburg, South Africa",270.5
2025-12-12 03:13:34,cloudping Huawei,la-south-2,"Santiago, Chile",349.5
2025-12-12 03:13:34,cloudping Huawei,la-north-2,"Mexico City 2, Mexico",148
2025-12-12 03:13:34,cloudping Huawei,na-mexico-1,"Mexico City 1, Mexico",171.5
2025-12-12 03:13:34,cloudping Huawei,ap-southeast-3,Singapore,192
2025-12-12 03:13:34,cloudping Huawei,ap-southeast-1,"Hong Kong, China",212
2025-12-12 03:13:34,cloudping Huawei,sa-brazil-1,"Sao Paulo, Brazil",227
2025-12-12 03:13:34,cloudping Huawei,ap-southeast-2,"Bangkok, Thailand",232
2025-12-12 03:13:34,cloudping Huawei,af-south-1,"Johannesburg, South Africa",270.5
2025-12-12 03:13:34,cloudping Huawei,la-south-2,"Santiago, Chile",349.5
2025-12-12 03:13:34,cloudping Huawei,cn-east-3,Shanghai 1,208.5
2025-12-12 03:13:34,cloudping Huawei,cn-east-2,Shanghai 2,229
2025-12-12 03:13:34,cloudping Huawei,cn-north-4,Beijing 4,233.5
2025-12-12 03:13:34,cloudping Huawei,cn-south-1,Guangzhou,236.5
2025-12-12 03:13:34,cloudping Huawei,cn-southwest-2,Guiyang 1,241
2025-12-12 03:13:34,cloudping Huawei,cn-north-9,Wulanchabu,283
2025-12-12 03:13:34,cloudping Huawei,cn-north-1,Beijing 1,286.5
2025-12-12 03:39:35,cloudping Huawei,la-north-2,"Mexico City 2, Mexico",145.5
2025-12-12 03:39:35,cloudping Huawei,na-mexico-1,"Mexico City 1, Mexico",147
2025-12-12 03:39:35,cloudping Huawei,ap-southeast-3,Singapore,190
2025-12-12 03:39:35,cloudping Huawei,ap-southeast-1,"Hong Kong, China",216
2025-12-12 03:39:35,cloudping Huawei,sa-brazil-1,"Sao Paulo, Brazil",225
2025-12-12 03:39:35,cloudping Huawei,la-south-2,"Santiago, Chile",250.5
2025-12-12 03:39:35,cloudping Huawei,af-south-1,"Johannesburg, South Africa",253
2025-12-12 03:39:35,cloudping Huawei,ap-southeast-2,"Bangkok, Thailand",254
2025-12-12 03:39:35,cloudping Huawei,la-north-2,"Mexico City 2, Mexico",145.5
2025-12-12 03:39:35,cloudping Huawei,na-mexico-1,"Mexico City 1, Mexico",147
2025-12-12 03:39:35,cloudping Huawei,ap-southeast-3,Singapore,190
2025-12-12 03:39:35,cloudping Huawei,ap-southeast-1,"Hong Kong, China",216
2025-12-12 03:39:35,cloudping Huawei,sa-brazil-1,"Sao Paulo, Brazil",225
2025-12-12 03:39:35,cloudping Huawei,la-south-2,"Santiago, Chile",250.5
2025-12-12 03:39:35,cloudping Huawei,af-south-1,"Johannesburg, South Africa",253
2025-12-12 03:39:35,cloudping Huawei,ap-southeast-2,"Bangkok, Thailand",254
2025-12-12 03:39:35,cloudping Huawei,cn-east-3,Shanghai 1,214
2025-12-12 03:39:35,cloudping Huawei,cn-south-1,Guangzhou,237
2025-12-12 03:39:35,cloudping Huawei,cn-east-2,Shanghai 2,251
2025-12-12 03:39:35,cloudping Huawei,cn-southwest-2,Guiyang 1,256
2025-12-12 03:39:35,cloudping Huawei,cn-north-1,Beijing 1,454.5
2025-12-12 03:39:35,cloudping Huawei,cn-north-4,Beijing 4,535
2025-12-12 03:39:35,cloudping Huawei,cn-north-9,Wulanchabu,609.5
2025-12-12 04:05:35,cloudping Huawei,na-mexico-1,"Mexico City 1, Mexico",161
2025-12-12 04:05:35,cloudping Huawei,la-north-2,"Mexico City 2, Mexico",170.5
2025-12-12 04:05:35,cloudping Huawei,ap-southeast-3,Singapore,197.5
2025-12-12 04:05:35,cloudping Huawei,ap-southeast-1,"Hong Kong, China",219.5
2025-12-12 04:05:35,cloudping Huawei,sa-brazil-1,"Sao Paulo, Brazil",228
2025-12-12 04:05:35,cloudping Huawei,ap-southeast-2,"Bangkok, Thailand",233.5
2025-12-12 04:05:35,cloudping Huawei,la-south-2,"Santiago, Chile",241.5
2025-12-12 04:05:35,cloudping Huawei,af-south-1,"Johannesburg, South Africa",311
2025-12-12 04:05:35,cloudping Huawei,na-mexico-1,"Mexico City 1, Mexico",161
2025-12-12 04:05:35,cloudping Huawei,la-north-2,"Mexico City 2, Mexico",170.5
2025-12-12 04:05:35,cloudping Huawei,ap-southeast-3,Singapore,197.5
2025-12-12 04:05:35,cloudping Huawei,ap-southeast-1,"Hong Kong, China",219.5
2025-12-12 04:05:35,cloudping Huawei,sa-brazil-1,"Sao Paulo, Brazil",228
2025-12-12 04:05:35,cloudping Huawei,ap-southeast-2,"Bangkok, Thailand",233.5
2025-12-12 04:05:35,cloudping Huawei,la-south-2,"Santiago, Chile",241.5
2025-12-12 04:05:35,cloudping Huawei,af-south-1,"Johannesburg, South Africa",311
2025-12-12 04:05:35,cloudping Huawei,cn-east-2,Shanghai 2,230.5
2025-12-12 04:05:35,cloudping Huawei,cn-east-3,Shanghai 1,246
2025-12-12 04:05:35,cloudping Huawei,cn-north-9,Wulanchabu,267
2025-12-12 04:05:35,cloudping Huawei,cn-north-1,Beijing 1,434.5
2025-12-12 04:05:35,cloudping Huawei,cn-south-1,Guangzhou,453.5
2025-12-12 04:05:35,cloudping Huawei,cn-southwest-2,Guiyang 1,505
2025-12-12 04:05:35,cloudping Huawei,cn-north-4,Beijing 4,654
2025-12-12 04:31:36,cloudping Huawei,na-mexico-1,"Mexico City 1, Mexico",169.5
2025-12-12 04:31:36,cloudping Huawei,ap-southeast-3,Singapore,189.5
2025-12-12 04:31:36,cloudping Huawei,ap-southeast-1,"Hong Kong, China",219.5
2025-12-12 04:31:36,cloudping Huawei,sa-brazil-1,"Sao Paulo, Brazil",224.5
2025-12-12 04:31:36,cloudping Huawei,la-south-2,"Santiago, Chile",237
2025-12-12 04:31:36,cloudping Huawei,ap-southeast-2,"Bangkok, Thailand",245
2025-12-12 04:31:36,cloudping Huawei,af-south-1,"Johannesburg, South Africa",248
2025-12-12 04:31:36,cloudping Huawei,la-north-2,"Mexico City 2, Mexico",248
2025-12-12 04:31:36,cloudping Huawei,na-mexico-1,"Mexico City 1, Mexico",169.5
2025-12-12 04:31:36,cloudping Huawei,ap-southeast-3,Singapore,189.5
2025-12-12 04:31:36,cloudping Huawei,ap-southeast-1,"Hong Kong, China",219.5
2025-12-12 04:31:36,cloudping Huawei,sa-brazil-1,"Sao Paulo, Brazil",224.5
2025-12-12 04:31:36,cloudping Huawei,la-south-2,"Santiago, Chile",237
2025-12-12 04:31:36,cloudping Huawei,ap-southeast-2,"Bangkok, Thailand",245
2025-12-12 04:31:36,cloudping Huawei,af-south-1,"Johannesburg, South Africa",248
2025-12-12 04:31:36,cloudping Huawei,la-north-2,"Mexico City 2, Mexico",248
2025-12-12 04:31:36,cloudping Huawei,cn-east-3,Shanghai 1,212
2025-12-12 04:31:36,cloudping Huawei,cn-east-2,Shanghai 2,216.5
2025-12-12 04:31:36,cloudping Huawei,cn-south-1,Guangzhou,235.5
2025-12-12 04:31:36,cloudping Huawei,cn-north-4,Beijing 4,261
2025-12-12 04:31:36,cloudping Huawei,cn-north-9,Wulanchabu,273
2025-12-12 04:31:36,cloudping Huawei,cn-north-1,Beijing 1,287.5
2025-12-12 04:31:36,cloudping Huawei,cn-southwest-2,Guiyang 1,593
2025-12-12 04:57:35,cloudping Huawei,na-mexico-1,"Mexico City 1, Mexico",147.5
2025-12-12 04:57:35,cloudping Huawei,la-north-2,"Mexico City 2, Mexico",158.5
2025-12-12 04:57:35,cloudping Huawei,ap-southeast-3,Singapore,212.5
2025-12-12 04:57:35,cloudping Huawei,ap-southeast-1,"Hong Kong, China",218.5
2025-12-12 04:57:35,cloudping Huawei,sa-brazil-1,"Sao Paulo, Brazil",226.5
2025-12-12 04:57:35,cloudping Huawei,la-south-2,"Santiago, Chile",237.5
2025-12-12 04:57:35,cloudping Huawei,af-south-1,"Johannesburg, South Africa",240.5
2025-12-12 04:57:35,cloudping Huawei,ap-southeast-2,"Bangkok, Thailand",258
2025-12-12 04:57:35,cloudping Huawei,na-mexico-1,"Mexico City 1, Mexico",147.5
2025-12-12 04:57:35,cloudping Huawei,la-north-2,"Mexico City 2, Mexico",158.5
2025-12-12 04:57:35,cloudping Huawei,ap-southeast-3,Singapore,212.5
2025-12-12 04:57:35,cloudping Huawei,ap-southeast-1,"Hong Kong, China",218.5
2025-12-12 04:57:35,cloudping Huawei,sa-brazil-1,"Sao Paulo, Brazil",226.5
2025-12-12 04:57:35,cloudping Huawei,la-south-2,"Santiago, Chile",237.5
2025-12-12 04:57:35,cloudping Huawei,af-south-1,"Johannesburg, South Africa",240.5
2025-12-12 04:57:35,cloudping Huawei,ap-southeast-2,"Bangkok, Thailand",258
2025-12-12 04:57:35,cloudping Huawei,cn-east-2,Shanghai 2,211.5
2025-12-12 04:57:35,cloudping Huawei,cn-south-1,Guangzhou,450
2025-12-12 04:57:35,cloudping Huawei,cn-east-3,Shanghai 1,453
2025-12-12 04:57:35,cloudping Huawei,cn-north-1,Beijing 1,455
2025-12-12 04:57:35,cloudping Huawei,cn-north-4,Beijing 4,481.5
2025-12-12 04:57:35,cloudping Huawei,cn-north-9,Wulanchabu,555
2025-12-12 04:57:35,cloudping Huawei,cn-southwest-2,Guiyang 1,1015
2025-12-12 05:23:35,cloudping Huawei,na-mexico-1,"Mexico City 1, Mexico",163
2025-12-12 05:23:35,cloudping Huawei,la-north-2,"Mexico City 2, Mexico",166
2025-12-12 05:23:35,cloudping Huawei,sa-brazil-1,"Sao Paulo, Brazil",231
2025-12-12 05:23:35,cloudping Huawei,ap-southeast-1,"Hong Kong, China",231.5
2025-12-12 05:23:35,cloudping Huawei,la-south-2,"Santiago, Chile",238.5
2025-12-12 05:23:35,cloudping Huawei,ap-southeast-3,Singapore,243.5
2025-12-12 05:23:35,cloudping Huawei,ap-southeast-2,"Bangkok, Thailand",264
2025-12-12 05:23:35,cloudping Huawei,af-south-1,"Johannesburg, South Africa",391
2025-12-12 05:23:35,cloudping Huawei,na-mexico-1,"Mexico City 1, Mexico",163
2025-12-12 05:23:35,cloudping Huawei,la-north-2,"Mexico City 2, Mexico",166
2025-12-12 05:23:35,cloudping Huawei,sa-brazil-1,"Sao Paulo, Brazil",231
2025-12-12 05:23:35,cloudping Huawei,ap-southeast-1,"Hong Kong, China",231.5
2025-12-12 05:23:35,cloudping Huawei,la-south-2,"Santiago, Chile",238.5
2025-12-12 05:23:35,cloudping Huawei,ap-southeast-3,Singapore,243.5
2025-12-12 05:23:35,cloudping Huawei,ap-southeast-2,"Bangkok, Thailand",264
2025-12-12 05:23:35,cloudping Huawei,af-south-1,"Johannesburg, South Africa",391
2025-12-12 05:23:35,cloudping Huawei,cn-south-1,Guangzhou,275
2025-12-12 05:23:35,cloudping Huawei,cn-north-4,Beijing 4,278
2025-12-12 05:23:35,cloudping Huawei,cn-north-9,Wulanchabu,281
2025-12-12 05:23:35,cloudping Huawei,cn-north-1,Beijing 1,291
2025-12-12 05:23:35,cloudping Huawei,cn-east-3,Shanghai 1,442.5
2025-12-12 05:23:35,cloudping Huawei,cn-southwest-2,Guiyang 1,498.5
2025-12-12 05:23:35,cloudping Huawei,cn-east-2,Shanghai 2,1430
2025-12-12 05:49:35,cloudping Huawei,na-mexico-1,"Mexico City 1, Mexico",155
2025-12-12 05:49:35,cloudping Huawei,la-north-2,"Mexico City 2, Mexico",162.5
2025-12-12 05:49:35,cloudping Huawei,ap-southeast-3,Singapore,190.5
2025-12-12 05:49:35,cloudping Huawei,ap-southeast-1,"Hong Kong, China",218
2025-12-12 05:49:35,cloudping Huawei,sa-brazil-1,"Sao Paulo, Brazil",220.5
2025-12-12 05:49:35,cloudping Huawei,la-south-2,"Santiago, Chile",235.5
2025-12-12 05:49:35,cloudping Huawei,ap-southeast-2,"Bangkok, Thailand",240.5
2025-12-12 05:49:35,cloudping Huawei,af-south-1,"Johannesburg, South Africa",250
2025-12-12 05:49:35,cloudping Huawei,na-mexico-1,"Mexico City 1, Mexico",155
2025-12-12 05:49:35,cloudping Huawei,la-north-2,"Mexico City 2, Mexico",162.5
2025-12-12 05:49:35,cloudping Huawei,ap-southeast-3,Singapore,190.5
2025-12-12 05:49:35,cloudping Huawei,ap-southeast-1,"Hong Kong, China",218
2025-12-12 05:49:35,cloudping Huawei,sa-brazil-1,"Sao Paulo, Brazil",220.5
2025-12-12 05:49:35,cloudping Huawei,la-south-2,"Santiago, Chile",235.5
2025-12-12 05:49:35,cloudping Huawei,ap-southeast-2,"Bangkok, Thailand",240.5
2025-12-12 05:49:35,cloudping Huawei,af-south-1,"Johannesburg, South Africa",250
2025-12-12 05:49:35,cloudping Huawei,cn-south-1,Guangzhou,219
2025-12-12 05:49:35,cloudping Huawei,cn-east-2,Shanghai 2,226
2025-12-12 05:49:35,cloudping Huawei,cn-southwest-2,Guiyang 1,237.5
2025-12-12 05:49:35,cloudping Huawei,cn-east-3,Shanghai 1,263.5
2025-12-12 05:49:35,cloudping Huawei,cn-north-1,Beijing 1,468
2025-12-12 05:49:35,cloudping Huawei,cn-north-4,Beijing 4,515.5
2025-12-12 05:49:35,cloudping Huawei,cn-north-9,Wulanchabu,1033
2025-12-12 06:15:35,cloudping Huawei,la-north-2,"Mexico City 2, Mexico",164
2025-12-12 06:15:35,cloudping Huawei,ap-southeast-3,Singapore,187
2025-12-12 06:15:35,cloudping Huawei,na-mexico-1,"Mexico City 1, Mexico",212
2025-12-12 06:15:35,cloudping Huawei,sa-brazil-1,"Sao Paulo, Brazil",224.5
2025-12-12 06:15:35,cloudping Huawei,ap-southeast-1,"Hong Kong, China",232.5
2025-12-12 06:15:35,cloudping Huawei,la-south-2,"Santiago, Chile",237
2025-12-12 06:15:35,cloudping Huawei,ap-southeast-2,"Bangkok, Thailand",239.5
2025-12-12 06:15:35,cloudping Huawei,af-south-1,"Johannesburg, South Africa",242
2025-12-12 06:15:35,cloudping Huawei,la-north-2,"Mexico City 2, Mexico",164
2025-12-12 06:15:35,cloudping Huawei,ap-southeast-3,Singapore,187
2025-12-12 06:15:35,cloudping Huawei,na-mexico-1,"Mexico City 1, Mexico",212
2025-12-12 06:15:35,cloudping Huawei,sa-brazil-1,"Sao Paulo, Brazil",224.5
2025-12-12 06:15:35,cloudping Huawei,ap-southeast-1,"Hong Kong, China",232.5
2025-12-12 06:15:35,cloudping Huawei,la-south-2,"Santiago, Chile",237
2025-12-12 06:15:35,cloudping Huawei,ap-southeast-2,"Bangkok, Thailand",239.5
2025-12-12 06:15:35,cloudping Huawei,af-south-1,"Johannesburg, South Africa",242
2025-12-12 06:15:35,cloudping Huawei,cn-east-2,Shanghai 2,211
2025-12-12 06:15:35,cloudping Huawei,cn-east-3,Shanghai 1,211
2025-12-12 06:15:35,cloudping Huawei,cn-southwest-2,Guiyang 1,258.5
2025-12-12 06:15:35,cloudping Huawei,cn-north-9,Wulanchabu,474
2025-12-12 06:15:35,cloudping Huawei,cn-north-1,Beijing 1,474
2025-12-12 06:15:35,cloudping Huawei,cn-south-1,Guangzhou,478.5
2025-12-12 06:15:35,cloudping Huawei,cn-north-4,Beijing 4,485.5
2025-12-12 06:41:38,cloudping Huawei,la-north-2,"Mexico City 2, Mexico",155
2025-12-12 06:41:38,cloudping Huawei,ap-southeast-3,Singapore,218.5
2025-12-12 06:41:38,cloudping Huawei,ap-southeast-1,"Hong Kong, China",222.5
2025-12-12 06:41:38,cloudping Huawei,sa-brazil-1,"Sao Paulo, Brazil",223
2025-12-12 06:41:38,cloudping Huawei,la-south-2,"Santiago, Chile",229
2025-12-12 06:41:38,cloudping Huawei,ap-southeast-2,"Bangkok, Thailand",237
2025-12-12 06:41:38,cloudping Huawei,af-south-1,"Johannesburg, South Africa",242
2025-12-12 06:41:38,cloudping Huawei,na-mexico-1,"Mexico City 1, Mexico",283.5
2025-12-12 06:41:38,cloudping Huawei,la-north-2,"Mexico City 2, Mexico",155
2025-12-12 06:41:38,cloudping Huawei,ap-southeast-3,Singapore,218.5
2025-12-12 06:41:38,cloudping Huawei,ap-southeast-1,"Hong Kong, China",222.5
2025-12-12 06:41:38,cloudping Huawei,sa-brazil-1,"Sao Paulo, Brazil",223
2025-12-12 06:41:38,cloudping Huawei,la-south-2,"Santiago, Chile",229
2025-12-12 06:41:38,cloudping Huawei,ap-southeast-2,"Bangkok, Thailand",237
2025-12-12 06:41:38,cloudping Huawei,af-south-1,"Johannesburg, South Africa",242
2025-12-12 06:41:38,cloudping Huawei,na-mexico-1,"Mexico City 1, Mexico",283.5
2025-12-12 06:41:38,cloudping Huawei,cn-east-2,Shanghai 2,227
2025-12-12 06:41:38,cloudping Huawei,cn-east-3,Shanghai 1,232.5
2025-12-12 06:41:38,cloudping Huawei,cn-southwest-2,Guiyang 1,243.5
2025-12-12 06:41:38,cloudping Huawei,cn-north-1,Beijing 1,484.5
2025-12-12 06:41:38,cloudping Huawei,cn-south-1,Guangzhou,565.5
2025-12-12 06:41:38,cloudping Huawei,cn-north-9,Wulanchabu,626
2025-12-12 06:41:38,cloudping Huawei,cn-north-4,Beijing 4,1358
2025-12-12 07:07:36,cloudping Huawei,la-north-2,"Mexico City 2, Mexico",151.5
2025-12-12 07:07:36,cloudping Huawei,na-mexico-1,"Mexico City 1, Mexico",179.5
2025-12-12 07:07:36,cloudping Huawei,ap-southeast-3,Singapore,194.5
2025-12-12 07:07:36,cloudping Huawei,sa-brazil-1,"Sao Paulo, Brazil",219.5
2025-12-12 07:07:36,cloudping Huawei,ap-southeast-1,"Hong Kong, China",222.5
2025-12-12 07:07:36,cloudping Huawei,la-south-2,"Santiago, Chile",235.5
2025-12-12 07:07:36,cloudping Huawei,ap-southeast-2,"Bangkok, Thailand",264
2025-12-12 07:07:36,cloudping Huawei,af-south-1,"Johannesburg, South Africa",282.5
2025-12-12 07:07:36,cloudping Huawei,la-north-2,"Mexico City 2, Mexico",151.5
2025-12-12 07:07:36,cloudping Huawei,na-mexico-1,"Mexico City 1, Mexico",179.5
2025-12-12 07:07:36,cloudping Huawei,ap-southeast-3,Singapore,194.5
2025-12-12 07:07:36,cloudping Huawei,sa-brazil-1,"Sao Paulo, Brazil",219.5
2025-12-12 07:07:36,cloudping Huawei,ap-southeast-1,"Hong Kong, China",222.5
2025-12-12 07:07:36,cloudping Huawei,la-south-2,"Santiago, Chile",235.5
2025-12-12 07:07:36,cloudping Huawei,ap-southeast-2,"Bangkok, Thailand",264
2025-12-12 07:07:36,cloudping Huawei,af-south-1,"Johannesburg, South Africa",282.5
2025-12-12 07:07:36,cloudping Huawei,cn-east-3,Shanghai 1,226.5
2025-12-12 07:07:36,cloudping Huawei,cn-east-2,Shanghai 2,229
2025-12-12 07:07:36,cloudping Huawei,cn-south-1,Guangzhou,244
2025-12-12 07:07:36,cloudping Huawei,cn-southwest-2,Guiyang 1,256
2025-12-12 07:07:36,cloudping Huawei,cn-north-4,Beijing 4,272
2025-12-12 07:07:36,cloudping Huawei,cn-north-1,Beijing 1,294
2025-12-12 07:07:36,cloudping Huawei,cn-north-9,Wulanchabu,299.5
2025-12-12 07:33:36,cloudping Huawei,la-north-2,"Mexico City 2, Mexico",153
2025-12-12 07:33:36,cloudping Huawei,ap-southeast-3,Singapore,189.5
2025-12-12 07:33:36,cloudping Huawei,sa-brazil-1,"Sao Paulo, Brazil",229.5
2025-12-12 07:33:36,cloudping Huawei,ap-southeast-2,"Bangkok, Thailand",238.5
2025-12-12 07:33:36,cloudping Huawei,la-south-2,"Santiago, Chile",242.5
2025-12-12 07:33:36,cloudping Huawei,af-south-1,"Johannesburg, South Africa",248.5
2025-12-12 07:33:36,cloudping Huawei,na-mexico-1,"Mexico City 1, Mexico",266.5
2025-12-12 07:33:36,cloudping Huawei,ap-southeast-1,"Hong Kong, China",278
2025-12-12 07:33:36,cloudping Huawei,la-north-2,"Mexico City 2, Mexico",153
2025-12-12 07:33:36,cloudping Huawei,ap-southeast-3,Singapore,189.5
2025-12-12 07:33:36,cloudping Huawei,sa-brazil-1,"Sao Paulo, Brazil",229.5
2025-12-12 07:33:36,cloudping Huawei,ap-southeast-2,"Bangkok, Thailand",238.5
2025-12-12 07:33:36,cloudping Huawei,la-south-2,"Santiago, Chile",242.5
2025-12-12 07:33:36,cloudping Huawei,af-south-1,"Johannesburg, South Africa",248.5
2025-12-12 07:33:36,cloudping Huawei,na-mexico-1,"Mexico City 1, Mexico",266.5
2025-12-12 07:33:36,cloudping Huawei,ap-southeast-1,"Hong Kong, China",278
2025-12-12 07:33:36,cloudping Huawei,cn-east-3,Shanghai 1,222.5
2025-12-12 07:33:36,cloudping Huawei,cn-north-1,Beijing 1,251.5
2025-12-12 07:33:36,cloudping Huawei,cn-north-4,Beijing 4,265.5
2025-12-12 07:33:36,cloudping Huawei,cn-north-9,Wulanchabu,277
2025-12-12 07:33:36,cloudping Huawei,cn-east-2,Shanghai 2,527
2025-12-12 07:33:36,cloudping Huawei,cn-south-1,Guangzhou,540.5
2025-12-12 07:33:36,cloudping Huawei,cn-southwest-2,Guiyang 1,932
2025-12-12 07:59:36,cloudping Huawei,na-mexico-1,"Mexico City 1, Mexico",150
2025-12-12 07:59:36,cloudping Huawei,la-north-2,"Mexico City 2, Mexico",157
2025-12-12 07:59:36,cloudping Huawei,ap-southeast-3,Singapore,184.5
2025-12-12 07:59:36,cloudping Huawei,ap-southeast-1,"Hong Kong, China",215.5
2025-12-12 07:59:36,cloudping Huawei,sa-brazil-1,"Sao Paulo, Brazil",229.5
2025-12-12 07:59:36,cloudping Huawei,la-south-2,"Santiago, Chile",240
2025-12-12 07:59:36,cloudping Huawei,af-south-1,"Johannesburg, South Africa",244
2025-12-12 07:59:36,cloudping Huawei,ap-southeast-2,"Bangkok, Thailand",245.5
2025-12-12 07:59:36,cloudping Huawei,na-mexico-1,"Mexico City 1, Mexico",150
2025-12-12 07:59:36,cloudping Huawei,la-north-2,"Mexico City 2, Mexico",157
2025-12-12 07:59:36,cloudping Huawei,ap-southeast-3,Singapore,184.5
2025-12-12 07:59:36,cloudping Huawei,ap-southeast-1,"Hong Kong, China",215.5
2025-12-12 07:59:36,cloudping Huawei,sa-brazil-1,"Sao Paulo, Brazil",229.5
2025-12-12 07:59:36,cloudping Huawei,la-south-2,"Santiago, Chile",240
2025-12-12 07:59:36,cloudping Huawei,af-south-1,"Johannesburg, South Africa",244
2025-12-12 07:59:36,cloudping Huawei,ap-southeast-2,"Bangkok, Thailand",245.5
2025-12-12 07:59:36,cloudping Huawei,cn-south-1,Guangzhou,237.5
2025-12-12 07:59:36,cloudping Huawei,cn-north-1,Beijing 1,237.5
2025-12-12 07:59:36,cloudping Huawei,cn-north-9,Wulanchabu,266.5
2025-12-12 07:59:36,cloudping Huawei,cn-north-4,Beijing 4,271
2025-12-12 07:59:36,cloudping Huawei,cn-east-2,Shanghai 2,513
2025-12-12 07:59:36,cloudping Huawei,cn-east-3,Shanghai 1,537.5
2025-12-12 07:59:36,cloudping Huawei,cn-southwest-2,Guiyang 1,959.5
2025-12-12 08:25:37,cloudping Huawei,la-north-2,"Mexico City 2, Mexico",148.5
2025-12-12 08:25:37,cloudping Huawei,na-mexico-1,"Mexico City 1, Mexico",152.5
2025-12-12 08:25:37,cloudping Huawei,ap-southeast-3,Singapore,191
2025-12-12 08:25:37,cloudping Huawei,sa-brazil-1,"Sao Paulo, Brazil",224
2025-12-12 08:25:37,cloudping Huawei,ap-southeast-1,"Hong Kong, China",229.5
2025-12-12 08:25:37,cloudping Huawei,ap-southeast-2,"Bangkok, Thailand",232.5
2025-12-12 08:25:37,cloudping Huawei,la-south-2,"Santiago, Chile",237.5
2025-12-12 08:25:37,cloudping Huawei,af-south-1,"Johannesburg, South Africa",623
2025-12-12 08:25:37,cloudping Huawei,la-north-2,"Mexico City 2, Mexico",148.5
2025-12-12 08:25:37,cloudping Huawei,na-mexico-1,"Mexico City 1, Mexico",152.5
2025-12-12 08:25:37,cloudping Huawei,ap-southeast-3,Singapore,191
2025-12-12 08:25:37,cloudping Huawei,sa-brazil-1,"Sao Paulo, Brazil",224
2025-12-12 08:25:37,cloudping Huawei,ap-southeast-1,"Hong Kong, China",229.5
2025-12-12 08:25:37,cloudping Huawei,ap-southeast-2,"Bangkok, Thailand",232.5
2025-12-12 08:25:37,cloudping Huawei,la-south-2,"Santiago, Chile",237.5
2025-12-12 08:25:37,cloudping Huawei,af-south-1,"Johannesburg, South Africa",623
2025-12-12 08:25:37,cloudping Huawei,cn-north-1,Beijing 1,190.5
2025-12-12 08:25:37,cloudping Huawei,cn-east-2,Shanghai 2,211.5
2025-12-12 08:25:37,cloudping Huawei,cn-south-1,Guangzhou,226.5
2025-12-12 08:25:37,cloudping Huawei,cn-north-4,Beijing 4,227.5
2025-12-12 08:25:37,cloudping Huawei,cn-southwest-2,Guiyang 1,253.5
2025-12-12 08:25:37,cloudping Huawei,cn-north-9,Wulanchabu,275.5
2025-12-12 08:25:37,cloudping Huawei,cn-east-3,Shanghai 1,868
2025-12-12 08:51:38,cloudping Huawei,na-mexico-1,"Mexico City 1, Mexico",148
2025-12-12 08:51:38,cloudping Huawei,la-north-2,"Mexico City 2, Mexico",154
2025-12-12 08:51:38,cloudping Huawei,sa-brazil-1,"Sao Paulo, Brazil",219.5
2025-12-12 08:51:38,cloudping Huawei,ap-southeast-1,"Hong Kong, China",222
2025-12-12 08:51:38,cloudping Huawei,ap-southeast-3,Singapore,224
2025-12-12 08:51:38,cloudping Huawei,ap-southeast-2,"Bangkok, Thailand",232
2025-12-12 08:51:38,cloudping Huawei,la-south-2,"Santiago, Chile",234
2025-12-12 08:51:38,cloudping Huawei,af-south-1,"Johannesburg, South Africa",236
2025-12-12 08:51:38,cloudping Huawei,na-mexico-1,"Mexico City 1, Mexico",148
2025-12-12 08:51:38,cloudping Huawei,la-north-2,"Mexico City 2, Mexico",154
2025-12-12 08:51:38,cloudping Huawei,sa-brazil-1,"Sao Paulo, Brazil",219.5
2025-12-12 08:51:38,cloudping Huawei,ap-southeast-1,"Hong Kong, China",222
2025-12-12 08:51:38,cloudping Huawei,ap-southeast-3,Singapore,224
2025-12-12 08:51:38,cloudping Huawei,ap-southeast-2,"Bangkok, Thailand",232
2025-12-12 08:51:38,cloudping Huawei,la-south-2,"Santiago, Chile",234
2025-12-12 08:51:38,cloudping Huawei,af-south-1,"Johannesburg, South Africa",236
2025-12-12 08:51:38,cloudping Huawei,cn-east-2,Shanghai 2,231.5
2025-12-12 08:51:38,cloudping Huawei,cn-south-1,Guangzhou,265.5
2025-12-12 08:51:38,cloudping Huawei,cn-southwest-2,Guiyang 1,269
2025-12-12 08:51:38,cloudping Huawei,cn-north-9,Wulanchabu,273.5
2025-12-12 08:51:38,cloudping Huawei,cn-north-1,Beijing 1,300
2025-12-12 08:51:38,cloudping Huawei,cn-east-3,Shanghai 1,516
2025-12-12 08:51:38,cloudping Huawei,cn-north-4,Beijing 4,937.5
2025-12-12 09:17:37,cloudping Huawei,la-north-2,"Mexico City 2, Mexico",149.5
2025-12-12 09:17:37,cloudping Huawei,na-mexico-1,"Mexico City 1, Mexico",149.5
2025-12-12 09:17:37,cloudping Huawei,ap-southeast-1,"Hong Kong, China",214
2025-12-12 09:17:37,cloudping Huawei,ap-southeast-3,Singapore,220
2025-12-12 09:17:37,cloudping Huawei,ap-southeast-2,"Bangkok, Thailand",239.5
2025-12-12 09:17:37,cloudping Huawei,la-south-2,"Santiago, Chile",246
2025-12-12 09:17:37,cloudping Huawei,sa-brazil-1,"Sao Paulo, Brazil",304
2025-12-12 09:17:37,cloudping Huawei,af-south-1,"Johannesburg, South Africa",387.5
2025-12-12 09:17:37,cloudping Huawei,la-north-2,"Mexico City 2, Mexico",149.5
2025-12-12 09:17:37,cloudping Huawei,na-mexico-1,"Mexico City 1, Mexico",149.5
2025-12-12 09:17:37,cloudping Huawei,ap-southeast-1,"Hong Kong, China",214
2025-12-12 09:17:37,cloudping Huawei,ap-southeast-3,Singapore,220
2025-12-12 09:17:37,cloudping Huawei,ap-southeast-2,"Bangkok, Thailand",239.5
2025-12-12 09:17:37,cloudping Huawei,la-south-2,"Santiago, Chile",246
2025-12-12 09:17:37,cloudping Huawei,sa-brazil-1,"Sao Paulo, Brazil",304
2025-12-12 09:17:37,cloudping Huawei,af-south-1,"Johannesburg, South Africa",387.5
2025-12-12 09:17:37,cloudping Huawei,cn-south-1,Guangzhou,248.5
2025-12-12 09:17:37,cloudping Huawei,cn-north-9,Wulanchabu,266.5
2025-12-12 09:17:37,cloudping Huawei,cn-north-4,Beijing 4,271.5
2025-12-12 09:17:37,cloudping Huawei,cn-north-1,Beijing 1,307.5
2025-12-12 09:17:37,cloudping Huawei,cn-southwest-2,Guiyang 1,317
2025-12-12 09:17:37,cloudping Huawei,cn-east-2,Shanghai 2,525.5
2025-12-12 09:17:37,cloudping Huawei,cn-east-3,Shanghai 1,781.5
2025-12-12 09:43:38,cloudping Huawei,na-mexico-1,"Mexico City 1, Mexico",148
2025-12-12 09:43:38,cloudping Huawei,ap-southeast-3,Singapore,186.5
2025-12-12 09:43:38,cloudping Huawei,la-north-2,"Mexico City 2, Mexico",195.5
2025-12-12 09:43:38,cloudping Huawei,ap-southeast-1,"Hong Kong, China",219.5
2025-12-12 09:43:38,cloudping Huawei,sa-brazil-1,"Sao Paulo, Brazil",225.5
2025-12-12 09:43:38,cloudping Huawei,ap-southeast-2,"Bangkok, Thailand",231.5
2025-12-12 09:43:38,cloudping Huawei,la-south-2,"Santiago, Chile",237
2025-12-12 09:43:38,cloudping Huawei,af-south-1,"Johannesburg, South Africa",248.5
2025-12-12 09:43:38,cloudping Huawei,na-mexico-1,"Mexico City 1, Mexico",148
2025-12-12 09:43:38,cloudping Huawei,ap-southeast-3,Singapore,186.5
2025-12-12 09:43:38,cloudping Huawei,la-north-2,"Mexico City 2, Mexico",195.5
2025-12-12 09:43:38,cloudping Huawei,ap-southeast-1,"Hong Kong, China",219.5
2025-12-12 09:43:38,cloudping Huawei,sa-brazil-1,"Sao Paulo, Brazil",225.5
2025-12-12 09:43:38,cloudping Huawei,ap-southeast-2,"Bangkok, Thailand",231.5
2025-12-12 09:43:38,cloudping Huawei,la-south-2,"Santiago, Chile",237
2025-12-12 09:43:38,cloudping Huawei,af-south-1,"Johannesburg, South Africa",248.5
2025-12-12 09:43:38,cloudping Huawei,cn-east-3,Shanghai 1,207.5
2025-12-12 09:43:38,cloudping Huawei,cn-north-4,Beijing 4,215
2025-12-12 09:43:38,cloudping Huawei,cn-north-9,Wulanchabu,220
2025-12-12 09:43:38,cloudping Huawei,cn-south-1,Guangzhou,242.5
2025-12-12 09:43:38,cloudping Huawei,cn-southwest-2,Guiyang 1,252.5
2025-12-12 09:43:38,cloudping Huawei,cn-north-1,Beijing 1,254
2025-12-12 09:43:38,cloudping Huawei,cn-east-2,Shanghai 2,502.5
2025-12-12 10:09:39,cloudping Huawei,na-mexico-1,"Mexico City 1, Mexico",148
2025-12-12 10:09:39,cloudping Huawei,la-north-2,"Mexico City 2, Mexico",152
2025-12-12 10:09:39,cloudping Huawei,ap-southeast-3,Singapore,184
2025-12-12 10:09:39,cloudping Huawei,ap-southeast-1,"Hong Kong, China",228.5
2025-12-12 10:09:39,cloudping Huawei,sa-brazil-1,"Sao Paulo, Brazil",232
2025-12-12 10:09:39,cloudping Huawei,la-south-2,"Santiago, Chile",238
2025-12-12 10:09:39,cloudping Huawei,ap-southeast-2,"Bangkok, Thailand",238.5
2025-12-12 10:09:39,cloudping Huawei,af-south-1,"Johannesburg, South Africa",274
2025-12-12 10:09:39,cloudping Huawei,na-mexico-1,"Mexico City 1, Mexico",148
2025-12-12 10:09:39,cloudping Huawei,la-north-2,"Mexico City 2, Mexico",152
2025-12-12 10:09:39,cloudping Huawei,ap-southeast-3,Singapore,184
2025-12-12 10:09:39,cloudping Huawei,ap-southeast-1,"Hong Kong, China",228.5
2025-12-12 10:09:39,cloudping Huawei,sa-brazil-1,"Sao Paulo, Brazil",232
2025-12-12 10:09:39,cloudping Huawei,la-south-2,"Santiago, Chile",238
2025-12-12 10:09:39,cloudping Huawei,ap-southeast-2,"Bangkok, Thailand",238.5
2025-12-12 10:09:39,cloudping Huawei,af-south-1,"Johannesburg, South Africa",274
2025-12-12 10:09:39,cloudping Huawei,cn-east-2,Shanghai 2,210
2025-12-12 10:09:39,cloudping Huawei,cn-east-3,Shanghai 1,220.5
2025-12-12 10:09:39,cloudping Huawei,cn-north-1,Beijing 1,243.5
2025-12-12 10:09:39,cloudping Huawei,cn-southwest-2,Guiyang 1,254.5
2025-12-12 10:09:39,cloudping Huawei,cn-north-9,Wulanchabu,546.5
2025-12-12 10:09:39,cloudping Huawei,cn-south-1,Guangzhou,584
2025-12-12 10:09:39,cloudping Huawei,cn-north-4,Beijing 4,610.5
2025-12-12 10:35:38,cloudping Huawei,na-mexico-1,"Mexico City 1, Mexico",143
2025-12-12 10:35:38,cloudping Huawei,la-north-2,"Mexico City 2, Mexico",154.5
2025-12-12 10:35:38,cloudping Huawei,ap-southeast-3,Singapore,191.5
2025-12-12 10:35:38,cloudping Huawei,sa-brazil-1,"Sao Paulo, Brazil",225.5
2025-12-12 10:35:38,cloudping Huawei,ap-southeast-1,"Hong Kong, China",232.5
2025-12-12 10:35:38,cloudping Huawei,ap-southeast-2,"Bangkok, Thailand",237
2025-12-12 10:35:38,cloudping Huawei,af-south-1,"Johannesburg, South Africa",238.5
2025-12-12 10:35:38,cloudping Huawei,la-south-2,"Santiago, Chile",239
2025-12-12 10:35:38,cloudping Huawei,na-mexico-1,"Mexico City 1, Mexico",143
2025-12-12 10:35:38,cloudping Huawei,la-north-2,"Mexico City 2, Mexico",154.5
2025-12-12 10:35:38,cloudping Huawei,ap-southeast-3,Singapore,191.5
2025-12-12 10:35:38,cloudping Huawei,sa-brazil-1,"Sao Paulo, Brazil",225.5
2025-12-12 10:35:38,cloudping Huawei,ap-southeast-1,"Hong Kong, China",232.5
2025-12-12 10:35:38,cloudping Huawei,ap-southeast-2,"Bangkok, Thailand",237
2025-12-12 10:35:38,cloudping Huawei,af-south-1,"Johannesburg, South Africa",238.5
2025-12-12 10:35:38,cloudping Huawei,la-south-2,"Santiago, Chile",239
2025-12-12 10:35:38,cloudping Huawei,cn-north-1,Beijing 1,214
2025-12-12 10:35:38,cloudping Huawei,cn-east-2,Shanghai 2,220
2025-12-12 10:35:38,cloudping Huawei,cn-east-3,Shanghai 1,221.5
2025-12-12 10:35:38,cloudping Huawei,cn-south-1,Guangzhou,244.5
2025-12-12 10:35:38,cloudping Huawei,cn-southwest-2,Guiyang 1,256.5
2025-12-12 10:35:38,cloudping Huawei,cn-north-4,Beijing 4,281.5
2025-12-12 10:35:38,cloudping Huawei,cn-north-9,Wulanchabu,290.5
2025-12-12 11:01:41,cloudping Huawei,na-mexico-1,"Mexico City 1, Mexico",146.5
2025-12-12 11:01:41,cloudping Huawei,la-north-2,"Mexico City 2, Mexico",163.5
2025-12-12 11:01:41,cloudping Huawei,ap-southeast-3,Singapore,189.5
2025-12-12 11:01:41,cloudping Huawei,ap-southeast-1,"Hong Kong, China",219
2025-12-12 11:01:41,cloudping Huawei,sa-brazil-1,"Sao Paulo, Brazil",233
2025-12-12 11:01:41,cloudping Huawei,la-south-2,"Santiago, Chile",240.5
2025-12-12 11:01:41,cloudping Huawei,ap-southeast-2,"Bangkok, Thailand",243.5
2025-12-12 11:01:41,cloudping Huawei,af-south-1,"Johannesburg, South Africa",691
2025-12-12 11:01:41,cloudping Huawei,na-mexico-1,"Mexico City 1, Mexico",146.5
2025-12-12 11:01:41,cloudping Huawei,la-north-2,"Mexico City 2, Mexico",163.5
2025-12-12 11:01:41,cloudping Huawei,ap-southeast-3,Singapore,189.5
2025-12-12 11:01:41,cloudping Huawei,ap-southeast-1,"Hong Kong, China",219
2025-12-12 11:01:41,cloudping Huawei,sa-brazil-1,"Sao Paulo, Brazil",233
2025-12-12 11:01:41,cloudping Huawei,la-south-2,"Santiago, Chile",240.5
2025-12-12 11:01:41,cloudping Huawei,ap-southeast-2,"Bangkok, Thailand",243.5
2025-12-12 11:01:41,cloudping Huawei,af-south-1,"Johannesburg, South Africa",691
2025-12-12 11:01:41,cloudping Huawei,cn-east-2,Shanghai 2,201.5
2025-12-12 11:01:41,cloudping Huawei,cn-south-1,Guangzhou,256.5
2025-12-12 11:01:41,cloudping Huawei,cn-north-1,Beijing 1,269
2025-12-12 11:01:41,cloudping Huawei,cn-southwest-2,Guiyang 1,271
2025-12-12 11:01:41,cloudping Huawei,cn-north-4,Beijing 4,279.5
2025-12-12 11:01:41,cloudping Huawei,cn-north-9,Wulanchabu,281
2025-12-12 11:01:41,cloudping Huawei,cn-east-3,Shanghai 1,528.5
2025-12-12 11:27:38,cloudping Huawei,na-mexico-1,"Mexico City 1, Mexico",144
2025-12-12 11:27:38,cloudping Huawei,la-north-2,"Mexico City 2, Mexico",155.5
2025-12-12 11:27:38,cloudping Huawei,ap-southeast-3,Singapore,194
2025-12-12 11:27:38,cloudping Huawei,ap-southeast-1,"Hong Kong, China",214.5
2025-12-12 11:27:38,cloudping Huawei,sa-brazil-1,"Sao Paulo, Brazil",223.5
2025-12-12 11:27:38,cloudping Huawei,la-south-2,"Santiago, Chile",237
2025-12-12 11:27:38,cloudping Huawei,af-south-1,"Johannesburg, South Africa",238.5
2025-12-12 11:27:38,cloudping Huawei,ap-southeast-2,"Bangkok, Thailand",250
2025-12-12 11:27:38,cloudping Huawei,na-mexico-1,"Mexico City 1, Mexico",144
2025-12-12 11:27:38,cloudping Huawei,la-north-2,"Mexico City 2, Mexico",155.5
2025-12-12 11:27:38,cloudping Huawei,ap-southeast-3,Singapore,194
2025-12-12 11:27:38,cloudping Huawei,ap-southeast-1,"Hong Kong, China",214.5
2025-12-12 11:27:38,cloudping Huawei,sa-brazil-1,"Sao Paulo, Brazil",223.5
2025-12-12 11:27:38,cloudping Huawei,la-south-2,"Santiago, Chile",237
2025-12-12 11:27:38,cloudping Huawei,af-south-1,"Johannesburg, South Africa",238.5
2025-12-12 11:27:38,cloudping Huawei,ap-southeast-2,"Bangkok, Thailand",250
2025-12-12 11:27:38,cloudping Huawei,cn-east-3,Shanghai 1,215
2025-12-12 11:27:38,cloudping Huawei,cn-east-2,Shanghai 2,217.5
2025-12-12 11:27:38,cloudping Huawei,cn-south-1,Guangzhou,248.5
2025-12-12 11:27:38,cloudping Huawei,cn-north-1,Beijing 1,255.5
2025-12-12 11:27:38,cloudping Huawei,cn-north-4,Beijing 4,266
2025-12-12 11:27:38,cloudping Huawei,cn-southwest-2,Guiyang 1,268.5
2025-12-12 11:27:38,cloudping Huawei,cn-north-9,Wulanchabu,269.5
2025-12-12 11:53:39,cloudping Huawei,na-mexico-1,"Mexico City 1, Mexico",143
2025-12-12 11:53:39,cloudping Huawei,la-north-2,"Mexico City 2, Mexico",151.5
2025-12-12 11:53:39,cloudping Huawei,ap-southeast-3,Singapore,190
2025-12-12 11:53:39,cloudping Huawei,ap-southeast-1,"Hong Kong, China",226.5
2025-12-12 11:53:39,cloudping Huawei,sa-brazil-1,"Sao Paulo, Brazil",228.5
2025-12-12 11:53:39,cloudping Huawei,ap-southeast-2,"Bangkok, Thailand",238
2025-12-12 11:53:39,cloudping Huawei,af-south-1,"Johannesburg, South Africa",243.5
2025-12-12 11:53:39,cloudping Huawei,la-south-2,"Santiago, Chile",268
2025-12-12 11:53:39,cloudping Huawei,na-mexico-1,"Mexico City 1, Mexico",143
2025-12-12 11:53:39,cloudping Huawei,la-north-2,"Mexico City 2, Mexico",151.5
2025-12-12 11:53:39,cloudping Huawei,ap-southeast-3,Singapore,190
2025-12-12 11:53:39,cloudping Huawei,ap-southeast-1,"Hong Kong, China",226.5
2025-12-12 11:53:39,cloudping Huawei,sa-brazil-1,"Sao Paulo, Brazil",228.5
2025-12-12 11:53:39,cloudping Huawei,ap-southeast-2,"Bangkok, Thailand",238
2025-12-12 11:53:39,cloudping Huawei,af-south-1,"Johannesburg, South Africa",243.5
2025-12-12 11:53:39,cloudping Huawei,la-south-2,"Santiago, Chile",268
2025-12-12 11:53:39,cloudping Huawei,cn-east-2,Shanghai 2,227
2025-12-12 11:53:39,cloudping Huawei,cn-south-1,Guangzhou,246
2025-12-12 11:53:39,cloudping Huawei,cn-southwest-2,Guiyang 1,247
2025-12-12 11:53:39,cloudping Huawei,cn-north-1,Beijing 1,290
2025-12-12 11:53:39,cloudping Huawei,cn-east-3,Shanghai 1,295.5
2025-12-12 11:53:39,cloudping Huawei,cn-north-4,Beijing 4,500
2025-12-12 11:53:39,cloudping Huawei,cn-north-9,Wulanchabu,898
2025-12-12 12:19:40,cloudping Huawei,la-north-2,"Mexico City 2, Mexico",147.5
2025-12-12 12:19:40,cloudping Huawei,na-mexico-1,"Mexico City 1, Mexico",151.5
2025-12-12 12:19:40,cloudping Huawei,ap-southeast-3,Singapore,186.5
2025-12-12 12:19:40,cloudping Huawei,ap-southeast-1,"Hong Kong, China",220.5
2025-12-12 12:19:40,cloudping Huawei,sa-brazil-1,"Sao Paulo, Brazil",224
2025-12-12 12:19:40,cloudping Huawei,ap-southeast-2,"Bangkok, Thailand",238.5
2025-12-12 12:19:40,cloudping Huawei,af-south-1,"Johannesburg, South Africa",289
2025-12-12 12:19:40,cloudping Huawei,la-south-2,"Santiago, Chile",341.5
2025-12-12 12:19:40,cloudping Huawei,la-north-2,"Mexico City 2, Mexico",147.5
2025-12-12 12:19:40,cloudping Huawei,na-mexico-1,"Mexico City 1, Mexico",151.5
2025-12-12 12:19:40,cloudping Huawei,ap-southeast-3,Singapore,186.5
2025-12-12 12:19:40,cloudping Huawei,ap-southeast-1,"Hong Kong, China",220.5
2025-12-12 12:19:40,cloudping Huawei,sa-brazil-1,"Sao Paulo, Brazil",224
2025-12-12 12:19:40,cloudping Huawei,ap-southeast-2,"Bangkok, Thailand",238.5
2025-12-12 12:19:40,cloudping Huawei,af-south-1,"Johannesburg, South Africa",289
2025-12-12 12:19:40,cloudping Huawei,la-south-2,"Santiago, Chile",341.5
2025-12-12 12:19:40,cloudping Huawei,cn-east-3,Shanghai 1,212
2025-12-12 12:19:40,cloudping Huawei,cn-north-9,Wulanchabu,239
2025-12-12 12:19:40,cloudping Huawei,cn-east-2,Shanghai 2,244
2025-12-12 12:19:40,cloudping Huawei,cn-north-1,Beijing 1,251
2025-12-12 12:19:40,cloudping Huawei,cn-north-4,Beijing 4,266
2025-12-12 12:19:40,cloudping Huawei,cn-southwest-2,Guiyang 1,341
2025-12-12 12:19:40,cloudping Huawei,cn-south-1,Guangzhou,534.5
2025-12-12 12:45:39,cloudping Huawei,na-mexico-1,"Mexico City 1, Mexico",146
2025-12-12 12:45:39,cloudping Huawei,la-north-2,"Mexico City 2, Mexico",147.5
2025-12-12 12:45:39,cloudping Huawei,ap-southeast-3,Singapore,193.5
2025-12-12 12:45:39,cloudping Huawei,ap-southeast-1,"Hong Kong, China",219.5
2025-12-12 12:45:39,cloudping Huawei,sa-brazil-1,"Sao Paulo, Brazil",224.5
2025-12-12 12:45:39,cloudping Huawei,af-south-1,"Johannesburg, South Africa",236
2025-12-12 12:45:39,cloudping Huawei,ap-southeast-2,"Bangkok, Thailand",236.5
2025-12-12 12:45:39,cloudping Huawei,la-south-2,"Santiago, Chile",241
2025-12-12 12:45:39,cloudping Huawei,na-mexico-1,"Mexico City 1, Mexico",146
2025-12-12 12:45:39,cloudping Huawei,la-north-2,"Mexico City 2, Mexico",147.5
2025-12-12 12:45:39,cloudping Huawei,ap-southeast-3,Singapore,193.5
2025-12-12 12:45:39,cloudping Huawei,ap-southeast-1,"Hong Kong, China",219.5
2025-12-12 12:45:39,cloudping Huawei,sa-brazil-1,"Sao Paulo, Brazil",224.5
2025-12-12 12:45:39,cloudping Huawei,af-south-1,"Johannesburg, South Africa",236
2025-12-12 12:45:39,cloudping Huawei,ap-southeast-2,"Bangkok, Thailand",236.5
2025-12-12 12:45:39,cloudping Huawei,la-south-2,"Santiago, Chile",241
2025-12-12 12:45:39,cloudping Huawei,cn-north-1,Beijing 1,204.5
2025-12-12 12:45:39,cloudping Huawei,cn-east-3,Shanghai 1,212.5
2025-12-12 12:45:39,cloudping Huawei,cn-east-2,Shanghai 2,217
2025-12-12 12:45:39,cloudping Huawei,cn-south-1,Guangzhou,245.5
2025-12-12 12:45:39,cloudping Huawei,cn-north-9,Wulanchabu,270
2025-12-12 12:45:39,cloudping Huawei,cn-southwest-2,Guiyang 1,308.5
2025-12-12 12:45:39,cloudping Huawei,cn-north-4,Beijing 4,611.5
2025-12-12 13:11:39,cloudping Huawei,la-north-2,"Mexico City 2, Mexico",168
2025-12-12 13:11:39,cloudping Huawei,ap-southeast-3,Singapore,186.5
2025-12-12 13:11:39,cloudping Huawei,sa-brazil-1,"Sao Paulo, Brazil",229
2025-12-12 13:11:39,cloudping Huawei,ap-southeast-1,"Hong Kong, China",231
2025-12-12 13:11:39,cloudping Huawei,ap-southeast-2,"Bangkok, Thailand",232
2025-12-12 13:11:39,cloudping Huawei,af-south-1,"Johannesburg, South Africa",250.5
2025-12-12 13:11:39,cloudping Huawei,na-mexico-1,"Mexico City 1, Mexico",253.5
2025-12-12 13:11:39,cloudping Huawei,la-south-2,"Santiago, Chile",333.5
2025-12-12 13:11:39,cloudping Huawei,la-north-2,"Mexico City 2, Mexico",168
2025-12-12 13:11:39,cloudping Huawei,ap-southeast-3,Singapore,186.5
2025-12-12 13:11:39,cloudping Huawei,sa-brazil-1,"Sao Paulo, Brazil",229
2025-12-12 13:11:39,cloudping Huawei,ap-southeast-1,"Hong Kong, China",231
2025-12-12 13:11:39,cloudping Huawei,ap-southeast-2,"Bangkok, Thailand",232
2025-12-12 13:11:39,cloudping Huawei,af-south-1,"Johannesburg, South Africa",250.5
2025-12-12 13:11:39,cloudping Huawei,na-mexico-1,"Mexico City 1, Mexico",253.5
2025-12-12 13:11:39,cloudping Huawei,la-south-2,"Santiago, Chile",333.5
2025-12-12 13:11:39,cloudping Huawei,cn-east-3,Shanghai 1,209.5
2025-12-12 13:11:39,cloudping Huawei,cn-south-1,Guangzhou,228.5
2025-12-12 13:11:39,cloudping Huawei,cn-east-2,Shanghai 2,238
2025-12-12 13:11:39,cloudping Huawei,cn-southwest-2,Guiyang 1,260.5
2025-12-12 13:11:39,cloudping Huawei,cn-north-1,Beijing 1,263
2025-12-12 13:11:39,cloudping Huawei,cn-north-4,Beijing 4,266.5
2025-12-12 13:11:39,cloudping Huawei,cn-north-9,Wulanchabu,269
2025-12-12 13:37:39,cloudping Huawei,la-north-2,"Mexico City 2, Mexico",147.5
2025-12-12 13:37:39,cloudping Huawei,na-mexico-1,"Mexico City 1, Mexico",148
2025-12-12 13:37:39,cloudping Huawei,ap-southeast-3,Singapore,196
2025-12-12 13:37:39,cloudping Huawei,ap-southeast-1,"Hong Kong, China",214.5
2025-12-12 13:37:39,cloudping Huawei,ap-southeast-2,"Bangkok, Thailand",238
2025-12-12 13:37:39,cloudping Huawei,la-south-2,"Santiago, Chile",239
2025-12-12 13:37:39,cloudping Huawei,af-south-1,"Johannesburg, South Africa",239.5
2025-12-12 13:37:39,cloudping Huawei,sa-brazil-1,"Sao Paulo, Brazil",302
2025-12-12 13:37:39,cloudping Huawei,la-north-2,"Mexico City 2, Mexico",147.5
2025-12-12 13:37:39,cloudping Huawei,na-mexico-1,"Mexico City 1, Mexico",148
2025-12-12 13:37:39,cloudping Huawei,ap-southeast-3,Singapore,196
2025-12-12 13:37:39,cloudping Huawei,ap-southeast-1,"Hong Kong, China",214.5
2025-12-12 13:37:39,cloudping Huawei,ap-southeast-2,"Bangkok, Thailand",238
2025-12-12 13:37:39,cloudping Huawei,la-south-2,"Santiago, Chile",239
2025-12-12 13:37:39,cloudping Huawei,af-south-1,"Johannesburg, South Africa",239.5
2025-12-12 13:37:39,cloudping Huawei,sa-brazil-1,"Sao Paulo, Brazil",302
2025-12-12 13:37:39,cloudping Huawei,cn-east-3,Shanghai 1,202
2025-12-12 13:37:39,cloudping Huawei,cn-east-2,Shanghai 2,216.5
2025-12-12 13:37:39,cloudping Huawei,cn-south-1,Guangzhou,232.5
2025-12-12 13:37:39,cloudping Huawei,cn-north-1,Beijing 1,255
2025-12-12 13:37:39,cloudping Huawei,cn-north-4,Beijing 4,266
2025-12-12 13:37:39,cloudping Huawei,cn-southwest-2,Guiyang 1,268
2025-12-12 13:37:39,cloudping Huawei,cn-north-9,Wulanchabu,658.5
2025-12-12 14:03:39,cloudping Huawei,na-mexico-1,"Mexico City 1, Mexico",144.5
2025-12-12 14:03:39,cloudping Huawei,la-north-2,"Mexico City 2, Mexico",156.5
2025-12-12 14:03:39,cloudping Huawei,ap-southeast-3,Singapore,188
2025-12-12 14:03:39,cloudping Huawei,ap-southeast-1,"Hong Kong, China",218.5
2025-12-12 14:03:39,cloudping Huawei,sa-brazil-1,"Sao Paulo, Brazil",223.5
2025-12-12 14:03:39,cloudping Huawei,la-south-2,"Santiago, Chile",245.5
2025-12-12 14:03:39,cloudping Huawei,ap-southeast-2,"Bangkok, Thailand",253.5
2025-12-12 14:03:39,cloudping Huawei,af-south-1,"Johannesburg, South Africa",369
2025-12-12 14:03:39,cloudping Huawei,na-mexico-1,"Mexico City 1, Mexico",144.5
2025-12-12 14:03:39,cloudping Huawei,la-north-2,"Mexico City 2, Mexico",156.5
2025-12-12 14:03:39,cloudping Huawei,ap-southeast-3,Singapore,188
2025-12-12 14:03:39,cloudping Huawei,ap-southeast-1,"Hong Kong, China",218.5
2025-12-12 14:03:39,cloudping Huawei,sa-brazil-1,"Sao Paulo, Brazil",223.5
2025-12-12 14:03:39,cloudping Huawei,la-south-2,"Santiago, Chile",245.5
2025-12-12 14:03:39,cloudping Huawei,ap-southeast-2,"Bangkok, Thailand",253.5
2025-12-12 14:03:39,cloudping Huawei,af-south-1,"Johannesburg, South Africa",369
2025-12-12 14:03:39,cloudping Huawei,cn-east-3,Shanghai 1,259
2025-12-12 14:03:39,cloudping Huawei,cn-north-9,Wulanchabu,277.5
2025-12-12 14:03:39,cloudping Huawei,cn-south-1,Guangzhou,279.5
2025-12-12 14:03:39,cloudping Huawei,cn-north-1,Beijing 1,507.5
2025-12-12 14:03:39,cloudping Huawei,cn-southwest-2,Guiyang 1,517
2025-12-12 14:03:39,cloudping Huawei,cn-north-4,Beijing 4,629.5
2025-12-12 14:03:39,cloudping Huawei,cn-east-2,Shanghai 2,932.5
2025-12-12 14:29:39,cloudping Huawei,la-north-2,"Mexico City 2, Mexico",150
2025-12-12 14:29:39,cloudping Huawei,ap-southeast-3,Singapore,186
2025-12-12 14:29:39,cloudping Huawei,na-mexico-1,"Mexico City 1, Mexico",192.5
2025-12-12 14:29:39,cloudping Huawei,sa-brazil-1,"Sao Paulo, Brazil",228.5
2025-12-12 14:29:39,cloudping Huawei,ap-southeast-1,"Hong Kong, China",229
2025-12-12 14:29:39,cloudping Huawei,ap-southeast-2,"Bangkok, Thailand",232.5
2025-12-12 14:29:39,cloudping Huawei,af-south-1,"Johannesburg, South Africa",236
2025-12-12 14:29:39,cloudping Huawei,la-south-2,"Santiago, Chile",237.5
2025-12-12 14:29:39,cloudping Huawei,la-north-2,"Mexico City 2, Mexico",150
2025-12-12 14:29:39,cloudping Huawei,ap-southeast-3,Singapore,186
2025-12-12 14:29:39,cloudping Huawei,na-mexico-1,"Mexico City 1, Mexico",192.5
2025-12-12 14:29:39,cloudping Huawei,sa-brazil-1,"Sao Paulo, Brazil",228.5
2025-12-12 14:29:39,cloudping Huawei,ap-southeast-1,"Hong Kong, China",229
2025-12-12 14:29:39,cloudping Huawei,ap-southeast-2,"Bangkok, Thailand",232.5
2025-12-12 14:29:39,cloudping Huawei,af-south-1,"Johannesburg, South Africa",236
2025-12-12 14:29:39,cloudping Huawei,la-south-2,"Santiago, Chile",237.5
2025-12-12 14:29:39,cloudping Huawei,cn-east-2,Shanghai 2,212
2025-12-12 14:29:39,cloudping Huawei,cn-east-3,Shanghai 1,223.5
2025-12-12 14:29:39,cloudping Huawei,cn-south-1,Guangzhou,249
2025-12-12 14:29:39,cloudping Huawei,cn-southwest-2,Guiyang 1,271.5
2025-12-12 14:29:39,cloudping Huawei,cn-north-4,Beijing 4,278.5
2025-12-12 14:29:39,cloudping Huawei,cn-north-1,Beijing 1,297.5
2025-12-12 14:29:39,cloudping Huawei,cn-north-9,Wulanchabu,942.5
2025-12-12 14:55:39,cloudping Huawei,la-north-2,"Mexico City 2, Mexico",145
2025-12-12 14:55:39,cloudping Huawei,na-mexico-1,"Mexico City 1, Mexico",148
2025-12-12 14:55:39,cloudping Huawei,ap-southeast-3,Singapore,184
2025-12-12 14:55:39,cloudping Huawei,ap-southeast-1,"Hong Kong, China",219.5
2025-12-12 14:55:39,cloudping Huawei,ap-southeast-2,"Bangkok, Thailand",235.5
2025-12-12 14:55:39,cloudping Huawei,af-south-1,"Johannesburg, South Africa",236
2025-12-12 14:55:39,cloudping Huawei,la-south-2,"Santiago, Chile",236.5
2025-12-12 14:55:39,cloudping Huawei,sa-brazil-1,"Sao Paulo, Brazil",375.5
2025-12-12 14:55:39,cloudping Huawei,la-north-2,"Mexico City 2, Mexico",145
2025-12-12 14:55:39,cloudping Huawei,na-mexico-1,"Mexico City 1, Mexico",148
2025-12-12 14:55:39,cloudping Huawei,ap-southeast-3,Singapore,184
2025-12-12 14:55:39,cloudping Huawei,ap-southeast-1,"Hong Kong, China",219.5
2025-12-12 14:55:39,cloudping Huawei,ap-southeast-2,"Bangkok, Thailand",235.5
2025-12-12 14:55:39,cloudping Huawei,af-south-1,"Johannesburg, South Africa",236
2025-12-12 14:55:39,cloudping Huawei,la-south-2,"Santiago, Chile",236.5
2025-12-12 14:55:39,cloudping Huawei,sa-brazil-1,"Sao Paulo, Brazil",375.5
2025-12-12 14:55:39,cloudping Huawei,cn-east-2,Shanghai 2,217.5
2025-12-12 14:55:39,cloudping Huawei,cn-south-1,Guangzhou,221
2025-12-12 14:55:39,cloudping Huawei,cn-east-3,Shanghai 1,222.5
2025-12-12 14:55:39,cloudping Huawei,cn-north-9,Wulanchabu,226.5
2025-12-12 14:55:39,cloudping Huawei,cn-north-1,Beijing 1,252
2025-12-12 14:55:39,cloudping Huawei,cn-southwest-2,Guiyang 1,565.5
2025-12-12 14:55:39,cloudping Huawei,cn-north-4,Beijing 4,673.5
2025-12-12 15:21:42,cloudping Huawei,na-mexico-1,"Mexico City 1, Mexico",148
2025-12-12 15:21:42,cloudping Huawei,la-north-2,"Mexico City 2, Mexico",150
2025-12-12 15:21:42,cloudping Huawei,ap-southeast-3,Singapore,187
2025-12-12 15:21:42,cloudping Huawei,ap-southeast-1,"Hong Kong, China",214
2025-12-12 15:21:42,cloudping Huawei,sa-brazil-1,"Sao Paulo, Brazil",227
2025-12-12 15:21:42,cloudping Huawei,af-south-1,"Johannesburg, South Africa",230.5
2025-12-12 15:21:42,cloudping Huawei,ap-southeast-2,"Bangkok, Thailand",232
2025-12-12 15:21:42,cloudping Huawei,la-south-2,"Santiago, Chile",246
2025-12-12 15:21:42,cloudping Huawei,na-mexico-1,"Mexico City 1, Mexico",148
2025-12-12 15:21:42,cloudping Huawei,la-north-2,"Mexico City 2, Mexico",150
2025-12-12 15:21:42,cloudping Huawei,ap-southeast-3,Singapore,187
2025-12-12 15:21:42,cloudping Huawei,ap-southeast-1,"Hong Kong, China",214
2025-12-12 15:21:42,cloudping Huawei,sa-brazil-1,"Sao Paulo, Brazil",227
2025-12-12 15:21:42,cloudping Huawei,af-south-1,"Johannesburg, South Africa",230.5
2025-12-12 15:21:42,cloudping Huawei,ap-southeast-2,"Bangkok, Thailand",232
2025-12-12 15:21:42,cloudping Huawei,la-south-2,"Santiago, Chile",246
2025-12-12 15:21:42,cloudping Huawei,cn-east-3,Shanghai 1,203.5
2025-12-12 15:21:42,cloudping Huawei,cn-north-1,Beijing 1,212
2025-12-12 15:21:42,cloudping Huawei,cn-east-2,Shanghai 2,237.5
2025-12-12 15:21:42,cloudping Huawei,cn-south-1,Guangzhou,245.5
2025-12-12 15:21:42,cloudping Huawei,cn-southwest-2,Guiyang 1,249
2025-12-12 15:21:42,cloudping Huawei,cn-north-4,Beijing 4,538.5
2025-12-12 15:21:42,cloudping Huawei,cn-north-9,Wulanchabu,625
2025-12-12 15:47:42,cloudping Huawei,na-mexico-1,"Mexico City 1, Mexico",146
2025-12-12 15:47:42,cloudping Huawei,la-north-2,"Mexico City 2, Mexico",161.5
2025-12-12 15:47:42,cloudping Huawei,ap-southeast-3,Singapore,189
2025-12-12 15:47:42,cloudping Huawei,ap-southeast-1,"Hong Kong, China",218
2025-12-12 15:47:42,cloudping Huawei,sa-brazil-1,"Sao Paulo, Brazil",220.5
2025-12-12 15:47:42,cloudping Huawei,ap-southeast-2,"Bangkok, Thailand",231
2025-12-12 15:47:42,cloudping Huawei,af-south-1,"Johannesburg, South Africa",235
2025-12-12 15:47:42,cloudping Huawei,la-south-2,"Santiago, Chile",236
2025-12-12 15:47:42,cloudping Huawei,na-mexico-1,"Mexico City 1, Mexico",146
2025-12-12 15:47:42,cloudping Huawei,la-north-2,"Mexico City 2, Mexico",161.5
2025-12-12 15:47:42,cloudping Huawei,ap-southeast-3,Singapore,189
2025-12-12 15:47:42,cloudping Huawei,ap-southeast-1,"Hong Kong, China",218
2025-12-12 15:47:42,cloudping Huawei,sa-brazil-1,"Sao Paulo, Brazil",220.5
2025-12-12 15:47:42,cloudping Huawei,ap-southeast-2,"Bangkok, Thailand",231
2025-12-12 15:47:42,cloudping Huawei,af-south-1,"Johannesburg, South Africa",235
2025-12-12 15:47:42,cloudping Huawei,la-south-2,"Santiago, Chile",236
2025-12-12 15:47:42,cloudping Huawei,cn-east-2,Shanghai 2,208
2025-12-12 15:47:42,cloudping Huawei,cn-east-3,Shanghai 1,215
2025-12-12 15:47:42,cloudping Huawei,cn-southwest-2,Guiyang 1,258.5
2025-12-12 15:47:42,cloudping Huawei,cn-north-9,Wulanchabu,538
2025-12-12 15:47:42,cloudping Huawei,cn-south-1,Guangzhou,557
2025-12-12 15:47:42,cloudping Huawei,cn-north-1,Beijing 1,587.5
2025-12-12 15:47:42,cloudping Huawei,cn-north-4,Beijing 4,610
2025-12-12 16:13:40,cloudping Huawei,la-north-2,"Mexico City 2, Mexico",144
2025-12-12 16:13:40,cloudping Huawei,na-mexico-1,"Mexico City 1, Mexico",149
2025-12-12 16:13:40,cloudping Huawei,ap-southeast-3,Singapore,186.5
2025-12-12 16:13:40,cloudping Huawei,ap-southeast-1,"Hong Kong, China",213
2025-12-12 16:13:40,cloudping Huawei,ap-southeast-2,"Bangkok, Thailand",232.5
2025-12-12 16:13:40,cloudping Huawei,af-south-1,"Johannesburg, South Africa",239
2025-12-12 16:13:40,cloudping Huawei,sa-brazil-1,"Sao Paulo, Brazil",252
2025-12-12 16:13:40,cloudping Huawei,la-south-2,"Santiago, Chile",293.5
2025-12-12 16:13:40,cloudping Huawei,la-north-2,"Mexico City 2, Mexico",144
2025-12-12 16:13:40,cloudping Huawei,na-mexico-1,"Mexico City 1, Mexico",149
2025-12-12 16:13:40,cloudping Huawei,ap-southeast-3,Singapore,186.5
2025-12-12 16:13:40,cloudping Huawei,ap-southeast-1,"Hong Kong, China",213
2025-12-12 16:13:40,cloudping Huawei,ap-southeast-2,"Bangkok, Thailand",232.5
2025-12-12 16:13:40,cloudping Huawei,af-south-1,"Johannesburg, South Africa",239
2025-12-12 16:13:40,cloudping Huawei,sa-brazil-1,"Sao Paulo, Brazil",252
2025-12-12 16:13:40,cloudping Huawei,la-south-2,"Santiago, Chile",293.5
2025-12-12 16:13:40,cloudping Huawei,cn-south-1,Guangzhou,236.5
2025-12-12 16:13:40,cloudping Huawei,cn-east-3,Shanghai 1,238.5
2025-12-12 16:13:40,cloudping Huawei,cn-north-4,Beijing 4,260
2025-12-12 16:13:40,cloudping Huawei,cn-north-9,Wulanchabu,265.5
2025-12-12 16:13:40,cloudping Huawei,cn-southwest-2,Guiyang 1,290.5
2025-12-12 16:13:40,cloudping Huawei,cn-east-2,Shanghai 2,371
2025-12-12 16:13:40,cloudping Huawei,cn-north-1,Beijing 1,963
2025-12-12 16:39:42,cloudping Huawei,na-mexico-1,"Mexico City 1, Mexico",146.5
2025-12-12 16:39:42,cloudping Huawei,ap-southeast-3,Singapore,185
2025-12-12 16:39:42,cloudping Huawei,ap-southeast-1,"Hong Kong, China",217
2025-12-12 16:39:42,cloudping Huawei,la-north-2,"Mexico City 2, Mexico",218
2025-12-12 16:39:42,cloudping Huawei,sa-brazil-1,"Sao Paulo, Brazil",224.5
2025-12-12 16:39:42,cloudping Huawei,ap-southeast-2,"Bangkok, Thailand",230.5
2025-12-12 16:39:42,cloudping Huawei,la-south-2,"Santiago, Chile",238.5
2025-12-12 16:39:42,cloudping Huawei,af-south-1,"Johannesburg, South Africa",246
2025-12-12 16:39:42,cloudping Huawei,na-mexico-1,"Mexico City 1, Mexico",146.5
2025-12-12 16:39:42,cloudping Huawei,ap-southeast-3,Singapore,185
2025-12-12 16:39:42,cloudping Huawei,ap-southeast-1,"Hong Kong, China",217
2025-12-12 16:39:42,cloudping Huawei,la-north-2,"Mexico City 2, Mexico",218
2025-12-12 16:39:42,cloudping Huawei,sa-brazil-1,"Sao Paulo, Brazil",224.5
2025-12-12 16:39:42,cloudping Huawei,ap-southeast-2,"Bangkok, Thailand",230.5
2025-12-12 16:39:42,cloudping Huawei,la-south-2,"Santiago, Chile",238.5
2025-12-12 16:39:42,cloudping Huawei,af-south-1,"Johannesburg, South Africa",246
2025-12-12 16:39:42,cloudping Huawei,cn-north-1,Beijing 1,207.5
2025-12-12 16:39:42,cloudping Huawei,cn-east-2,Shanghai 2,218.5
2025-12-12 16:39:42,cloudping Huawei,cn-south-1,Guangzhou,236
2025-12-12 16:39:42,cloudping Huawei,cn-north-4,Beijing 4,250.5
2025-12-12 16:39:42,cloudping Huawei,cn-southwest-2,Guiyang 1,263.5
2025-12-12 16:39:42,cloudping Huawei,cn-east-3,Shanghai 1,365
2025-12-12 16:39:42,cloudping Huawei,cn-north-9,Wulanchabu,609.5
2025-12-12 17:05:42,cloudping Huawei,na-mexico-1,"Mexico City 1, Mexico",158
2025-12-12 17:05:42,cloudping Huawei,la-north-2,"Mexico City 2, Mexico",160
2025-12-12 17:05:42,cloudping Huawei,ap-southeast-1,"Hong Kong, China",212
2025-12-12 17:05:42,cloudping Huawei,sa-brazil-1,"Sao Paulo, Brazil",225
2025-12-12 17:05:42,cloudping Huawei,ap-southeast-2,"Bangkok, Thailand",236
2025-12-12 17:05:42,cloudping Huawei,la-south-2,"Santiago, Chile",248
2025-12-12 17:05:42,cloudping Huawei,ap-southeast-3,Singapore,261.5
2025-12-12 17:05:42,cloudping Huawei,af-south-1,"Johannesburg, South Africa",459.5
2025-12-12 17:05:42,cloudping Huawei,na-mexico-1,"Mexico City 1, Mexico",158
2025-12-12 17:05:42,cloudping Huawei,la-north-2,"Mexico City 2, Mexico",160
2025-12-12 17:05:42,cloudping Huawei,ap-southeast-1,"Hong Kong, China",212
2025-12-12 17:05:42,cloudping Huawei,sa-brazil-1,"Sao Paulo, Brazil",225
2025-12-12 17:05:42,cloudping Huawei,ap-southeast-2,"Bangkok, Thailand",236
2025-12-12 17:05:42,cloudping Huawei,la-south-2,"Santiago, Chile",248
2025-12-12 17:05:42,cloudping Huawei,ap-southeast-3,Singapore,261.5
2025-12-12 17:05:42,cloudping Huawei,af-south-1,"Johannesburg, South Africa",459.5
2025-12-12 17:05:42,cloudping Huawei,cn-east-2,Shanghai 2,210
2025-12-12 17:05:42,cloudping Huawei,cn-north-4,Beijing 4,231
2025-12-12 17:05:42,cloudping Huawei,cn-south-1,Guangzhou,239.5
2025-12-12 17:05:42,cloudping Huawei,cn-north-1,Beijing 1,289
2025-12-12 17:05:42,cloudping Huawei,cn-north-9,Wulanchabu,302.5
2025-12-12 17:05:42,cloudping Huawei,cn-east-3,Shanghai 1,307
2025-12-12 17:05:42,cloudping Huawei,cn-southwest-2,Guiyang 1,932
2025-12-12 17:31:45,cloudping Huawei,na-mexico-1,"Mexico City 1, Mexico",148.5
2025-12-12 17:31:45,cloudping Huawei,la-north-2,"Mexico City 2, Mexico",165.5
2025-12-12 17:31:45,cloudping Huawei,ap-southeast-1,"Hong Kong, China",220.5
2025-12-12 17:31:45,cloudping Huawei,sa-brazil-1,"Sao Paulo, Brazil",233
2025-12-12 17:31:45,cloudping Huawei,af-south-1,"Johannesburg, South Africa",234.5
2025-12-12 17:31:45,cloudping Huawei,ap-southeast-3,Singapore,236.5
2025-12-12 17:31:45,cloudping Huawei,ap-southeast-2,"Bangkok, Thailand",249
2025-12-12 17:31:45,cloudping Huawei,la-south-2,"Santiago, Chile",276.5
2025-12-12 17:31:45,cloudping Huawei,na-mexico-1,"Mexico City 1, Mexico",148.5
2025-12-12 17:31:45,cloudping Huawei,la-north-2,"Mexico City 2, Mexico",165.5
2025-12-12 17:31:45,cloudping Huawei,ap-southeast-1,"Hong Kong, China",220.5
2025-12-12 17:31:45,cloudping Huawei,sa-brazil-1,"Sao Paulo, Brazil",233
2025-12-12 17:31:45,cloudping Huawei,af-south-1,"Johannesburg, South Africa",234.5
2025-12-12 17:31:45,cloudping Huawei,ap-southeast-3,Singapore,236.5
2025-12-12 17:31:45,cloudping Huawei,ap-southeast-2,"Bangkok, Thailand",249
2025-12-12 17:31:45,cloudping Huawei,la-south-2,"Santiago, Chile",276.5
2025-12-12 17:31:45,cloudping Huawei,cn-north-4,Beijing 4,221.5
2025-12-12 17:31:45,cloudping Huawei,cn-east-3,Shanghai 1,238.5
2025-12-12 17:31:45,cloudping Huawei,cn-north-9,Wulanchabu,261.5
2025-12-12 17:31:45,cloudping Huawei,cn-north-1,Beijing 1,493.5
2025-12-12 17:31:45,cloudping Huawei,cn-south-1,Guangzhou,545
2025-12-12 17:31:45,cloudping Huawei,cn-east-2,Shanghai 2,565.5
2025-12-12 17:31:45,cloudping Huawei,cn-southwest-2,Guiyang 1,599.5
2025-12-12 17:57:42,cloudping Huawei,na-mexico-1,"Mexico City 1, Mexico",177
2025-12-12 17:57:42,cloudping Huawei,ap-southeast-3,Singapore,192
2025-12-12 17:57:42,cloudping Huawei,ap-southeast-1,"Hong Kong, China",214.5
2025-12-12 17:57:42,cloudping Huawei,sa-brazil-1,"Sao Paulo, Brazil",228
2025-12-12 17:57:42,cloudping Huawei,af-south-1,"Johannesburg, South Africa",230.5
2025-12-12 17:57:42,cloudping Huawei,la-north-2,"Mexico City 2, Mexico",231
2025-12-12 17:57:42,cloudping Huawei,ap-southeast-2,"Bangkok, Thailand",232
2025-12-12 17:57:42,cloudping Huawei,la-south-2,"Santiago, Chile",245
2025-12-12 17:57:42,cloudping Huawei,na-mexico-1,"Mexico City 1, Mexico",177
2025-12-12 17:57:42,cloudping Huawei,ap-southeast-3,Singapore,192
2025-12-12 17:57:42,cloudping Huawei,ap-southeast-1,"Hong Kong, China",214.5
2025-12-12 17:57:42,cloudping Huawei,sa-brazil-1,"Sao Paulo, Brazil",228
2025-12-12 17:57:42,cloudping Huawei,af-south-1,"Johannesburg, South Africa",230.5
2025-12-12 17:57:42,cloudping Huawei,la-north-2,"Mexico City 2, Mexico",231
2025-12-12 17:57:42,cloudping Huawei,ap-southeast-2,"Bangkok, Thailand",232
2025-12-12 17:57:42,cloudping Huawei,la-south-2,"Santiago, Chile",245
2025-12-12 17:57:42,cloudping Huawei,cn-east-2,Shanghai 2,200.5
2025-12-12 17:57:42,cloudping Huawei,cn-north-4,Beijing 4,218
2025-12-12 17:57:42,cloudping Huawei,cn-east-3,Shanghai 1,229
2025-12-12 17:57:42,cloudping Huawei,cn-north-9,Wulanchabu,275.5
2025-12-12 17:57:42,cloudping Huawei,cn-southwest-2,Guiyang 1,564
2025-12-12 17:57:42,cloudping Huawei,cn-north-1,Beijing 1,594.5
2025-12-12 17:57:42,cloudping Huawei,cn-south-1,Guangzhou,597.5
2025-12-12 18:23:41,cloudping Huawei,la-north-2,"Mexico City 2, Mexico",145.5
2025-12-12 18:23:41,cloudping Huawei,na-mexico-1,"Mexico City 1, Mexico",145.5
2025-12-12 18:23:41,cloudping Huawei,ap-southeast-3,Singapore,183.5
2025-12-12 18:23:41,cloudping Huawei,ap-southeast-1,"Hong Kong, China",217.5
2025-12-12 18:23:41,cloudping Huawei,sa-brazil-1,"Sao Paulo, Brazil",223
2025-12-12 18:23:41,cloudping Huawei,af-south-1,"Johannesburg, South Africa",230
2025-12-12 18:23:41,cloudping Huawei,ap-southeast-2,"Bangkok, Thailand",232.5
2025-12-12 18:23:41,cloudping Huawei,la-south-2,"Santiago, Chile",237.5
2025-12-12 18:23:41,cloudping Huawei,la-north-2,"Mexico City 2, Mexico",145.5
2025-12-12 18:23:41,cloudping Huawei,na-mexico-1,"Mexico City 1, Mexico",145.5
2025-12-12 18:23:41,cloudping Huawei,ap-southeast-3,Singapore,183.5
2025-12-12 18:23:41,cloudping Huawei,ap-southeast-1,"Hong Kong, China",217.5
2025-12-12 18:23:41,cloudping Huawei,sa-brazil-1,"Sao Paulo, Brazil",223
2025-12-12 18:23:41,cloudping Huawei,af-south-1,"Johannesburg, South Africa",230
2025-12-12 18:23:41,cloudping Huawei,ap-southeast-2,"Bangkok, Thailand",232.5
2025-12-12 18:23:41,cloudping Huawei,la-south-2,"Santiago, Chile",237.5
2025-12-12 18:23:41,cloudping Huawei,cn-north-1,Beijing 1,196.5
2025-12-12 18:23:41,cloudping Huawei,cn-east-2,Shanghai 2,219
2025-12-12 18:23:41,cloudping Huawei,cn-south-1,Guangzhou,232
2025-12-12 18:23:41,cloudping Huawei,cn-east-3,Shanghai 1,258
2025-12-12 18:23:41,cloudping Huawei,cn-north-9,Wulanchabu,263
2025-12-12 18:23:41,cloudping Huawei,cn-north-4,Beijing 4,263
2025-12-12 18:23:41,cloudping Huawei,cn-southwest-2,Guiyang 1,306.5
2025-12-12 18:49:42,cloudping Huawei,la-north-2,"Mexico City 2, Mexico",145
2025-12-12 18:49:42,cloudping Huawei,na-mexico-1,"Mexico City 1, Mexico",147
2025-12-12 18:49:42,cloudping Huawei,ap-southeast-3,Singapore,200
2025-12-12 18:49:42,cloudping Huawei,ap-southeast-1,"Hong Kong, China",216
2025-12-12 18:49:42,cloudping Huawei,sa-brazil-1,"Sao Paulo, Brazil",218
2025-12-12 18:49:42,cloudping Huawei,ap-southeast-2,"Bangkok, Thailand",234
2025-12-12 18:49:42,cloudping Huawei,la-south-2,"Santiago, Chile",242.5
2025-12-12 18:49:42,cloudping Huawei,af-south-1,"Johannesburg, South Africa",315.5
2025-12-12 18:49:42,cloudping Huawei,la-north-2,"Mexico City 2, Mexico",145
2025-12-12 18:49:42,cloudping Huawei,na-mexico-1,"Mexico City 1, Mexico",147
2025-12-12 18:49:42,cloudping Huawei,ap-southeast-3,Singapore,200
2025-12-12 18:49:42,cloudping Huawei,ap-southeast-1,"Hong Kong, China",216
2025-12-12 18:49:42,cloudping Huawei,sa-brazil-1,"Sao Paulo, Brazil",218
2025-12-12 18:49:42,cloudping Huawei,ap-southeast-2,"Bangkok, Thailand",234
2025-12-12 18:49:42,cloudping Huawei,la-south-2,"Santiago, Chile",242.5
2025-12-12 18:49:42,cloudping Huawei,af-south-1,"Johannesburg, South Africa",315.5
2025-12-12 18:49:42,cloudping Huawei,cn-east-3,Shanghai 1,202
2025-12-12 18:49:42,cloudping Huawei,cn-north-1,Beijing 1,227
2025-12-12 18:49:42,cloudping Huawei,cn-south-1,Guangzhou,229
2025-12-12 18:49:42,cloudping Huawei,cn-southwest-2,Guiyang 1,248.5
2025-12-12 18:49:42,cloudping Huawei,cn-north-9,Wulanchabu,271.5
2025-12-12 18:49:42,cloudping Huawei,cn-north-4,Beijing 4,285.5
2025-12-12 18:49:42,cloudping Huawei,cn-east-2,Shanghai 2,802
2025-12-12 19:15:42,cloudping Huawei,na-mexico-1,"Mexico City 1, Mexico",143.5
2025-12-12 19:15:42,cloudping Huawei,la-north-2,"Mexico City 2, Mexico",174.5
2025-12-12 19:15:42,cloudping Huawei,ap-southeast-3,Singapore,191.5
2025-12-12 19:15:42,cloudping Huawei,ap-southeast-1,"Hong Kong, China",224.5
2025-12-12 19:15:42,cloudping Huawei,sa-brazil-1,"Sao Paulo, Brazil",233.5
2025-12-12 19:15:42,cloudping Huawei,ap-southeast-2,"Bangkok, Thailand",246
2025-12-12 19:15:42,cloudping Huawei,la-south-2,"Santiago, Chile",258.5
2025-12-12 19:15:42,cloudping Huawei,af-south-1,"Johannesburg, South Africa",263
2025-12-12 19:15:42,cloudping Huawei,na-mexico-1,"Mexico City 1, Mexico",143.5
2025-12-12 19:15:42,cloudping Huawei,la-north-2,"Mexico City 2, Mexico",174.5
2025-12-12 19:15:42,cloudping Huawei,ap-southeast-3,Singapore,191.5
2025-12-12 19:15:42,cloudping Huawei,ap-southeast-1,"Hong Kong, China",224.5
2025-12-12 19:15:42,cloudping Huawei,sa-brazil-1,"Sao Paulo, Brazil",233.5
2025-12-12 19:15:42,cloudping Huawei,ap-southeast-2,"Bangkok, Thailand",246
2025-12-12 19:15:42,cloudping Huawei,la-south-2,"Santiago, Chile",258.5
2025-12-12 19:15:42,cloudping Huawei,af-south-1,"Johannesburg, South Africa",263
2025-12-12 19:15:42,cloudping Huawei,cn-north-1,Beijing 1,221.5
2025-12-12 19:15:42,cloudping Huawei,cn-south-1,Guangzhou,243.5
2025-12-12 19:15:42,cloudping Huawei,cn-east-2,Shanghai 2,253.5
2025-12-12 19:15:42,cloudping Huawei,cn-southwest-2,Guiyang 1,260
2025-12-12 19:15:42,cloudping Huawei,cn-north-4,Beijing 4,264
2025-12-12 19:15:42,cloudping Huawei,cn-north-9,Wulanchabu,277.5
2025-12-12 19:15:42,cloudping Huawei,cn-east-3,Shanghai 1,541
2025-12-12 19:41:44,cloudping Huawei,la-north-2,"Mexico City 2, Mexico",167.5
2025-12-12 19:41:44,cloudping Huawei,ap-southeast-3,Singapore,191
2025-12-12 19:41:44,cloudping Huawei,ap-southeast-1,"Hong Kong, China",215.5
2025-12-12 19:41:44,cloudping Huawei,sa-brazil-1,"Sao Paulo, Brazil",225.5
2025-12-12 19:41:44,cloudping Huawei,af-south-1,"Johannesburg, South Africa",246.5
2025-12-12 19:41:44,cloudping Huawei,ap-southeast-2,"Bangkok, Thailand",248.5
2025-12-12 19:41:44,cloudping Huawei,la-south-2,"Santiago, Chile",276
2025-12-12 19:41:44,cloudping Huawei,na-mexico-1,"Mexico City 1, Mexico",295
2025-12-12 19:41:44,cloudping Huawei,la-north-2,"Mexico City 2, Mexico",167.5
2025-12-12 19:41:44,cloudping Huawei,ap-southeast-3,Singapore,191
2025-12-12 19:41:44,cloudping Huawei,ap-southeast-1,"Hong Kong, China",215.5
2025-12-12 19:41:44,cloudping Huawei,sa-brazil-1,"Sao Paulo, Brazil",225.5
2025-12-12 19:41:44,cloudping Huawei,af-south-1,"Johannesburg, South Africa",246.5
2025-12-12 19:41:44,cloudping Huawei,ap-southeast-2,"Bangkok, Thailand",248.5
2025-12-12 19:41:44,cloudping Huawei,la-south-2,"Santiago, Chile",276
2025-12-12 19:41:44,cloudping Huawei,na-mexico-1,"Mexico City 1, Mexico",295
2025-12-12 19:41:44,cloudping Huawei,cn-east-3,Shanghai 1,199
2025-12-12 19:41:44,cloudping Huawei,cn-east-2,Shanghai 2,200.5
2025-12-12 19:41:44,cloudping Huawei,cn-north-1,Beijing 1,230
2025-12-12 19:41:44,cloudping Huawei,cn-south-1,Guangzhou,232.5
2025-12-12 19:41:44,cloudping Huawei,cn-southwest-2,Guiyang 1,238.5
2025-12-12 19:41:44,cloudping Huawei,cn-north-9,Wulanchabu,266
2025-12-12 19:41:44,cloudping Huawei,cn-north-4,Beijing 4,275
2025-12-12 20:07:43,cloudping Huawei,la-north-2,"Mexico City 2, Mexico",150
2025-12-12 20:07:43,cloudping Huawei,na-mexico-1,"Mexico City 1, Mexico",153
2025-12-12 20:07:43,cloudping Huawei,ap-southeast-3,Singapore,190
2025-12-12 20:07:43,cloudping Huawei,ap-southeast-1,"Hong Kong, China",217
2025-12-12 20:07:43,cloudping Huawei,sa-brazil-1,"Sao Paulo, Brazil",219.5
2025-12-12 20:07:43,cloudping Huawei,af-south-1,"Johannesburg, South Africa",231
2025-12-12 20:07:43,cloudping Huawei,ap-southeast-2,"Bangkok, Thailand",237.5
2025-12-12 20:07:43,cloudping Huawei,la-south-2,"Santiago, Chile",243.5
2025-12-12 20:07:43,cloudping Huawei,la-north-2,"Mexico City 2, Mexico",150
2025-12-12 20:07:43,cloudping Huawei,na-mexico-1,"Mexico City 1, Mexico",153
2025-12-12 20:07:43,cloudping Huawei,ap-southeast-3,Singapore,190
2025-12-12 20:07:43,cloudping Huawei,ap-southeast-1,"Hong Kong, China",217
2025-12-12 20:07:43,cloudping Huawei,sa-brazil-1,"Sao Paulo, Brazil",219.5
2025-12-12 20:07:43,cloudping Huawei,af-south-1,"Johannesburg, South Africa",231
2025-12-12 20:07:43,cloudping Huawei,ap-southeast-2,"Bangkok, Thailand",237.5
2025-12-12 20:07:43,cloudping Huawei,la-south-2,"Santiago, Chile",243.5
2025-12-12 20:07:43,cloudping Huawei,cn-east-2,Shanghai 2,217
2025-12-12 20:07:43,cloudping Huawei,cn-east-3,Shanghai 1,219
2025-12-12 20:07:43,cloudping Huawei,cn-north-1,Beijing 1,227
2025-12-12 20:07:43,cloudping Huawei,cn-south-1,Guangzhou,232.5
2025-12-12 20:07:43,cloudping Huawei,cn-southwest-2,Guiyang 1,244
2025-12-12 20:07:43,cloudping Huawei,cn-north-4,Beijing 4,273.5
2025-12-12 20:07:43,cloudping Huawei,cn-north-9,Wulanchabu,296.5
2025-12-12 20:33:44,cloudping Huawei,na-mexico-1,"Mexico City 1, Mexico",145
2025-12-12 20:33:44,cloudping Huawei,la-north-2,"Mexico City 2, Mexico",149
2025-12-12 20:33:44,cloudping Huawei,ap-southeast-3,Singapore,191
2025-12-12 20:33:44,cloudping Huawei,ap-southeast-1,"Hong Kong, China",214
2025-12-12 20:33:44,cloudping Huawei,sa-brazil-1,"Sao Paulo, Brazil",222
2025-12-12 20:33:44,cloudping Huawei,af-south-1,"Johannesburg, South Africa",231
2025-12-12 20:33:44,cloudping Huawei,ap-southeast-2,"Bangkok, Thailand",237
2025-12-12 20:33:44,cloudping Huawei,la-south-2,"Santiago, Chile",244
2025-12-12 20:33:44,cloudping Huawei,na-mexico-1,"Mexico City 1, Mexico",145
2025-12-12 20:33:44,cloudping Huawei,la-north-2,"Mexico City 2, Mexico",149
2025-12-12 20:33:44,cloudping Huawei,ap-southeast-3,Singapore,191
2025-12-12 20:33:44,cloudping Huawei,ap-southeast-1,"Hong Kong, China",214
2025-12-12 20:33:44,cloudping Huawei,sa-brazil-1,"Sao Paulo, Brazil",222
2025-12-12 20:33:44,cloudping Huawei,af-south-1,"Johannesburg, South Africa",231
2025-12-12 20:33:44,cloudping Huawei,ap-southeast-2,"Bangkok, Thailand",237
2025-12-12 20:33:44,cloudping Huawei,la-south-2,"Santiago, Chile",244
2025-12-12 20:33:44,cloudping Huawei,cn-east-2,Shanghai 2,218.5
2025-12-12 20:33:44,cloudping Huawei,cn-south-1,Guangzhou,233.5
2025-12-12 20:33:44,cloudping Huawei,cn-east-3,Shanghai 1,240
2025-12-12 20:33:44,cloudping Huawei,cn-southwest-2,Guiyang 1,253.5
2025-12-12 20:33:44,cloudping Huawei,cn-north-4,Beijing 4,256
2025-12-12 20:33:44,cloudping Huawei,cn-north-1,Beijing 1,274.5
2025-12-12 20:33:44,cloudping Huawei,cn-north-9,Wulanchabu,324
2025-12-12 20:59:43,cloudping Huawei,na-mexico-1,"Mexico City 1, Mexico",144.5
2025-12-12 20:59:43,cloudping Huawei,ap-southeast-3,Singapore,188.5
2025-12-12 20:59:43,cloudping Huawei,la-north-2,"Mexico City 2, Mexico",199
2025-12-12 20:59:43,cloudping Huawei,ap-southeast-1,"Hong Kong, China",213.5
2025-12-12 20:59:43,cloudping Huawei,la-south-2,"Santiago, Chile",240.5
2025-12-12 20:59:43,cloudping Huawei,af-south-1,"Johannesburg, South Africa",243
2025-12-12 20:59:43,cloudping Huawei,ap-southeast-2,"Bangkok, Thailand",244
2025-12-12 20:59:43,cloudping Huawei,sa-brazil-1,"Sao Paulo, Brazil",275.5
2025-12-12 20:59:43,cloudping Huawei,na-mexico-1,"Mexico City 1, Mexico",144.5
2025-12-12 20:59:43,cloudping Huawei,ap-southeast-3,Singapore,188.5
2025-12-12 20:59:43,cloudping Huawei,la-north-2,"Mexico City 2, Mexico",199
2025-12-12 20:59:43,cloudping Huawei,ap-southeast-1,"Hong Kong, China",213.5
2025-12-12 20:59:43,cloudping Huawei,la-south-2,"Santiago, Chile",240.5
2025-12-12 20:59:43,cloudping Huawei,af-south-1,"Johannesburg, South Africa",243
2025-12-12 20:59:43,cloudping Huawei,ap-southeast-2,"Bangkok, Thailand",244
2025-12-12 20:59:43,cloudping Huawei,sa-brazil-1,"Sao Paulo, Brazil",275.5
2025-12-12 20:59:43,cloudping Huawei,cn-east-2,Shanghai 2,209.5
2025-12-12 20:59:43,cloudping Huawei,cn-east-3,Shanghai 1,424.5
2025-12-12 20:59:43,cloudping Huawei,cn-north-1,Beijing 1,462.5
2025-12-12 20:59:43,cloudping Huawei,cn-south-1,Guangzhou,465.5
2025-12-12 20:59:43,cloudping Huawei,cn-north-9,Wulanchabu,466.5
2025-12-12 20:59:43,cloudping Huawei,cn-southwest-2,Guiyang 1,517.5
2025-12-12 20:59:43,cloudping Huawei,cn-north-4,Beijing 4,586
2025-12-12 21:25:44,cloudping Huawei,na-mexico-1,"Mexico City 1, Mexico",145
2025-12-12 21:25:44,cloudping Huawei,la-north-2,"Mexico City 2, Mexico",155
2025-12-12 21:25:44,cloudping Huawei,ap-southeast-3,Singapore,186.5
2025-12-12 21:25:44,cloudping Huawei,ap-southeast-1,"Hong Kong, China",221
2025-12-12 21:25:44,cloudping Huawei,sa-brazil-1,"Sao Paulo, Brazil",234
2025-12-12 21:25:44,cloudping Huawei,ap-southeast-2,"Bangkok, Thailand",240.5
2025-12-12 21:25:44,cloudping Huawei,af-south-1,"Johannesburg, South Africa",244
2025-12-12 21:25:44,cloudping Huawei,la-south-2,"Santiago, Chile",337.5
2025-12-12 21:25:44,cloudping Huawei,na-mexico-1,"Mexico City 1, Mexico",145
2025-12-12 21:25:44,cloudping Huawei,la-north-2,"Mexico City 2, Mexico",155
2025-12-12 21:25:44,cloudping Huawei,ap-southeast-3,Singapore,186.5
2025-12-12 21:25:44,cloudping Huawei,ap-southeast-1,"Hong Kong, China",221
2025-12-12 21:25:44,cloudping Huawei,sa-brazil-1,"Sao Paulo, Brazil",234
2025-12-12 21:25:44,cloudping Huawei,ap-southeast-2,"Bangkok, Thailand",240.5
2025-12-12 21:25:44,cloudping Huawei,af-south-1,"Johannesburg, South Africa",244
2025-12-12 21:25:44,cloudping Huawei,la-south-2,"Santiago, Chile",337.5
2025-12-12 21:25:44,cloudping Huawei,cn-north-1,Beijing 1,188
2025-12-12 21:25:44,cloudping Huawei,cn-east-2,Shanghai 2,205.5
2025-12-12 21:25:44,cloudping Huawei,cn-east-3,Shanghai 1,219.5
2025-12-12 21:25:44,cloudping Huawei,cn-north-4,Beijing 4,254
2025-12-12 21:25:44,cloudping Huawei,cn-south-1,Guangzhou,255.5
2025-12-12 21:25:44,cloudping Huawei,cn-southwest-2,Guiyang 1,260
2025-12-12 21:25:44,cloudping Huawei,cn-north-9,Wulanchabu,274.5
2025-12-12 21:51:47,cloudping Huawei,na-mexico-1,"Mexico City 1, Mexico",146
2025-12-12 21:51:47,cloudping Huawei,la-north-2,"Mexico City 2, Mexico",149.5
2025-12-12 21:51:47,cloudping Huawei,ap-southeast-1,"Hong Kong, China",214
2025-12-12 21:51:47,cloudping Huawei,af-south-1,"Johannesburg, South Africa",227.5
2025-12-12 21:51:47,cloudping Huawei,ap-southeast-2,"Bangkok, Thailand",241.5
2025-12-12 21:51:47,cloudping Huawei,la-south-2,"Santiago, Chile",285
2025-12-12 21:51:47,cloudping Huawei,ap-southeast-3,Singapore,307
2025-12-12 21:51:47,cloudping Huawei,sa-brazil-1,"Sao Paulo, Brazil",318
2025-12-12 21:51:47,cloudping Huawei,na-mexico-1,"Mexico City 1, Mexico",146
2025-12-12 21:51:47,cloudping Huawei,la-north-2,"Mexico City 2, Mexico",149.5
2025-12-12 21:51:47,cloudping Huawei,ap-southeast-1,"Hong Kong, China",214
2025-12-12 21:51:47,cloudping Huawei,af-south-1,"Johannesburg, South Africa",227.5
2025-12-12 21:51:47,cloudping Huawei,ap-southeast-2,"Bangkok, Thailand",241.5
2025-12-12 21:51:47,cloudping Huawei,la-south-2,"Santiago, Chile",285
2025-12-12 21:51:47,cloudping Huawei,ap-southeast-3,Singapore,307
2025-12-12 21:51:47,cloudping Huawei,sa-brazil-1,"Sao Paulo, Brazil",318
2025-12-12 21:51:47,cloudping Huawei,cn-east-2,Shanghai 2,205.5
2025-12-12 21:51:47,cloudping Huawei,cn-south-1,Guangzhou,218
2025-12-12 21:51:47,cloudping Huawei,cn-southwest-2,Guiyang 1,234
2025-12-12 21:51:47,cloudping Huawei,cn-north-1,Beijing 1,239.5
2025-12-12 21:51:47,cloudping Huawei,cn-east-3,Shanghai 1,246.5
2025-12-12 21:51:47,cloudping Huawei,cn-north-4,Beijing 4,265
2025-12-12 21:51:47,cloudping Huawei,cn-north-9,Wulanchabu,269.5
2025-12-12 22:17:44,cloudping Huawei,na-mexico-1,"Mexico City 1, Mexico",146.5
2025-12-12 22:17:44,cloudping Huawei,la-north-2,"Mexico City 2, Mexico",152
2025-12-12 22:17:44,cloudping Huawei,ap-southeast-3,Singapore,203
2025-12-12 22:17:44,cloudping Huawei,sa-brazil-1,"Sao Paulo, Brazil",222.5
2025-12-12 22:17:44,cloudping Huawei,ap-southeast-1,"Hong Kong, China",223.5
2025-12-12 22:17:44,cloudping Huawei,la-south-2,"Santiago, Chile",236.5
2025-12-12 22:17:44,cloudping Huawei,ap-southeast-2,"Bangkok, Thailand",249
2025-12-12 22:17:44,cloudping Huawei,af-south-1,"Johannesburg, South Africa",326
2025-12-12 22:17:44,cloudping Huawei,na-mexico-1,"Mexico City 1, Mexico",146.5
2025-12-12 22:17:44,cloudping Huawei,la-north-2,"Mexico City 2, Mexico",152
2025-12-12 22:17:44,cloudping Huawei,ap-southeast-3,Singapore,203
2025-12-12 22:17:44,cloudping Huawei,sa-brazil-1,"Sao Paulo, Brazil",222.5
2025-12-12 22:17:44,cloudping Huawei,ap-southeast-1,"Hong Kong, China",223.5
2025-12-12 22:17:44,cloudping Huawei,la-south-2,"Santiago, Chile",236.5
2025-12-12 22:17:44,cloudping Huawei,ap-southeast-2,"Bangkok, Thailand",249
2025-12-12 22:17:44,cloudping Huawei,af-south-1,"Johannesburg, South Africa",326
2025-12-12 22:17:44,cloudping Huawei,cn-east-2,Shanghai 2,218.5
2025-12-12 22:17:44,cloudping Huawei,cn-east-3,Shanghai 1,412
2025-12-12 22:17:44,cloudping Huawei,cn-north-1,Beijing 1,454
2025-12-12 22:17:44,cloudping Huawei,cn-south-1,Guangzhou,466
2025-12-12 22:17:44,cloudping Huawei,cn-southwest-2,Guiyang 1,509
2025-12-12 22:17:44,cloudping Huawei,cn-north-9,Wulanchabu,530.5
2025-12-12 22:17:44,cloudping Huawei,cn-north-4,Beijing 4,617.5
2025-12-12 22:43:44,cloudping Huawei,la-north-2,"Mexico City 2, Mexico",146.5
2025-12-12 22:43:44,cloudping Huawei,na-mexico-1,"Mexico City 1, Mexico",157.5
2025-12-12 22:43:44,cloudping Huawei,ap-southeast-3,Singapore,194
2025-12-12 22:43:44,cloudping Huawei,ap-southeast-1,"Hong Kong, China",230
2025-12-12 22:43:44,cloudping Huawei,la-south-2,"Santiago, Chile",233.5
2025-12-12 22:43:44,cloudping Huawei,ap-southeast-2,"Bangkok, Thailand",239
2025-12-12 22:43:44,cloudping Huawei,af-south-1,"Johannesburg, South Africa",241
2025-12-12 22:43:44,cloudping Huawei,sa-brazil-1,"Sao Paulo, Brazil",456
2025-12-12 22:43:44,cloudping Huawei,la-north-2,"Mexico City 2, Mexico",146.5
2025-12-12 22:43:44,cloudping Huawei,na-mexico-1,"Mexico City 1, Mexico",157.5
2025-12-12 22:43:44,cloudping Huawei,ap-southeast-3,Singapore,194
2025-12-12 22:43:44,cloudping Huawei,ap-southeast-1,"Hong Kong, China",230
2025-12-12 22:43:44,cloudping Huawei,la-south-2,"Santiago, Chile",233.5
2025-12-12 22:43:44,cloudping Huawei,ap-southeast-2,"Bangkok, Thailand",239
2025-12-12 22:43:44,cloudping Huawei,af-south-1,"Johannesburg, South Africa",241
2025-12-12 22:43:44,cloudping Huawei,sa-brazil-1,"Sao Paulo, Brazil",456
2025-12-12 22:43:44,cloudping Huawei,cn-north-4,Beijing 4,254
2025-12-12 22:43:44,cloudping Huawei,cn-north-1,Beijing 1,291.5
2025-12-12 22:43:44,cloudping Huawei,cn-east-2,Shanghai 2,425
2025-12-12 22:43:44,cloudping Huawei,cn-east-3,Shanghai 1,437
2025-12-12 22:43:44,cloudping Huawei,cn-southwest-2,Guiyang 1,490.5
2025-12-12 22:43:44,cloudping Huawei,cn-north-9,Wulanchabu,541.5
2025-12-12 22:43:44,cloudping Huawei,cn-south-1,Guangzhou,959.5
2025-12-12 23:09:45,cloudping Huawei,na-mexico-1,"Mexico City 1, Mexico",143.5
2025-12-12 23:09:45,cloudping Huawei,la-north-2,"Mexico City 2, Mexico",166.5
2025-12-12 23:09:45,cloudping Huawei,ap-southeast-3,Singapore,188
2025-12-12 23:09:45,cloudping Huawei,ap-southeast-1,"Hong Kong, China",219.5
2025-12-12 23:09:45,cloudping Huawei,sa-brazil-1,"Sao Paulo, Brazil",220.5
2025-12-12 23:09:45,cloudping Huawei,ap-southeast-2,"Bangkok, Thailand",232
2025-12-12 23:09:45,cloudping Huawei,la-south-2,"Santiago, Chile",296.5
2025-12-12 23:09:45,cloudping Huawei,af-south-1,"Johannesburg, South Africa",317
2025-12-12 23:09:45,cloudping Huawei,na-mexico-1,"Mexico City 1, Mexico",143.5
2025-12-12 23:09:45,cloudping Huawei,la-north-2,"Mexico City 2, Mexico",166.5
2025-12-12 23:09:45,cloudping Huawei,ap-southeast-3,Singapore,188
2025-12-12 23:09:45,cloudping Huawei,ap-southeast-1,"Hong Kong, China",219.5
2025-12-12 23:09:45,cloudping Huawei,sa-brazil-1,"Sao Paulo, Brazil",220.5
2025-12-12 23:09:45,cloudping Huawei,ap-southeast-2,"Bangkok, Thailand",232
2025-12-12 23:09:45,cloudping Huawei,la-south-2,"Santiago, Chile",296.5
2025-12-12 23:09:45,cloudping Huawei,af-south-1,"Johannesburg, South Africa",317
2025-12-12 23:09:45,cloudping Huawei,cn-north-1,Beijing 1,191.5
2025-12-12 23:09:45,cloudping Huawei,cn-east-3,Shanghai 1,204.5
2025-12-12 23:09:45,cloudping Huawei,cn-east-2,Shanghai 2,226
2025-12-12 23:09:45,cloudping Huawei,cn-south-1,Guangzhou,243.5
2025-12-12 23:09:45,cloudping Huawei,cn-southwest-2,Guiyang 1,253
2025-12-12 23:09:45,cloudping Huawei,cn-north-9,Wulanchabu,269.5
2025-12-12 23:09:45,cloudping Huawei,cn-north-4,Beijing 4,287.5
2025-12-12 23:35:44,cloudping Huawei,la-north-2,"Mexico City 2, Mexico",150
2025-12-12 23:35:44,cloudping Huawei,na-mexico-1,"Mexico City 1, Mexico",168
2025-12-12 23:35:44,cloudping Huawei,ap-southeast-3,Singapore,194.5
2025-12-12 23:35:44,cloudping Huawei,sa-brazil-1,"Sao Paulo, Brazil",221.5
2025-12-12 23:35:44,cloudping Huawei,ap-southeast-1,"Hong Kong, China",222
2025-12-12 23:35:44,cloudping Huawei,af-south-1,"Johannesburg, South Africa",231
2025-12-12 23:35:44,cloudping Huawei,ap-southeast-2,"Bangkok, Thailand",245.5
2025-12-12 23:35:44,cloudping Huawei,la-south-2,"Santiago, Chile",249.5
2025-12-12 23:35:44,cloudping Huawei,la-north-2,"Mexico City 2, Mexico",150
2025-12-12 23:35:44,cloudping Huawei,na-mexico-1,"Mexico City 1, Mexico",168
2025-12-12 23:35:44,cloudping Huawei,ap-southeast-3,Singapore,194.5
2025-12-12 23:35:44,cloudping Huawei,sa-brazil-1,"Sao Paulo, Brazil",221.5
2025-12-12 23:35:44,cloudping Huawei,ap-southeast-1,"Hong Kong, China",222
2025-12-12 23:35:44,cloudping Huawei,af-south-1,"Johannesburg, South Africa",231
2025-12-12 23:35:44,cloudping Huawei,ap-southeast-2,"Bangkok, Thailand",245.5
2025-12-12 23:35:44,cloudping Huawei,la-south-2,"Santiago, Chile",249.5
2025-12-12 23:35:44,cloudping Huawei,cn-east-2,Shanghai 2,207
2025-12-12 23:35:44,cloudping Huawei,cn-east-3,Shanghai 1,212.5
2025-12-12 23:35:44,cloudping Huawei,cn-southwest-2,Guiyang 1,256
2025-12-12 23:35:44,cloudping Huawei,cn-north-9,Wulanchabu,455
2025-12-12 23:35:44,cloudping Huawei,cn-north-1,Beijing 1,455
2025-12-12 23:35:44,cloudping Huawei,cn-north-4,Beijing 4,470.5
2025-12-12 23:35:44,cloudping Huawei,cn-south-1,Guangzhou,488.5
2025-12-13 00:01:47,cloudping Huawei,la-north-2,"Mexico City 2, Mexico",184
2025-12-13 00:01:47,cloudping Huawei,ap-southeast-3,Singapore,185.5
2025-12-13 00:01:47,cloudping Huawei,ap-southeast-1,"Hong Kong, China",210.5
2025-12-13 00:01:47,cloudping Huawei,sa-brazil-1,"Sao Paulo, Brazil",221.5
2025-12-13 00:01:47,cloudping Huawei,na-mexico-1,"Mexico City 1, Mexico",225.5
2025-12-13 00:01:47,cloudping Huawei,la-south-2,"Santiago, Chile",275.5
2025-12-13 00:01:47,cloudping Huawei,af-south-1,"Johannesburg, South Africa",279.5
2025-12-13 00:01:47,cloudping Huawei,ap-southeast-2,"Bangkok, Thailand",395.5
2025-12-13 00:01:47,cloudping Huawei,la-north-2,"Mexico City 2, Mexico",184
2025-12-13 00:01:47,cloudping Huawei,ap-southeast-3,Singapore,185.5
2025-12-13 00:01:47,cloudping Huawei,ap-southeast-1,"Hong Kong, China",210.5
2025-12-13 00:01:47,cloudping Huawei,sa-brazil-1,"Sao Paulo, Brazil",221.5
2025-12-13 00:01:47,cloudping Huawei,na-mexico-1,"Mexico City 1, Mexico",225.5
2025-12-13 00:01:47,cloudping Huawei,la-south-2,"Santiago, Chile",275.5
2025-12-13 00:01:47,cloudping Huawei,af-south-1,"Johannesburg, South Africa",279.5
2025-12-13 00:01:47,cloudping Huawei,ap-southeast-2,"Bangkok, Thailand",395.5
2025-12-13 00:01:47,cloudping Huawei,cn-east-2,Shanghai 2,201
2025-12-13 00:01:47,cloudping Huawei,cn-north-1,Beijing 1,465
2025-12-13 00:01:47,cloudping Huawei,cn-south-1,Guangzhou,488
2025-12-13 00:01:47,cloudping Huawei,cn-east-3,Shanghai 1,493.5
2025-12-13 00:01:47,cloudping Huawei,cn-southwest-2,Guiyang 1,515.5
2025-12-13 00:01:47,cloudping Huawei,cn-north-9,Wulanchabu,525
2025-12-13 00:01:47,cloudping Huawei,cn-north-4,Beijing 4,525
2025-12-13 00:27:45,cloudping Huawei,na-mexico-1,"Mexico City 1, Mexico",143.5
2025-12-13 00:27:45,cloudping Huawei,la-north-2,"Mexico City 2, Mexico",150.5
2025-12-13 00:27:45,cloudping Huawei,ap-southeast-3,Singapore,192.5
2025-12-13 00:27:45,cloudping Huawei,sa-brazil-1,"Sao Paulo, Brazil",221.5
2025-12-13 00:27:45,cloudping Huawei,ap-southeast-1,"Hong Kong, China",229.5
2025-12-13 00:27:45,cloudping Huawei,ap-southeast-2,"Bangkok, Thailand",236.5
2025-12-13 00:27:45,cloudping Huawei,la-south-2,"Santiago, Chile",359
2025-12-13 00:27:45,cloudping Huawei,af-south-1,"Johannesburg, South Africa",416
2025-12-13 00:27:45,cloudping Huawei,na-mexico-1,"Mexico City 1, Mexico",143.5
2025-12-13 00:27:45,cloudping Huawei,la-north-2,"Mexico City 2, Mexico",150.5
2025-12-13 00:27:45,cloudping Huawei,ap-southeast-3,Singapore,192.5
2025-12-13 00:27:45,cloudping Huawei,sa-brazil-1,"Sao Paulo, Brazil",221.5
2025-12-13 00:27:45,cloudping Huawei,ap-southeast-1,"Hong Kong, China",229.5
2025-12-13 00:27:45,cloudping Huawei,ap-southeast-2,"Bangkok, Thailand",236.5
2025-12-13 00:27:45,cloudping Huawei,la-south-2,"Santiago, Chile",359
2025-12-13 00:27:45,cloudping Huawei,af-south-1,"Johannesburg, South Africa",416
2025-12-13 00:27:45,cloudping Huawei,cn-east-2,Shanghai 2,217
2025-12-13 00:27:45,cloudping Huawei,cn-southwest-2,Guiyang 1,231
2025-12-13 00:27:45,cloudping Huawei,cn-south-1,Guangzhou,232
2025-12-13 00:27:45,cloudping Huawei,cn-east-3,Shanghai 1,237.5
2025-12-13 00:27:45,cloudping Huawei,cn-north-1,Beijing 1,435
2025-12-13 00:27:45,cloudping Huawei,cn-north-9,Wulanchabu,477.5
2025-12-13 00:27:45,cloudping Huawei,cn-north-4,Beijing 4,528.5
2025-12-13 00:53:45,cloudping Huawei,na-mexico-1,"Mexico City 1, Mexico",147.5
2025-12-13 00:53:45,cloudping Huawei,la-north-2,"Mexico City 2, Mexico",152
2025-12-13 00:53:45,cloudping Huawei,ap-southeast-3,Singapore,186
2025-12-13 00:53:45,cloudping Huawei,ap-southeast-1,"Hong Kong, China",213.5
2025-12-13 00:53:45,cloudping Huawei,sa-brazil-1,"Sao Paulo, Brazil",220
2025-12-13 00:53:45,cloudping Huawei,af-south-1,"Johannesburg, South Africa",226
2025-12-13 00:53:45,cloudping Huawei,la-south-2,"Santiago, Chile",235.5
2025-12-13 00:53:45,cloudping Huawei,ap-southeast-2,"Bangkok, Thailand",237
2025-12-13 00:53:45,cloudping Huawei,na-mexico-1,"Mexico City 1, Mexico",147.5
2025-12-13 00:53:45,cloudping Huawei,la-north-2,"Mexico City 2, Mexico",152
2025-12-13 00:53:45,cloudping Huawei,ap-southeast-3,Singapore,186
2025-12-13 00:53:45,cloudping Huawei,ap-southeast-1,"Hong Kong, China",213.5
2025-12-13 00:53:45,cloudping Huawei,sa-brazil-1,"Sao Paulo, Brazil",220
2025-12-13 00:53:45,cloudping Huawei,af-south-1,"Johannesburg, South Africa",226
2025-12-13 00:53:45,cloudping Huawei,la-south-2,"Santiago, Chile",235.5
2025-12-13 00:53:45,cloudping Huawei,ap-southeast-2,"Bangkok, Thailand",237
2025-12-13 00:53:45,cloudping Huawei,cn-east-3,Shanghai 1,215
2025-12-13 00:53:45,cloudping Huawei,cn-east-2,Shanghai 2,215
2025-12-13 00:53:45,cloudping Huawei,cn-north-1,Beijing 1,232
2025-12-13 00:53:45,cloudping Huawei,cn-south-1,Guangzhou,244.5
2025-12-13 00:53:45,cloudping Huawei,cn-southwest-2,Guiyang 1,257.5
2025-12-13 00:53:45,cloudping Huawei,cn-north-9,Wulanchabu,262.5
2025-12-13 00:53:45,cloudping Huawei,cn-north-4,Beijing 4,269.5
2025-12-13 01:19:45,cloudping Huawei,la-north-2,"Mexico City 2, Mexico",146
2025-12-13 01:19:45,cloudping Huawei,na-mexico-1,"Mexico City 1, Mexico",146
2025-12-13 01:19:45,cloudping Huawei,sa-brazil-1,"Sao Paulo, Brazil",225
2025-12-13 01:19:45,cloudping Huawei,ap-southeast-3,Singapore,233.5
2025-12-13 01:19:45,cloudping Huawei,ap-southeast-1,"Hong Kong, China",237
2025-12-13 01:19:45,cloudping Huawei,ap-southeast-2,"Bangkok, Thailand",239
2025-12-13 01:19:45,cloudping Huawei,la-south-2,"Santiago, Chile",240
2025-12-13 01:19:45,cloudping Huawei,af-south-1,"Johannesburg, South Africa",260
2025-12-13 01:19:45,cloudping Huawei,la-north-2,"Mexico City 2, Mexico",146
2025-12-13 01:19:45,cloudping Huawei,na-mexico-1,"Mexico City 1, Mexico",146
2025-12-13 01:19:45,cloudping Huawei,sa-brazil-1,"Sao Paulo, Brazil",225
2025-12-13 01:19:45,cloudping Huawei,ap-southeast-3,Singapore,233.5
2025-12-13 01:19:45,cloudping Huawei,ap-southeast-1,"Hong Kong, China",237
2025-12-13 01:19:45,cloudping Huawei,ap-southeast-2,"Bangkok, Thailand",239
2025-12-13 01:19:45,cloudping Huawei,la-south-2,"Santiago, Chile",240
2025-12-13 01:19:45,cloudping Huawei,af-south-1,"Johannesburg, South Africa",260
2025-12-13 01:19:45,cloudping Huawei,cn-east-2,Shanghai 2,210
2025-12-13 01:19:45,cloudping Huawei,cn-north-4,Beijing 4,218.5
2025-12-13 01:19:45,cloudping Huawei,cn-north-9,Wulanchabu,222
2025-12-13 01:19:45,cloudping Huawei,cn-south-1,Guangzhou,244.5
2025-12-13 01:19:45,cloudping Huawei,cn-east-3,Shanghai 1,246.5
2025-12-13 01:19:45,cloudping Huawei,cn-southwest-2,Guiyang 1,249
2025-12-13 01:19:45,cloudping Huawei,cn-north-1,Beijing 1,274.5
2025-12-13 01:45:46,cloudping Huawei,na-mexico-1,"Mexico City 1, Mexico",144.5
2025-12-13 01:45:46,cloudping Huawei,la-north-2,"Mexico City 2, Mexico",150.5
2025-12-13 01:45:46,cloudping Huawei,ap-southeast-3,Singapore,190
2025-12-13 01:45:46,cloudping Huawei,ap-southeast-1,"Hong Kong, China",223
2025-12-13 01:45:46,cloudping Huawei,sa-brazil-1,"Sao Paulo, Brazil",224.5
2025-12-13 01:45:46,cloudping Huawei,ap-southeast-2,"Bangkok, Thailand",235.5
2025-12-13 01:45:46,cloudping Huawei,la-south-2,"Santiago, Chile",238.5
2025-12-13 01:45:46,cloudping Huawei,af-south-1,"Johannesburg, South Africa",273.5
2025-12-13 01:45:46,cloudping Huawei,na-mexico-1,"Mexico City 1, Mexico",144.5
2025-12-13 01:45:46,cloudping Huawei,la-north-2,"Mexico City 2, Mexico",150.5
2025-12-13 01:45:46,cloudping Huawei,ap-southeast-3,Singapore,190
2025-12-13 01:45:46,cloudping Huawei,ap-southeast-1,"Hong Kong, China",223
2025-12-13 01:45:46,cloudping Huawei,sa-brazil-1,"Sao Paulo, Brazil",224.5
2025-12-13 01:45:46,cloudping Huawei,ap-southeast-2,"Bangkok, Thailand",235.5
2025-12-13 01:45:46,cloudping Huawei,la-south-2,"Santiago, Chile",238.5
2025-12-13 01:45:46,cloudping Huawei,af-south-1,"Johannesburg, South Africa",273.5
2025-12-13 01:45:46,cloudping Huawei,cn-east-2,Shanghai 2,435
2025-12-13 01:45:46,cloudping Huawei,cn-east-3,Shanghai 1,450.5
2025-12-13 01:45:46,cloudping Huawei,cn-north-1,Beijing 1,470.5
2025-12-13 01:45:46,cloudping Huawei,cn-south-1,Guangzhou,471
2025-12-13 01:45:46,cloudping Huawei,cn-north-4,Beijing 4,488.5
2025-12-13 01:45:46,cloudping Huawei,cn-southwest-2,Guiyang 1,528.5
2025-12-13 01:45:46,cloudping Huawei,cn-north-9,Wulanchabu,575.5
2025-12-13 02:11:47,cloudping Huawei,na-mexico-1,"Mexico City 1, Mexico",143
2025-12-13 02:11:47,cloudping Huawei,la-north-2,"Mexico City 2, Mexico",151
2025-12-13 02:11:47,cloudping Huawei,ap-southeast-1,"Hong Kong, China",218
2025-12-13 02:11:47,cloudping Huawei,ap-southeast-3,Singapore,236.5
2025-12-13 02:11:47,cloudping Huawei,ap-southeast-2,"Bangkok, Thailand",243
2025-12-13 02:11:47,cloudping Huawei,la-south-2,"Santiago, Chile",244.5
2025-12-13 02:11:47,cloudping Huawei,sa-brazil-1,"Sao Paulo, Brazil",251.5
2025-12-13 02:11:47,cloudping Huawei,af-south-1,"Johannesburg, South Africa",284
2025-12-13 02:11:47,cloudping Huawei,na-mexico-1,"Mexico City 1, Mexico",143
2025-12-13 02:11:47,cloudping Huawei,la-north-2,"Mexico City 2, Mexico",151
2025-12-13 02:11:47,cloudping Huawei,ap-southeast-1,"Hong Kong, China",218
2025-12-13 02:11:47,cloudping Huawei,ap-southeast-3,Singapore,236.5
2025-12-13 02:11:47,cloudping Huawei,ap-southeast-2,"Bangkok, Thailand",243
2025-12-13 02:11:47,cloudping Huawei,la-south-2,"Santiago, Chile",244.5
2025-12-13 02:11:47,cloudping Huawei,sa-brazil-1,"Sao Paulo, Brazil",251.5
2025-12-13 02:11:47,cloudping Huawei,af-south-1,"Johannesburg, South Africa",284
2025-12-13 02:11:47,cloudping Huawei,cn-east-2,Shanghai 2,419
2025-12-13 02:11:47,cloudping Huawei,cn-north-1,Beijing 1,456.5
2025-12-13 02:11:47,cloudping Huawei,cn-east-3,Shanghai 1,470.5
2025-12-13 02:11:47,cloudping Huawei,cn-south-1,Guangzhou,510.5
2025-12-13 02:11:47,cloudping Huawei,cn-north-9,Wulanchabu,522.5
2025-12-13 02:11:47,cloudping Huawei,cn-southwest-2,Guiyang 1,559.5
2025-12-13 02:11:47,cloudping Huawei,cn-north-4,Beijing 4,1016
2025-12-13 02:37:46,cloudping Huawei,la-north-2,"Mexico City 2, Mexico",150.5
2025-12-13 02:37:46,cloudping Huawei,na-mexico-1,"Mexico City 1, Mexico",157
2025-12-13 02:37:46,cloudping Huawei,ap-southeast-3,Singapore,190.5
2025-12-13 02:37:46,cloudping Huawei,ap-southeast-1,"Hong Kong, China",225
2025-12-13 02:37:46,cloudping Huawei,ap-southeast-2,"Bangkok, Thailand",236
2025-12-13 02:37:46,cloudping Huawei,sa-brazil-1,"Sao Paulo, Brazil",239
2025-12-13 02:37:46,cloudping Huawei,la-south-2,"Santiago, Chile",241.5
2025-12-13 02:37:46,cloudping Huawei,af-south-1,"Johannesburg, South Africa",329
2025-12-13 02:37:46,cloudping Huawei,la-north-2,"Mexico City 2, Mexico",150.5
2025-12-13 02:37:46,cloudping Huawei,na-mexico-1,"Mexico City 1, Mexico",157
2025-12-13 02:37:46,cloudping Huawei,ap-southeast-3,Singapore,190.5
2025-12-13 02:37:46,cloudping Huawei,ap-southeast-1,"Hong Kong, China",225
2025-12-13 02:37:46,cloudping Huawei,ap-southeast-2,"Bangkok, Thailand",236
2025-12-13 02:37:46,cloudping Huawei,sa-brazil-1,"Sao Paulo, Brazil",239
2025-12-13 02:37:46,cloudping Huawei,la-south-2,"Santiago, Chile",241.5
2025-12-13 02:37:46,cloudping Huawei,af-south-1,"Johannesburg, South Africa",329
2025-12-13 02:37:46,cloudping Huawei,cn-south-1,Guangzhou,486
2025-12-13 02:37:46,cloudping Huawei,cn-north-1,Beijing 1,591
2025-12-13 02:37:46,cloudping Huawei,cn-east-2,Shanghai 2,711
2025-12-13 02:37:46,cloudping Huawei,cn-southwest-2,Guiyang 1,763
2025-12-13 02:37:46,cloudping Huawei,cn-east-3,Shanghai 1,1461.5
2025-12-13 02:37:46,cloudping Huawei,cn-north-9,Wulanchabu,2171.5
2025-12-13 02:37:46,cloudping Huawei,cn-north-4,Beijing 4,2981
2025-12-13 03:03:46,cloudping Huawei,na-mexico-1,"Mexico City 1, Mexico",175
2025-12-13 03:03:46,cloudping Huawei,ap-southeast-3,Singapore,190
2025-12-13 03:03:46,cloudping Huawei,ap-southeast-1,"Hong Kong, China",230
2025-12-13 03:03:46,cloudping Huawei,la-south-2,"Santiago, Chile",248
2025-12-13 03:03:46,cloudping Huawei,sa-brazil-1,"Sao Paulo, Brazil",286
2025-12-13 03:03:46,cloudping Huawei,la-north-2,"Mexico City 2, Mexico",305.5
2025-12-13 03:03:46,cloudping Huawei,ap-southeast-2,"Bangkok, Thailand",308.5
2025-12-13 03:03:46,cloudping Huawei,af-south-1,"Johannesburg, South Africa",448
2025-12-13 03:03:46,cloudping Huawei,na-mexico-1,"Mexico City 1, Mexico",175
2025-12-13 03:03:46,cloudping Huawei,ap-southeast-3,Singapore,190
2025-12-13 03:03:46,cloudping Huawei,ap-southeast-1,"Hong Kong, China",230
2025-12-13 03:03:46,cloudping Huawei,la-south-2,"Santiago, Chile",248
2025-12-13 03:03:46,cloudping Huawei,sa-brazil-1,"Sao Paulo, Brazil",286
2025-12-13 03:03:46,cloudping Huawei,la-north-2,"Mexico City 2, Mexico",305.5
2025-12-13 03:03:46,cloudping Huawei,ap-southeast-2,"Bangkok, Thailand",308.5
2025-12-13 03:03:46,cloudping Huawei,af-south-1,"Johannesburg, South Africa",448
2025-12-13 03:03:46,cloudping Huawei,cn-north-1,Beijing 1,402
2025-12-13 03:03:46,cloudping Huawei,cn-east-2,Shanghai 2,418.5
2025-12-13 03:03:46,cloudping Huawei,cn-north-9,Wulanchabu,488
2025-12-13 03:03:46,cloudping Huawei,cn-south-1,Guangzhou,495.5
2025-12-13 03:03:46,cloudping Huawei,cn-southwest-2,Guiyang 1,564.5
2025-12-13 03:03:46,cloudping Huawei,cn-north-4,Beijing 4,666
2025-12-13 03:03:46,cloudping Huawei,cn-east-3,Shanghai 1,696
2025-12-13 03:29:47,cloudping Huawei,na-mexico-1,"Mexico City 1, Mexico",143.5
2025-12-13 03:29:47,cloudping Huawei,la-north-2,"Mexico City 2, Mexico",166.5
2025-12-13 03:29:47,cloudping Huawei,ap-southeast-3,Singapore,192
2025-12-13 03:29:47,cloudping Huawei,sa-brazil-1,"Sao Paulo, Brazil",223
2025-12-13 03:29:47,cloudping Huawei,ap-southeast-1,"Hong Kong, China",227
2025-12-13 03:29:47,cloudping Huawei,ap-southeast-2,"Bangkok, Thailand",241
2025-12-13 03:29:47,cloudping Huawei,la-south-2,"Santiago, Chile",245.5
2025-12-13 03:29:47,cloudping Huawei,af-south-1,"Johannesburg, South Africa",311
2025-12-13 03:29:47,cloudping Huawei,na-mexico-1,"Mexico City 1, Mexico",143.5
2025-12-13 03:29:47,cloudping Huawei,la-north-2,"Mexico City 2, Mexico",166.5
2025-12-13 03:29:47,cloudping Huawei,ap-southeast-3,Singapore,192
2025-12-13 03:29:47,cloudping Huawei,sa-brazil-1,"Sao Paulo, Brazil",223
2025-12-13 03:29:47,cloudping Huawei,ap-southeast-1,"Hong Kong, China",227
2025-12-13 03:29:47,cloudping Huawei,ap-southeast-2,"Bangkok, Thailand",241
2025-12-13 03:29:47,cloudping Huawei,la-south-2,"Santiago, Chile",245.5
2025-12-13 03:29:47,cloudping Huawei,af-south-1,"Johannesburg, South Africa",311
2025-12-13 03:29:47,cloudping Huawei,cn-north-1,Beijing 1,194
2025-12-13 03:29:47,cloudping Huawei,cn-north-4,Beijing 4,271.5
2025-12-13 03:29:47,cloudping Huawei,cn-north-9,Wulanchabu,275
2025-12-13 03:29:47,cloudping Huawei,cn-south-1,Guangzhou,359
2025-12-13 03:29:47,cloudping Huawei,cn-east-2,Shanghai 2,491
2025-12-13 03:29:47,cloudping Huawei,cn-east-3,Shanghai 1,517
2025-12-13 03:29:47,cloudping Huawei,cn-southwest-2,Guiyang 1,568
2025-12-13 03:55:47,cloudping Huawei,na-mexico-1,"Mexico City 1, Mexico",147
2025-12-13 03:55:47,cloudping Huawei,la-north-2,"Mexico City 2, Mexico",171
2025-12-13 03:55:47,cloudping Huawei,ap-southeast-3,Singapore,188.5
2025-12-13 03:55:47,cloudping Huawei,ap-southeast-1,"Hong Kong, China",221.5
2025-12-13 03:55:47,cloudping Huawei,sa-brazil-1,"Sao Paulo, Brazil",231
2025-12-13 03:55:47,cloudping Huawei,ap-southeast-2,"Bangkok, Thailand",240.5
2025-12-13 03:55:47,cloudping Huawei,af-south-1,"Johannesburg, South Africa",255
2025-12-13 03:55:47,cloudping Huawei,la-south-2,"Santiago, Chile",273
2025-12-13 03:55:47,cloudping Huawei,na-mexico-1,"Mexico City 1, Mexico",147
2025-12-13 03:55:47,cloudping Huawei,la-north-2,"Mexico City 2, Mexico",171
2025-12-13 03:55:47,cloudping Huawei,ap-southeast-3,Singapore,188.5
2025-12-13 03:55:47,cloudping Huawei,ap-southeast-1,"Hong Kong, China",221.5
2025-12-13 03:55:47,cloudping Huawei,sa-brazil-1,"Sao Paulo, Brazil",231
2025-12-13 03:55:47,cloudping Huawei,ap-southeast-2,"Bangkok, Thailand",240.5
2025-12-13 03:55:47,cloudping Huawei,af-south-1,"Johannesburg, South Africa",255
2025-12-13 03:55:47,cloudping Huawei,la-south-2,"Santiago, Chile",273
2025-12-13 03:55:47,cloudping Huawei,cn-east-3,Shanghai 1,447
2025-12-13 03:55:47,cloudping Huawei,cn-north-1,Beijing 1,465.5
2025-12-13 03:55:47,cloudping Huawei,cn-south-1,Guangzhou,522.5
2025-12-13 03:55:47,cloudping Huawei,cn-east-2,Shanghai 2,526.5
2025-12-13 03:55:47,cloudping Huawei,cn-north-4,Beijing 4,535.5
2025-12-13 03:55:47,cloudping Huawei,cn-southwest-2,Guiyang 1,656
2025-12-13 03:55:47,cloudping Huawei,cn-north-9,Wulanchabu,669.5
2025-12-13 04:21:47,cloudping Huawei,la-north-2,"Mexico City 2, Mexico",148.5
2025-12-13 04:21:47,cloudping Huawei,ap-southeast-3,Singapore,185.5
2025-12-13 04:21:47,cloudping Huawei,ap-southeast-1,"Hong Kong, China",215
2025-12-13 04:21:47,cloudping Huawei,na-mexico-1,"Mexico City 1, Mexico",217.5
2025-12-13 04:21:47,cloudping Huawei,sa-brazil-1,"Sao Paulo, Brazil",228.5
2025-12-13 04:21:47,cloudping Huawei,ap-southeast-2,"Bangkok, Thailand",248
2025-12-13 04:21:47,cloudping Huawei,la-south-2,"Santiago, Chile",265.5
2025-12-13 04:21:47,cloudping Huawei,af-south-1,"Johannesburg, South Africa",313.5
2025-12-13 04:21:47,cloudping Huawei,la-north-2,"Mexico City 2, Mexico",148.5
2025-12-13 04:21:47,cloudping Huawei,ap-southeast-3,Singapore,185.5
2025-12-13 04:21:47,cloudping Huawei,ap-southeast-1,"Hong Kong, China",215
2025-12-13 04:21:47,cloudping Huawei,na-mexico-1,"Mexico City 1, Mexico",217.5
2025-12-13 04:21:47,cloudping Huawei,sa-brazil-1,"Sao Paulo, Brazil",228.5
2025-12-13 04:21:47,cloudping Huawei,ap-southeast-2,"Bangkok, Thailand",248
2025-12-13 04:21:47,cloudping Huawei,la-south-2,"Santiago, Chile",265.5
2025-12-13 04:21:47,cloudping Huawei,af-south-1,"Johannesburg, South Africa",313.5
2025-12-13 04:21:47,cloudping Huawei,cn-east-2,Shanghai 2,217.5
2025-12-13 04:21:47,cloudping Huawei,cn-southwest-2,Guiyang 1,237.5
2025-12-13 04:21:47,cloudping Huawei,cn-east-3,Shanghai 1,240.5
2025-12-13 04:21:47,cloudping Huawei,cn-north-1,Beijing 1,438
2025-12-13 04:21:47,cloudping Huawei,cn-north-4,Beijing 4,480.5
2025-12-13 04:21:47,cloudping Huawei,cn-south-1,Guangzhou,528
2025-12-13 04:21:47,cloudping Huawei,cn-north-9,Wulanchabu,536.5
2025-12-13 04:47:48,cloudping Huawei,na-mexico-1,"Mexico City 1, Mexico",150
2025-12-13 04:47:48,cloudping Huawei,la-north-2,"Mexico City 2, Mexico",152.5
2025-12-13 04:47:48,cloudping Huawei,ap-southeast-3,Singapore,191
2025-12-13 04:47:48,cloudping Huawei,ap-southeast-1,"Hong Kong, China",219.5
2025-12-13 04:47:48,cloudping Huawei,sa-brazil-1,"Sao Paulo, Brazil",233
2025-12-13 04:47:48,cloudping Huawei,ap-southeast-2,"Bangkok, Thailand",245
2025-12-13 04:47:48,cloudping Huawei,la-south-2,"Santiago, Chile",256
2025-12-13 04:47:48,cloudping Huawei,af-south-1,"Johannesburg, South Africa",261
2025-12-13 04:47:48,cloudping Huawei,na-mexico-1,"Mexico City 1, Mexico",150
2025-12-13 04:47:48,cloudping Huawei,la-north-2,"Mexico City 2, Mexico",152.5
2025-12-13 04:47:48,cloudping Huawei,ap-southeast-3,Singapore,191
2025-12-13 04:47:48,cloudping Huawei,ap-southeast-1,"Hong Kong, China",219.5
2025-12-13 04:47:48,cloudping Huawei,sa-brazil-1,"Sao Paulo, Brazil",233
2025-12-13 04:47:48,cloudping Huawei,ap-southeast-2,"Bangkok, Thailand",245
2025-12-13 04:47:48,cloudping Huawei,la-south-2,"Santiago, Chile",256
2025-12-13 04:47:48,cloudping Huawei,af-south-1,"Johannesburg, South Africa",261
2025-12-13 04:47:48,cloudping Huawei,cn-south-1,Guangzhou,233
2025-12-13 04:47:48,cloudping Huawei,cn-north-1,Beijing 1,248
2025-12-13 04:47:48,cloudping Huawei,cn-north-4,Beijing 4,267
2025-12-13 04:47:48,cloudping Huawei,cn-southwest-2,Guiyang 1,268.5
2025-12-13 04:47:48,cloudping Huawei,cn-north-9,Wulanchabu,498.5
2025-12-13 04:47:48,cloudping Huawei,cn-east-2,Shanghai 2,537.5
2025-12-13 04:47:48,cloudping Huawei,cn-east-3,Shanghai 1,937
2025-12-13 05:13:47,cloudping Huawei,na-mexico-1,"Mexico City 1, Mexico",150.5
2025-12-13 05:13:47,cloudping Huawei,la-north-2,"Mexico City 2, Mexico",153.5
2025-12-13 05:13:47,cloudping Huawei,ap-southeast-3,Singapore,187.5
2025-12-13 05:13:47,cloudping Huawei,ap-southeast-1,"Hong Kong, China",227
2025-12-13 05:13:47,cloudping Huawei,sa-brazil-1,"Sao Paulo, Brazil",232.5
2025-12-13 05:13:47,cloudping Huawei,ap-southeast-2,"Bangkok, Thailand",253
2025-12-13 05:13:47,cloudping Huawei,la-south-2,"Santiago, Chile",367
2025-12-13 05:13:47,cloudping Huawei,af-south-1,"Johannesburg, South Africa",442
2025-12-13 05:13:47,cloudping Huawei,na-mexico-1,"Mexico City 1, Mexico",150.5
2025-12-13 05:13:47,cloudping Huawei,la-north-2,"Mexico City 2, Mexico",153.5
2025-12-13 05:13:47,cloudping Huawei,ap-southeast-3,Singapore,187.5
2025-12-13 05:13:47,cloudping Huawei,ap-southeast-1,"Hong Kong, China",227
2025-12-13 05:13:47,cloudping Huawei,sa-brazil-1,"Sao Paulo, Brazil",232.5
2025-12-13 05:13:47,cloudping Huawei,ap-southeast-2,"Bangkok, Thailand",253
2025-12-13 05:13:47,cloudping Huawei,la-south-2,"Santiago, Chile",367
2025-12-13 05:13:47,cloudping Huawei,af-south-1,"Johannesburg, South Africa",442
2025-12-13 05:13:47,cloudping Huawei,cn-east-2,Shanghai 2,229.5
2025-12-13 05:13:47,cloudping Huawei,cn-southwest-2,Guiyang 1,238
2025-12-13 05:13:47,cloudping Huawei,cn-south-1,Guangzhou,243
2025-12-13 05:13:47,cloudping Huawei,cn-north-9,Wulanchabu,248
2025-12-13 05:13:47,cloudping Huawei,cn-north-4,Beijing 4,270.5
2025-12-13 05:13:47,cloudping Huawei,cn-north-1,Beijing 1,350
2025-12-13 05:13:47,cloudping Huawei,cn-east-3,Shanghai 1,511
2025-12-13 05:39:47,cloudping Huawei,ap-southeast-3,Singapore,186
2025-12-13 05:39:47,cloudping Huawei,la-north-2,"Mexico City 2, Mexico",197.5
2025-12-13 05:39:47,cloudping Huawei,sa-brazil-1,"Sao Paulo, Brazil",225
2025-12-13 05:39:47,cloudping Huawei,ap-southeast-1,"Hong Kong, China",225.5
2025-12-13 05:39:47,cloudping Huawei,na-mexico-1,"Mexico City 1, Mexico",226
2025-12-13 05:39:47,cloudping Huawei,ap-southeast-2,"Bangkok, Thailand",232.5
2025-12-13 05:39:47,cloudping Huawei,af-south-1,"Johannesburg, South Africa",234.5
2025-12-13 05:39:47,cloudping Huawei,la-south-2,"Santiago, Chile",312.5
2025-12-13 05:39:47,cloudping Huawei,ap-southeast-3,Singapore,186
2025-12-13 05:39:47,cloudping Huawei,la-north-2,"Mexico City 2, Mexico",197.5
2025-12-13 05:39:47,cloudping Huawei,sa-brazil-1,"Sao Paulo, Brazil",225
2025-12-13 05:39:47,cloudping Huawei,ap-southeast-1,"Hong Kong, China",225.5
2025-12-13 05:39:47,cloudping Huawei,na-mexico-1,"Mexico City 1, Mexico",226
2025-12-13 05:39:47,cloudping Huawei,ap-southeast-2,"Bangkok, Thailand",232.5
2025-12-13 05:39:47,cloudping Huawei,af-south-1,"Johannesburg, South Africa",234.5
2025-12-13 05:39:47,cloudping Huawei,la-south-2,"Santiago, Chile",312.5
2025-12-13 05:39:47,cloudping Huawei,cn-east-3,Shanghai 1,226
2025-12-13 05:39:47,cloudping Huawei,cn-east-2,Shanghai 2,261
2025-12-13 05:39:47,cloudping Huawei,cn-north-1,Beijing 1,478.5
2025-12-13 05:39:47,cloudping Huawei,cn-southwest-2,Guiyang 1,482.5
2025-12-13 05:39:47,cloudping Huawei,cn-north-4,Beijing 4,613.5
2025-12-13 05:39:47,cloudping Huawei,cn-south-1,Guangzhou,1105
2025-12-13 05:39:47,cloudping Huawei,cn-north-9,Wulanchabu,1419
2025-12-13 06:05:47,cloudping Huawei,ap-southeast-3,Singapore,192
2025-12-13 06:05:47,cloudping Huawei,na-mexico-1,"Mexico City 1, Mexico",202
2025-12-13 06:05:47,cloudping Huawei,ap-southeast-1,"Hong Kong, China",224
2025-12-13 06:05:47,cloudping Huawei,sa-brazil-1,"Sao Paulo, Brazil",224.5
2025-12-13 06:05:47,cloudping Huawei,la-south-2,"Santiago, Chile",241
2025-12-13 06:05:47,cloudping Huawei,ap-southeast-2,"Bangkok, Thailand",243
2025-12-13 06:05:47,cloudping Huawei,la-north-2,"Mexico City 2, Mexico",255
2025-12-13 06:05:47,cloudping Huawei,af-south-1,"Johannesburg, South Africa",358.5
2025-12-13 06:05:47,cloudping Huawei,ap-southeast-3,Singapore,192
2025-12-13 06:05:47,cloudping Huawei,na-mexico-1,"Mexico City 1, Mexico",202
2025-12-13 06:05:47,cloudping Huawei,ap-southeast-1,"Hong Kong, China",224
2025-12-13 06:05:47,cloudping Huawei,sa-brazil-1,"Sao Paulo, Brazil",224.5
2025-12-13 06:05:47,cloudping Huawei,la-south-2,"Santiago, Chile",241
2025-12-13 06:05:47,cloudping Huawei,ap-southeast-2,"Bangkok, Thailand",243
2025-12-13 06:05:47,cloudping Huawei,la-north-2,"Mexico City 2, Mexico",255
2025-12-13 06:05:47,cloudping Huawei,af-south-1,"Johannesburg, South Africa",358.5
2025-12-13 06:05:47,cloudping Huawei,cn-east-3,Shanghai 1,223
2025-12-13 06:05:47,cloudping Huawei,cn-east-2,Shanghai 2,231.5
2025-12-13 06:05:47,cloudping Huawei,cn-south-1,Guangzhou,497.5
2025-12-13 06:05:47,cloudping Huawei,cn-north-1,Beijing 1,500
2025-12-13 06:05:47,cloudping Huawei,cn-north-9,Wulanchabu,583
2025-12-13 06:05:47,cloudping Huawei,cn-southwest-2,Guiyang 1,598
2025-12-13 06:05:47,cloudping Huawei,cn-north-4,Beijing 4,1093.5
2025-12-13 06:31:48,cloudping Huawei,ap-southeast-3,Singapore,188
2025-12-13 06:31:48,cloudping Huawei,la-north-2,"Mexico City 2, Mexico",204
2025-12-13 06:31:48,cloudping Huawei,ap-southeast-1,"Hong Kong, China",213.5
2025-12-13 06:31:48,cloudping Huawei,na-mexico-1,"Mexico City 1, Mexico",222
2025-12-13 06:31:48,cloudping Huawei,sa-brazil-1,"Sao Paulo, Brazil",226
2025-12-13 06:31:48,cloudping Huawei,ap-southeast-2,"Bangkok, Thailand",238
2025-12-13 06:31:48,cloudping Huawei,la-south-2,"Santiago, Chile",308.5
2025-12-13 06:31:48,cloudping Huawei,af-south-1,"Johannesburg, South Africa",341
2025-12-13 06:31:48,cloudping Huawei,ap-southeast-3,Singapore,188
2025-12-13 06:31:48,cloudping Huawei,la-north-2,"Mexico City 2, Mexico",204
2025-12-13 06:31:48,cloudping Huawei,ap-southeast-1,"Hong Kong, China",213.5
2025-12-13 06:31:48,cloudping Huawei,na-mexico-1,"Mexico City 1, Mexico",222
2025-12-13 06:31:48,cloudping Huawei,sa-brazil-1,"Sao Paulo, Brazil",226
2025-12-13 06:31:48,cloudping Huawei,ap-southeast-2,"Bangkok, Thailand",238
2025-12-13 06:31:48,cloudping Huawei,la-south-2,"Santiago, Chile",308.5
2025-12-13 06:31:48,cloudping Huawei,af-south-1,"Johannesburg, South Africa",341
2025-12-13 06:31:48,cloudping Huawei,cn-east-2,Shanghai 2,219.5
2025-12-13 06:31:48,cloudping Huawei,cn-southwest-2,Guiyang 1,256.5
2025-12-13 06:31:48,cloudping Huawei,cn-south-1,Guangzhou,260.5
2025-12-13 06:31:48,cloudping Huawei,cn-east-3,Shanghai 1,511.5
2025-12-13 06:31:48,cloudping Huawei,cn-north-1,Beijing 1,513.5
2025-12-13 06:31:48,cloudping Huawei,cn-north-9,Wulanchabu,576
2025-12-13 06:31:48,cloudping Huawei,cn-north-4,Beijing 4,2011
2025-12-13 06:57:49,cloudping Huawei,la-north-2,"Mexico City 2, Mexico",201.5
2025-12-13 06:57:49,cloudping Huawei,na-mexico-1,"Mexico City 1, Mexico",219.5
2025-12-13 06:57:49,cloudping Huawei,ap-southeast-1,"Hong Kong, China",219.5
2025-12-13 06:57:49,cloudping Huawei,sa-brazil-1,"Sao Paulo, Brazil",228
2025-12-13 06:57:49,cloudping Huawei,ap-southeast-3,Singapore,235.5
2025-12-13 06:57:49,cloudping Huawei,la-south-2,"Santiago, Chile",236.5
2025-12-13 06:57:49,cloudping Huawei,ap-southeast-2,"Bangkok, Thailand",245.5
2025-12-13 06:57:49,cloudping Huawei,af-south-1,"Johannesburg, South Africa",397.5
2025-12-13 06:57:49,cloudping Huawei,la-north-2,"Mexico City 2, Mexico",201.5
2025-12-13 06:57:49,cloudping Huawei,na-mexico-1,"Mexico City 1, Mexico",219.5
2025-12-13 06:57:49,cloudping Huawei,ap-southeast-1,"Hong Kong, China",219.5
2025-12-13 06:57:49,cloudping Huawei,sa-brazil-1,"Sao Paulo, Brazil",228
2025-12-13 06:57:49,cloudping Huawei,ap-southeast-3,Singapore,235.5
2025-12-13 06:57:49,cloudping Huawei,la-south-2,"Santiago, Chile",236.5
2025-12-13 06:57:49,cloudping Huawei,ap-southeast-2,"Bangkok, Thailand",245.5
2025-12-13 06:57:49,cloudping Huawei,af-south-1,"Johannesburg, South Africa",397.5
2025-12-13 06:57:49,cloudping Huawei,cn-east-2,Shanghai 2,222
2025-12-13 06:57:49,cloudping Huawei,cn-east-3,Shanghai 1,270
2025-12-13 06:57:49,cloudping Huawei,cn-southwest-2,Guiyang 1,291
2025-12-13 06:57:49,cloudping Huawei,cn-north-9,Wulanchabu,549.5
2025-12-13 06:57:49,cloudping Huawei,cn-south-1,Guangzhou,568.5
2025-12-13 06:57:49,cloudping Huawei,cn-north-1,Beijing 1,789
2025-12-13 06:57:49,cloudping Huawei,cn-north-4,Beijing 4,807.5
2025-12-13 07:23:48,cloudping Huawei,la-north-2,"Mexico City 2, Mexico",171
2025-12-13 07:23:48,cloudping Huawei,ap-southeast-3,Singapore,190.5
2025-12-13 07:23:48,cloudping Huawei,na-mexico-1,"Mexico City 1, Mexico",207
2025-12-13 07:23:48,cloudping Huawei,ap-southeast-1,"Hong Kong, China",218.5
2025-12-13 07:23:48,cloudping Huawei,sa-brazil-1,"Sao Paulo, Brazil",225
2025-12-13 07:23:48,cloudping Huawei,af-south-1,"Johannesburg, South Africa",245.5
2025-12-13 07:23:48,cloudping Huawei,ap-southeast-2,"Bangkok, Thailand",260.5
2025-12-13 07:23:48,cloudping Huawei,la-south-2,"Santiago, Chile",315
2025-12-13 07:23:48,cloudping Huawei,la-north-2,"Mexico City 2, Mexico",171
2025-12-13 07:23:48,cloudping Huawei,ap-southeast-3,Singapore,190.5
2025-12-13 07:23:48,cloudping Huawei,na-mexico-1,"Mexico City 1, Mexico",207
2025-12-13 07:23:48,cloudping Huawei,ap-southeast-1,"Hong Kong, China",218.5
2025-12-13 07:23:48,cloudping Huawei,sa-brazil-1,"Sao Paulo, Brazil",225
2025-12-13 07:23:48,cloudping Huawei,af-south-1,"Johannesburg, South Africa",245.5
2025-12-13 07:23:48,cloudping Huawei,ap-southeast-2,"Bangkok, Thailand",260.5
2025-12-13 07:23:48,cloudping Huawei,la-south-2,"Santiago, Chile",315
2025-12-13 07:23:48,cloudping Huawei,cn-east-2,Shanghai 2,202.5
2025-12-13 07:23:48,cloudping Huawei,cn-east-3,Shanghai 1,270.5
2025-12-13 07:23:48,cloudping Huawei,cn-north-1,Beijing 1,419.5
2025-12-13 07:23:48,cloudping Huawei,cn-south-1,Guangzhou,504.5
2025-12-13 07:23:48,cloudping Huawei,cn-north-9,Wulanchabu,542.5
2025-12-13 07:23:48,cloudping Huawei,cn-north-4,Beijing 4,609
2025-12-13 07:23:48,cloudping Huawei,cn-southwest-2,Guiyang 1,616.5
2025-12-13 07:49:49,cloudping Huawei,la-north-2,"Mexico City 2, Mexico",152.5
2025-12-13 07:49:49,cloudping Huawei,na-mexico-1,"Mexico City 1, Mexico",163.5
2025-12-13 07:49:49,cloudping Huawei,ap-southeast-3,Singapore,196
2025-12-13 07:49:49,cloudping Huawei,ap-southeast-1,"Hong Kong, China",229
2025-12-13 07:49:49,cloudping Huawei,sa-brazil-1,"Sao Paulo, Brazil",246
2025-12-13 07:49:49,cloudping Huawei,af-south-1,"Johannesburg, South Africa",278
2025-12-13 07:49:49,cloudping Huawei,la-south-2,"Santiago, Chile",285.5
2025-12-13 07:49:49,cloudping Huawei,ap-southeast-2,"Bangkok, Thailand",285.5
2025-12-13 07:49:49,cloudping Huawei,la-north-2,"Mexico City 2, Mexico",152.5
2025-12-13 07:49:49,cloudping Huawei,na-mexico-1,"Mexico City 1, Mexico",163.5
2025-12-13 07:49:49,cloudping Huawei,ap-southeast-3,Singapore,196
2025-12-13 07:49:49,cloudping Huawei,ap-southeast-1,"Hong Kong, China",229
2025-12-13 07:49:49,cloudping Huawei,sa-brazil-1,"Sao Paulo, Brazil",246
2025-12-13 07:49:49,cloudping Huawei,af-south-1,"Johannesburg, South Africa",278
2025-12-13 07:49:49,cloudping Huawei,la-south-2,"Santiago, Chile",285.5
2025-12-13 07:49:49,cloudping Huawei,ap-southeast-2,"Bangkok, Thailand",285.5
2025-12-13 07:49:49,cloudping Huawei,cn-north-9,Wulanchabu,242
2025-12-13 07:49:49,cloudping Huawei,cn-south-1,Guangzhou,249
2025-12-13 07:49:49,cloudping Huawei,cn-north-1,Beijing 1,473.5
2025-12-13 07:49:49,cloudping Huawei,cn-east-2,Shanghai 2,538.5
2025-12-13 07:49:49,cloudping Huawei,cn-east-3,Shanghai 1,543
2025-12-13 07:49:49,cloudping Huawei,cn-southwest-2,Guiyang 1,639.5
2025-12-13 07:49:49,cloudping Huawei,cn-north-4,Beijing 4,659
2025-12-13 08:15:50,cloudping Huawei,na-mexico-1,"Mexico City 1, Mexico",156
2025-12-13 08:15:50,cloudping Huawei,la-north-2,"Mexico City 2, Mexico",157.5
2025-12-13 08:15:50,cloudping Huawei,ap-southeast-3,Singapore,190.5
2025-12-13 08:15:50,cloudping Huawei,ap-southeast-1,"Hong Kong, China",221
2025-12-13 08:15:50,cloudping Huawei,sa-brazil-1,"Sao Paulo, Brazil",228.5
2025-12-13 08:15:50,cloudping Huawei,la-south-2,"Santiago, Chile",235
2025-12-13 08:15:50,cloudping Huawei,ap-southeast-2,"Bangkok, Thailand",239.5
2025-12-13 08:15:50,cloudping Huawei,af-south-1,"Johannesburg, South Africa",250
2025-12-13 08:15:50,cloudping Huawei,na-mexico-1,"Mexico City 1, Mexico",156
2025-12-13 08:15:50,cloudping Huawei,la-north-2,"Mexico City 2, Mexico",157.5
2025-12-13 08:15:50,cloudping Huawei,ap-southeast-3,Singapore,190.5
2025-12-13 08:15:50,cloudping Huawei,ap-southeast-1,"Hong Kong, China",221
2025-12-13 08:15:50,cloudping Huawei,sa-brazil-1,"Sao Paulo, Brazil",228.5
2025-12-13 08:15:50,cloudping Huawei,la-south-2,"Santiago, Chile",235
2025-12-13 08:15:50,cloudping Huawei,ap-southeast-2,"Bangkok, Thailand",239.5
2025-12-13 08:15:50,cloudping Huawei,af-south-1,"Johannesburg, South Africa",250
2025-12-13 08:15:50,cloudping Huawei,cn-north-4,Beijing 4,476
2025-12-13 08:15:50,cloudping Huawei,cn-southwest-2,Guiyang 1,607
2025-12-13 08:15:50,cloudping Huawei,cn-north-9,Wulanchabu,691
2025-12-13 08:15:50,cloudping Huawei,cn-north-1,Beijing 1,753.5
2025-12-13 08:15:50,cloudping Huawei,cn-east-2,Shanghai 2,1029.5
2025-12-13 08:15:50,cloudping Huawei,cn-south-1,Guangzhou,1245
2025-12-13 08:15:50,cloudping Huawei,cn-east-3,Shanghai 1,1441
2025-12-13 08:41:49,cloudping Huawei,la-north-2,"Mexico City 2, Mexico",152.5
2025-12-13 08:41:49,cloudping Huawei,ap-southeast-3,Singapore,198.5
2025-12-13 08:41:49,cloudping Huawei,ap-southeast-1,"Hong Kong, China",213.5
2025-12-13 08:41:49,cloudping Huawei,sa-brazil-1,"Sao Paulo, Brazil",231.5
2025-12-13 08:41:49,cloudping Huawei,ap-southeast-2,"Bangkok, Thailand",240
2025-12-13 08:41:49,cloudping Huawei,la-south-2,"Santiago, Chile",295.5
2025-12-13 08:41:49,cloudping Huawei,af-south-1,"Johannesburg, South Africa",300
2025-12-13 08:41:49,cloudping Huawei,na-mexico-1,"Mexico City 1, Mexico",313
2025-12-13 08:41:49,cloudping Huawei,la-north-2,"Mexico City 2, Mexico",152.5
2025-12-13 08:41:49,cloudping Huawei,ap-southeast-3,Singapore,198.5
2025-12-13 08:41:49,cloudping Huawei,ap-southeast-1,"Hong Kong, China",213.5
2025-12-13 08:41:49,cloudping Huawei,sa-brazil-1,"Sao Paulo, Brazil",231.5
2025-12-13 08:41:49,cloudping Huawei,ap-southeast-2,"Bangkok, Thailand",240
2025-12-13 08:41:49,cloudping Huawei,la-south-2,"Santiago, Chile",295.5
2025-12-13 08:41:49,cloudping Huawei,af-south-1,"Johannesburg, South Africa",300
2025-12-13 08:41:49,cloudping Huawei,na-mexico-1,"Mexico City 1, Mexico",313
2025-12-13 08:41:49,cloudping Huawei,cn-south-1,Guangzhou,234
2025-12-13 08:41:49,cloudping Huawei,cn-north-1,Beijing 1,248.5
2025-12-13 08:41:49,cloudping Huawei,cn-north-4,Beijing 4,266
2025-12-13 08:41:49,cloudping Huawei,cn-north-9,Wulanchabu,272.5
2025-12-13 08:41:49,cloudping Huawei,cn-east-2,Shanghai 2,519
2025-12-13 08:41:49,cloudping Huawei,cn-southwest-2,Guiyang 1,612
2025-12-13 08:41:49,cloudping Huawei,cn-east-3,Shanghai 1,697
2025-12-13 09:07:50,cloudping Huawei,na-mexico-1,"Mexico City 1, Mexico",147.5
2025-12-13 09:07:50,cloudping Huawei,la-north-2,"Mexico City 2, Mexico",193.5
2025-12-13 09:07:50,cloudping Huawei,ap-southeast-3,Singapore,201
2025-12-13 09:07:50,cloudping Huawei,ap-southeast-1,"Hong Kong, China",224
2025-12-13 09:07:50,cloudping Huawei,sa-brazil-1,"Sao Paulo, Brazil",225
2025-12-13 09:07:50,cloudping Huawei,ap-southeast-2,"Bangkok, Thailand",236
2025-12-13 09:07:50,cloudping Huawei,af-south-1,"Johannesburg, South Africa",244.5
2025-12-13 09:07:50,cloudping Huawei,la-south-2,"Santiago, Chile",247
2025-12-13 09:07:50,cloudping Huawei,na-mexico-1,"Mexico City 1, Mexico",147.5
2025-12-13 09:07:50,cloudping Huawei,la-north-2,"Mexico City 2, Mexico",193.5
2025-12-13 09:07:50,cloudping Huawei,ap-southeast-3,Singapore,201
2025-12-13 09:07:50,cloudping Huawei,ap-southeast-1,"Hong Kong, China",224
2025-12-13 09:07:50,cloudping Huawei,sa-brazil-1,"Sao Paulo, Brazil",225
2025-12-13 09:07:50,cloudping Huawei,ap-southeast-2,"Bangkok, Thailand",236
2025-12-13 09:07:50,cloudping Huawei,af-south-1,"Johannesburg, South Africa",244.5
2025-12-13 09:07:50,cloudping Huawei,la-south-2,"Santiago, Chile",247
2025-12-13 09:07:50,cloudping Huawei,cn-north-1,Beijing 1,548
2025-12-13 09:07:50,cloudping Huawei,cn-north-9,Wulanchabu,551
2025-12-13 09:07:50,cloudping Huawei,cn-south-1,Guangzhou,558
2025-12-13 09:07:50,cloudping Huawei,cn-north-4,Beijing 4,604.5
2025-12-13 09:07:50,cloudping Huawei,cn-southwest-2,Guiyang 1,721
2025-12-13 09:07:50,cloudping Huawei,cn-east-3,Shanghai 1,838.5
2025-12-13 09:07:50,cloudping Huawei,cn-east-2,Shanghai 2,1774
2025-12-13 09:33:50,cloudping Huawei,na-mexico-1,"Mexico City 1, Mexico",149
2025-12-13 09:33:50,cloudping Huawei,la-north-2,"Mexico City 2, Mexico",176
2025-12-13 09:33:50,cloudping Huawei,ap-southeast-3,Singapore,188
2025-12-13 09:33:50,cloudping Huawei,sa-brazil-1,"Sao Paulo, Brazil",228
2025-12-13 09:33:50,cloudping Huawei,ap-southeast-1,"Hong Kong, China",233.5
2025-12-13 09:33:50,cloudping Huawei,la-south-2,"Santiago, Chile",234.5
2025-12-13 09:33:50,cloudping Huawei,ap-southeast-2,"Bangkok, Thailand",238
2025-12-13 09:33:50,cloudping Huawei,af-south-1,"Johannesburg, South Africa",246.5
2025-12-13 09:33:50,cloudping Huawei,na-mexico-1,"Mexico City 1, Mexico",149
2025-12-13 09:33:50,cloudping Huawei,la-north-2,"Mexico City 2, Mexico",176
2025-12-13 09:33:50,cloudping Huawei,ap-southeast-3,Singapore,188
2025-12-13 09:33:50,cloudping Huawei,sa-brazil-1,"Sao Paulo, Brazil",228
2025-12-13 09:33:50,cloudping Huawei,ap-southeast-1,"Hong Kong, China",233.5
2025-12-13 09:33:50,cloudping Huawei,la-south-2,"Santiago, Chile",234.5
2025-12-13 09:33:50,cloudping Huawei,ap-southeast-2,"Bangkok, Thailand",238
2025-12-13 09:33:50,cloudping Huawei,af-south-1,"Johannesburg, South Africa",246.5
2025-12-13 09:33:50,cloudping Huawei,cn-east-2,Shanghai 2,217.5
2025-12-13 09:33:50,cloudping Huawei,cn-south-1,Guangzhou,227
2025-12-13 09:33:50,cloudping Huawei,cn-east-3,Shanghai 1,248.5
2025-12-13 09:33:50,cloudping Huawei,cn-southwest-2,Guiyang 1,255.5
2025-12-13 09:33:50,cloudping Huawei,cn-north-1,Beijing 1,262.5
2025-12-13 09:33:50,cloudping Huawei,cn-north-4,Beijing 4,277.5
2025-12-13 09:33:50,cloudping Huawei,cn-north-9,Wulanchabu,279
2025-12-13 09:59:51,cloudping Huawei,na-mexico-1,"Mexico City 1, Mexico",143.5
2025-12-13 09:59:51,cloudping Huawei,la-north-2,"Mexico City 2, Mexico",144
2025-12-13 09:59:51,cloudping Huawei,ap-southeast-3,Singapore,193
2025-12-13 09:59:51,cloudping Huawei,ap-southeast-1,"Hong Kong, China",218
2025-12-13 09:59:51,cloudping Huawei,sa-brazil-1,"Sao Paulo, Brazil",223.5
2025-12-13 09:59:51,cloudping Huawei,la-south-2,"Santiago, Chile",238.5
2025-12-13 09:59:51,cloudping Huawei,ap-southeast-2,"Bangkok, Thailand",239
2025-12-13 09:59:51,cloudping Huawei,af-south-1,"Johannesburg, South Africa",397
2025-12-13 09:59:51,cloudping Huawei,na-mexico-1,"Mexico City 1, Mexico",143.5
2025-12-13 09:59:51,cloudping Huawei,la-north-2,"Mexico City 2, Mexico",144
2025-12-13 09:59:51,cloudping Huawei,ap-southeast-3,Singapore,193
2025-12-13 09:59:51,cloudping Huawei,ap-southeast-1,"Hong Kong, China",218
2025-12-13 09:59:51,cloudping Huawei,sa-brazil-1,"Sao Paulo, Brazil",223.5
2025-12-13 09:59:51,cloudping Huawei,la-south-2,"Santiago, Chile",238.5
2025-12-13 09:59:51,cloudping Huawei,ap-southeast-2,"Bangkok, Thailand",239
2025-12-13 09:59:51,cloudping Huawei,af-south-1,"Johannesburg, South Africa",397
2025-12-13 09:59:51,cloudping Huawei,cn-east-2,Shanghai 2,207.5
2025-12-13 09:59:51,cloudping Huawei,cn-east-3,Shanghai 1,218.5
2025-12-13 09:59:51,cloudping Huawei,cn-north-4,Beijing 4,228
2025-12-13 09:59:51,cloudping Huawei,cn-south-1,Guangzhou,238
2025-12-13 09:59:51,cloudping Huawei,cn-southwest-2,Guiyang 1,253.5
2025-12-13 09:59:51,cloudping Huawei,cn-north-1,Beijing 1,352
2025-12-13 09:59:51,cloudping Huawei,cn-north-9,Wulanchabu,545
2025-12-13 10:25:51,cloudping Huawei,na-mexico-1,"Mexico City 1, Mexico",144.5
2025-12-13 10:25:51,cloudping Huawei,la-north-2,"Mexico City 2, Mexico",160
2025-12-13 10:25:51,cloudping Huawei,ap-southeast-3,Singapore,187.5
2025-12-13 10:25:51,cloudping Huawei,ap-southeast-1,"Hong Kong, China",220
2025-12-13 10:25:51,cloudping Huawei,sa-brazil-1,"Sao Paulo, Brazil",229.5
2025-12-13 10:25:51,cloudping Huawei,la-south-2,"Santiago, Chile",234
2025-12-13 10:25:51,cloudping Huawei,ap-southeast-2,"Bangkok, Thailand",242.5
2025-12-13 10:25:51,cloudping Huawei,af-south-1,"Johannesburg, South Africa",329.5
2025-12-13 10:25:51,cloudping Huawei,na-mexico-1,"Mexico City 1, Mexico",144.5
2025-12-13 10:25:51,cloudping Huawei,la-north-2,"Mexico City 2, Mexico",160
2025-12-13 10:25:51,cloudping Huawei,ap-southeast-3,Singapore,187.5
2025-12-13 10:25:51,cloudping Huawei,ap-southeast-1,"Hong Kong, China",220
2025-12-13 10:25:51,cloudping Huawei,sa-brazil-1,"Sao Paulo, Brazil",229.5
2025-12-13 10:25:51,cloudping Huawei,la-south-2,"Santiago, Chile",234
2025-12-13 10:25:51,cloudping Huawei,ap-southeast-2,"Bangkok, Thailand",242.5
2025-12-13 10:25:51,cloudping Huawei,af-south-1,"Johannesburg, South Africa",329.5
2025-12-13 10:25:51,cloudping Huawei,cn-north-1,Beijing 1,208
2025-12-13 10:25:51,cloudping Huawei,cn-east-2,Shanghai 2,209.5
2025-12-13 10:25:51,cloudping Huawei,cn-east-3,Shanghai 1,229
2025-12-13 10:25:51,cloudping Huawei,cn-north-4,Beijing 4,229
2025-12-13 10:25:51,cloudping Huawei,cn-south-1,Guangzhou,248
2025-12-13 10:25:51,cloudping Huawei,cn-southwest-2,Guiyang 1,298
2025-12-13 10:25:51,cloudping Huawei,cn-north-9,Wulanchabu,734
2025-12-13 10:51:52,cloudping Huawei,na-mexico-1,"Mexico City 1, Mexico",147.5
2025-12-13 10:51:52,cloudping Huawei,la-north-2,"Mexico City 2, Mexico",153.5
2025-12-13 10:51:52,cloudping Huawei,ap-southeast-3,Singapore,203
2025-12-13 10:51:52,cloudping Huawei,ap-southeast-1,"Hong Kong, China",221
2025-12-13 10:51:52,cloudping Huawei,sa-brazil-1,"Sao Paulo, Brazil",222
2025-12-13 10:51:52,cloudping Huawei,la-south-2,"Santiago, Chile",236.5
2025-12-13 10:51:52,cloudping Huawei,ap-southeast-2,"Bangkok, Thailand",237
2025-12-13 10:51:52,cloudping Huawei,af-south-1,"Johannesburg, South Africa",239.5
2025-12-13 10:51:52,cloudping Huawei,na-mexico-1,"Mexico City 1, Mexico",147.5
2025-12-13 10:51:52,cloudping Huawei,la-north-2,"Mexico City 2, Mexico",153.5
2025-12-13 10:51:52,cloudping Huawei,ap-southeast-3,Singapore,203
2025-12-13 10:51:52,cloudping Huawei,ap-southeast-1,"Hong Kong, China",221
2025-12-13 10:51:52,cloudping Huawei,sa-brazil-1,"Sao Paulo, Brazil",222
2025-12-13 10:51:52,cloudping Huawei,la-south-2,"Santiago, Chile",236.5
2025-12-13 10:51:52,cloudping Huawei,ap-southeast-2,"Bangkok, Thailand",237
2025-12-13 10:51:52,cloudping Huawei,af-south-1,"Johannesburg, South Africa",239.5
2025-12-13 10:51:52,cloudping Huawei,cn-east-2,Shanghai 2,208.5
2025-12-13 10:51:52,cloudping Huawei,cn-north-1,Beijing 1,242
2025-12-13 10:51:52,cloudping Huawei,cn-south-1,Guangzhou,249.5
2025-12-13 10:51:52,cloudping Huawei,cn-north-9,Wulanchabu,288
2025-12-13 10:51:52,cloudping Huawei,cn-east-3,Shanghai 1,393
2025-12-13 10:51:52,cloudping Huawei,cn-southwest-2,Guiyang 1,595.5
2025-12-13 10:51:52,cloudping Huawei,cn-north-4,Beijing 4,595.5
2025-12-13 11:17:51,cloudping Huawei,na-mexico-1,"Mexico City 1, Mexico",148.5
2025-12-13 11:17:51,cloudping Huawei,la-north-2,"Mexico City 2, Mexico",165
2025-12-13 11:17:51,cloudping Huawei,ap-southeast-3,Singapore,194
2025-12-13 11:17:51,cloudping Huawei,sa-brazil-1,"Sao Paulo, Brazil",223.5
2025-12-13 11:17:51,cloudping Huawei,ap-southeast-1,"Hong Kong, China",224.5
2025-12-13 11:17:51,cloudping Huawei,ap-southeast-2,"Bangkok, Thailand",243
2025-12-13 11:17:51,cloudping Huawei,af-south-1,"Johannesburg, South Africa",244.5
2025-12-13 11:17:51,cloudping Huawei,la-south-2,"Santiago, Chile",353
2025-12-13 11:17:51,cloudping Huawei,na-mexico-1,"Mexico City 1, Mexico",148.5
2025-12-13 11:17:51,cloudping Huawei,la-north-2,"Mexico City 2, Mexico",165
2025-12-13 11:17:51,cloudping Huawei,ap-southeast-3,Singapore,194
2025-12-13 11:17:51,cloudping Huawei,sa-brazil-1,"Sao Paulo, Brazil",223.5
2025-12-13 11:17:51,cloudping Huawei,ap-southeast-1,"Hong Kong, China",224.5
2025-12-13 11:17:51,cloudping Huawei,ap-southeast-2,"Bangkok, Thailand",243
2025-12-13 11:17:51,cloudping Huawei,af-south-1,"Johannesburg, South Africa",244.5
2025-12-13 11:17:51,cloudping Huawei,la-south-2,"Santiago, Chile",353
2025-12-13 11:17:51,cloudping Huawei,cn-east-2,Shanghai 2,220
2025-12-13 11:17:51,cloudping Huawei,cn-south-1,Guangzhou,235
2025-12-13 11:17:51,cloudping Huawei,cn-southwest-2,Guiyang 1,244
2025-12-13 11:17:51,cloudping Huawei,cn-north-1,Beijing 1,249.5
2025-12-13 11:17:51,cloudping Huawei,cn-north-9,Wulanchabu,278
2025-12-13 11:17:51,cloudping Huawei,cn-north-4,Beijing 4,309
2025-12-13 11:17:51,cloudping Huawei,cn-east-3,Shanghai 1,520.5
2025-12-13 11:43:51,cloudping Huawei,la-north-2,"Mexico City 2, Mexico",148
2025-12-13 11:43:51,cloudping Huawei,na-mexico-1,"Mexico City 1, Mexico",168.5
2025-12-13 11:43:51,cloudping Huawei,ap-southeast-3,Singapore,216.5
2025-12-13 11:43:51,cloudping Huawei,ap-southeast-1,"Hong Kong, China",217.5
2025-12-13 11:43:51,cloudping Huawei,sa-brazil-1,"Sao Paulo, Brazil",232
2025-12-13 11:43:51,cloudping Huawei,ap-southeast-2,"Bangkok, Thailand",233.5
2025-12-13 11:43:51,cloudping Huawei,la-south-2,"Santiago, Chile",238
2025-12-13 11:43:51,cloudping Huawei,af-south-1,"Johannesburg, South Africa",242
2025-12-13 11:43:51,cloudping Huawei,la-north-2,"Mexico City 2, Mexico",148
2025-12-13 11:43:51,cloudping Huawei,na-mexico-1,"Mexico City 1, Mexico",168.5
2025-12-13 11:43:51,cloudping Huawei,ap-southeast-3,Singapore,216.5
2025-12-13 11:43:51,cloudping Huawei,ap-southeast-1,"Hong Kong, China",217.5
2025-12-13 11:43:51,cloudping Huawei,sa-brazil-1,"Sao Paulo, Brazil",232
2025-12-13 11:43:51,cloudping Huawei,ap-southeast-2,"Bangkok, Thailand",233.5
2025-12-13 11:43:51,cloudping Huawei,la-south-2,"Santiago, Chile",238
2025-12-13 11:43:51,cloudping Huawei,af-south-1,"Johannesburg, South Africa",242
2025-12-13 11:43:51,cloudping Huawei,cn-east-2,Shanghai 2,209
2025-12-13 11:43:51,cloudping Huawei,cn-east-3,Shanghai 1,222
2025-12-13 11:43:51,cloudping Huawei,cn-southwest-2,Guiyang 1,244
2025-12-13 11:43:51,cloudping Huawei,cn-south-1,Guangzhou,249.5
2025-12-13 11:43:51,cloudping Huawei,cn-north-1,Beijing 1,282.5
2025-12-13 11:43:51,cloudping Huawei,cn-north-9,Wulanchabu,288.5
2025-12-13 11:43:51,cloudping Huawei,cn-north-4,Beijing 4,681
2025-12-13 12:09:52,cloudping Huawei,la-north-2,"Mexico City 2, Mexico",145
2025-12-13 12:09:52,cloudping Huawei,na-mexico-1,"Mexico City 1, Mexico",147
2025-12-13 12:09:52,cloudping Huawei,ap-southeast-3,Singapore,191
2025-12-13 12:09:52,cloudping Huawei,ap-southeast-1,"Hong Kong, China",218
2025-12-13 12:09:52,cloudping Huawei,ap-southeast-2,"Bangkok, Thailand",232.5
2025-12-13 12:09:52,cloudping Huawei,af-south-1,"Johannesburg, South Africa",241
2025-12-13 12:09:52,cloudping Huawei,sa-brazil-1,"Sao Paulo, Brazil",242
2025-12-13 12:09:52,cloudping Huawei,la-south-2,"Santiago, Chile",242
2025-12-13 12:09:52,cloudping Huawei,la-north-2,"Mexico City 2, Mexico",145
2025-12-13 12:09:52,cloudping Huawei,na-mexico-1,"Mexico City 1, Mexico",147
2025-12-13 12:09:52,cloudping Huawei,ap-southeast-3,Singapore,191
2025-12-13 12:09:52,cloudping Huawei,ap-southeast-1,"Hong Kong, China",218
2025-12-13 12:09:52,cloudping Huawei,ap-southeast-2,"Bangkok, Thailand",232.5
2025-12-13 12:09:52,cloudping Huawei,af-south-1,"Johannesburg, South Africa",241
2025-12-13 12:09:52,cloudping Huawei,sa-brazil-1,"Sao Paulo, Brazil",242
2025-12-13 12:09:52,cloudping Huawei,la-south-2,"Santiago, Chile",242
2025-12-13 12:09:52,cloudping Huawei,cn-east-2,Shanghai 2,218.5
2025-12-13 12:09:52,cloudping Huawei,cn-south-1,Guangzhou,241.5
2025-12-13 12:09:52,cloudping Huawei,cn-southwest-2,Guiyang 1,257.5
2025-12-13 12:09:52,cloudping Huawei,cn-north-1,Beijing 1,301.5
2025-12-13 12:09:52,cloudping Huawei,cn-north-4,Beijing 4,641.5
2025-12-13 12:09:52,cloudping Huawei,cn-north-9,Wulanchabu,786
2025-12-13 12:09:52,cloudping Huawei,cn-east-3,Shanghai 1,847.5
2025-12-13 12:35:51,cloudping Huawei,na-mexico-1,"Mexico City 1, Mexico",143.5
2025-12-13 12:35:51,cloudping Huawei,la-north-2,"Mexico City 2, Mexico",170.5
2025-12-13 12:35:51,cloudping Huawei,ap-southeast-3,Singapore,194
2025-12-13 12:35:51,cloudping Huawei,ap-southeast-1,"Hong Kong, China",228
2025-12-13 12:35:51,cloudping Huawei,sa-brazil-1,"Sao Paulo, Brazil",232
2025-12-13 12:35:51,cloudping Huawei,af-south-1,"Johannesburg, South Africa",240.5
2025-12-13 12:35:51,cloudping Huawei,ap-southeast-2,"Bangkok, Thailand",242
2025-12-13 12:35:51,cloudping Huawei,la-south-2,"Santiago, Chile",262.5
2025-12-13 12:35:51,cloudping Huawei,na-mexico-1,"Mexico City 1, Mexico",143.5
2025-12-13 12:35:51,cloudping Huawei,la-north-2,"Mexico City 2, Mexico",170.5
2025-12-13 12:35:51,cloudping Huawei,ap-southeast-3,Singapore,194
2025-12-13 12:35:51,cloudping Huawei,ap-southeast-1,"Hong Kong, China",228
2025-12-13 12:35:51,cloudping Huawei,sa-brazil-1,"Sao Paulo, Brazil",232
2025-12-13 12:35:51,cloudping Huawei,af-south-1,"Johannesburg, South Africa",240.5
2025-12-13 12:35:51,cloudping Huawei,ap-southeast-2,"Bangkok, Thailand",242
2025-12-13 12:35:51,cloudping Huawei,la-south-2,"Santiago, Chile",262.5
2025-12-13 12:35:51,cloudping Huawei,cn-east-2,Shanghai 2,212
2025-12-13 12:35:51,cloudping Huawei,cn-north-1,Beijing 1,480.5
2025-12-13 12:35:51,cloudping Huawei,cn-north-4,Beijing 4,514
2025-12-13 12:35:51,cloudping Huawei,cn-southwest-2,Guiyang 1,516.5
2025-12-13 12:35:51,cloudping Huawei,cn-south-1,Guangzhou,884.5
2025-12-13 12:35:51,cloudping Huawei,cn-north-9,Wulanchabu,1169.5
2025-12-13 12:35:51,cloudping Huawei,cn-east-3,Shanghai 1,1269.5
2025-12-13 13:01:52,cloudping Huawei,na-mexico-1,"Mexico City 1, Mexico",145.5
2025-12-13 13:01:52,cloudping Huawei,la-north-2,"Mexico City 2, Mexico",155.5
2025-12-13 13:01:52,cloudping Huawei,ap-southeast-3,Singapore,188
2025-12-13 13:01:52,cloudping Huawei,ap-southeast-1,"Hong Kong, China",216.5
2025-12-13 13:01:52,cloudping Huawei,sa-brazil-1,"Sao Paulo, Brazil",233
2025-12-13 13:01:52,cloudping Huawei,af-south-1,"Johannesburg, South Africa",235.5
2025-12-13 13:01:52,cloudping Huawei,ap-southeast-2,"Bangkok, Thailand",244
2025-12-13 13:01:52,cloudping Huawei,la-south-2,"Santiago, Chile",252
2025-12-13 13:01:52,cloudping Huawei,na-mexico-1,"Mexico City 1, Mexico",145.5
2025-12-13 13:01:52,cloudping Huawei,la-north-2,"Mexico City 2, Mexico",155.5
2025-12-13 13:01:52,cloudping Huawei,ap-southeast-3,Singapore,188
2025-12-13 13:01:52,cloudping Huawei,ap-southeast-1,"Hong Kong, China",216.5
2025-12-13 13:01:52,cloudping Huawei,sa-brazil-1,"Sao Paulo, Brazil",233
2025-12-13 13:01:52,cloudping Huawei,af-south-1,"Johannesburg, South Africa",235.5
2025-12-13 13:01:52,cloudping Huawei,ap-southeast-2,"Bangkok, Thailand",244
2025-12-13 13:01:52,cloudping Huawei,la-south-2,"Santiago, Chile",252
2025-12-13 13:01:52,cloudping Huawei,cn-east-2,Shanghai 2,209.5
2025-12-13 13:01:52,cloudping Huawei,cn-south-1,Guangzhou,229.5
2025-12-13 13:01:52,cloudping Huawei,cn-southwest-2,Guiyang 1,268.5
2025-12-13 13:01:52,cloudping Huawei,cn-east-3,Shanghai 1,273
2025-12-13 13:01:52,cloudping Huawei,cn-north-1,Beijing 1,594
2025-12-13 13:01:52,cloudping Huawei,cn-north-9,Wulanchabu,625.5
2025-12-13 13:01:52,cloudping Huawei,cn-north-4,Beijing 4,993.5
2025-12-13 13:27:52,cloudping Huawei,na-mexico-1,"Mexico City 1, Mexico",147
2025-12-13 13:27:52,cloudping Huawei,la-north-2,"Mexico City 2, Mexico",163.5
2025-12-13 13:27:52,cloudping Huawei,ap-southeast-3,Singapore,188
2025-12-13 13:27:52,cloudping Huawei,ap-southeast-1,"Hong Kong, China",230.5
2025-12-13 13:27:52,cloudping Huawei,la-south-2,"Santiago, Chile",236
2025-12-13 13:27:52,cloudping Huawei,ap-southeast-2,"Bangkok, Thailand",246
2025-12-13 13:27:52,cloudping Huawei,sa-brazil-1,"Sao Paulo, Brazil",291.5
2025-12-13 13:27:52,cloudping Huawei,af-south-1,"Johannesburg, South Africa",313.5
2025-12-13 13:27:52,cloudping Huawei,na-mexico-1,"Mexico City 1, Mexico",147
2025-12-13 13:27:52,cloudping Huawei,la-north-2,"Mexico City 2, Mexico",163.5
2025-12-13 13:27:52,cloudping Huawei,ap-southeast-3,Singapore,188
2025-12-13 13:27:52,cloudping Huawei,ap-southeast-1,"Hong Kong, China",230.5
2025-12-13 13:27:52,cloudping Huawei,la-south-2,"Santiago, Chile",236
2025-12-13 13:27:52,cloudping Huawei,ap-southeast-2,"Bangkok, Thailand",246
2025-12-13 13:27:52,cloudping Huawei,sa-brazil-1,"Sao Paulo, Brazil",291.5
2025-12-13 13:27:52,cloudping Huawei,af-south-1,"Johannesburg, South Africa",313.5
2025-12-13 13:27:52,cloudping Huawei,cn-south-1,Guangzhou,239
2025-12-13 13:27:52,cloudping Huawei,cn-east-3,Shanghai 1,243
2025-12-13 13:27:52,cloudping Huawei,cn-north-1,Beijing 1,420
2025-12-13 13:27:52,cloudping Huawei,cn-north-9,Wulanchabu,478
2025-12-13 13:27:52,cloudping Huawei,cn-east-2,Shanghai 2,533.5
2025-12-13 13:27:52,cloudping Huawei,cn-southwest-2,Guiyang 1,591.5
2025-12-13 13:27:52,cloudping Huawei,cn-north-4,Beijing 4,1091
2025-12-13 13:53:54,cloudping Huawei,na-mexico-1,"Mexico City 1, Mexico",146.5
2025-12-13 13:53:54,cloudping Huawei,la-north-2,"Mexico City 2, Mexico",151.5
2025-12-13 13:53:54,cloudping Huawei,ap-southeast-3,Singapore,189.5
2025-12-13 13:53:54,cloudping Huawei,ap-southeast-1,"Hong Kong, China",214.5
2025-12-13 13:53:54,cloudping Huawei,sa-brazil-1,"Sao Paulo, Brazil",230
2025-12-13 13:53:54,cloudping Huawei,la-south-2,"Santiago, Chile",239
2025-12-13 13:53:54,cloudping Huawei,af-south-1,"Johannesburg, South Africa",240
2025-12-13 13:53:54,cloudping Huawei,ap-southeast-2,"Bangkok, Thailand",255.5
2025-12-13 13:53:54,cloudping Huawei,na-mexico-1,"Mexico City 1, Mexico",146.5
2025-12-13 13:53:54,cloudping Huawei,la-north-2,"Mexico City 2, Mexico",151.5
2025-12-13 13:53:54,cloudping Huawei,ap-southeast-3,Singapore,189.5
2025-12-13 13:53:54,cloudping Huawei,ap-southeast-1,"Hong Kong, China",214.5
2025-12-13 13:53:54,cloudping Huawei,sa-brazil-1,"Sao Paulo, Brazil",230
2025-12-13 13:53:54,cloudping Huawei,la-south-2,"Santiago, Chile",239
2025-12-13 13:53:54,cloudping Huawei,af-south-1,"Johannesburg, South Africa",240
2025-12-13 13:53:54,cloudping Huawei,ap-southeast-2,"Bangkok, Thailand",255.5
2025-12-13 13:53:54,cloudping Huawei,cn-east-2,Shanghai 2,219
2025-12-13 13:53:54,cloudping Huawei,cn-east-3,Shanghai 1,231.5
2025-12-13 13:53:54,cloudping Huawei,cn-south-1,Guangzhou,243.5
2025-12-13 13:53:54,cloudping Huawei,cn-southwest-2,Guiyang 1,271
2025-12-13 13:53:54,cloudping Huawei,cn-north-1,Beijing 1,276.5
2025-12-13 13:53:54,cloudping Huawei,cn-north-9,Wulanchabu,277.5
2025-12-13 13:53:54,cloudping Huawei,cn-north-4,Beijing 4,975.5
2025-12-13 14:19:53,cloudping Huawei,na-mexico-1,"Mexico City 1, Mexico",147
2025-12-13 14:19:53,cloudping Huawei,la-north-2,"Mexico City 2, Mexico",194.5
2025-12-13 14:19:53,cloudping Huawei,ap-southeast-3,Singapore,215
2025-12-13 14:19:53,cloudping Huawei,ap-southeast-1,"Hong Kong, China",229
2025-12-13 14:19:53,cloudping Huawei,sa-brazil-1,"Sao Paulo, Brazil",229.5
2025-12-13 14:19:53,cloudping Huawei,ap-southeast-2,"Bangkok, Thailand",231
2025-12-13 14:19:53,cloudping Huawei,af-south-1,"Johannesburg, South Africa",250.5
2025-12-13 14:19:53,cloudping Huawei,la-south-2,"Santiago, Chile",377
2025-12-13 14:19:53,cloudping Huawei,na-mexico-1,"Mexico City 1, Mexico",147
2025-12-13 14:19:53,cloudping Huawei,la-north-2,"Mexico City 2, Mexico",194.5
2025-12-13 14:19:53,cloudping Huawei,ap-southeast-3,Singapore,215
2025-12-13 14:19:53,cloudping Huawei,ap-southeast-1,"Hong Kong, China",229
2025-12-13 14:19:53,cloudping Huawei,sa-brazil-1,"Sao Paulo, Brazil",229.5
2025-12-13 14:19:53,cloudping Huawei,ap-southeast-2,"Bangkok, Thailand",231
2025-12-13 14:19:53,cloudping Huawei,af-south-1,"Johannesburg, South Africa",250.5
2025-12-13 14:19:53,cloudping Huawei,la-south-2,"Santiago, Chile",377
2025-12-13 14:19:53,cloudping Huawei,cn-north-1,Beijing 1,432
2025-12-13 14:19:53,cloudping Huawei,cn-south-1,Guangzhou,468
2025-12-13 14:19:53,cloudping Huawei,cn-north-4,Beijing 4,478.5
2025-12-13 14:19:53,cloudping Huawei,cn-east-2,Shanghai 2,1516
2025-12-13 14:19:53,cloudping Huawei,cn-east-3,Shanghai 1,1591.5
2025-12-13 14:19:53,cloudping Huawei,cn-north-9,Wulanchabu,1621
2025-12-13 14:19:53,cloudping Huawei,cn-southwest-2,Guiyang 1,2027.5
2025-12-13 14:45:54,cloudping Huawei,na-mexico-1,"Mexico City 1, Mexico",147.5
2025-12-13 14:45:54,cloudping Huawei,la-north-2,"Mexico City 2, Mexico",158.5
2025-12-13 14:45:54,cloudping Huawei,ap-southeast-3,Singapore,189
2025-12-13 14:45:54,cloudping Huawei,ap-southeast-1,"Hong Kong, China",225.5
2025-12-13 14:45:54,cloudping Huawei,ap-southeast-2,"Bangkok, Thailand",244
2025-12-13 14:45:54,cloudping Huawei,sa-brazil-1,"Sao Paulo, Brazil",245.5
2025-12-13 14:45:54,cloudping Huawei,af-south-1,"Johannesburg, South Africa",251
2025-12-13 14:45:54,cloudping Huawei,la-south-2,"Santiago, Chile",503.5
2025-12-13 14:45:54,cloudping Huawei,na-mexico-1,"Mexico City 1, Mexico",147.5
2025-12-13 14:45:54,cloudping Huawei,la-north-2,"Mexico City 2, Mexico",158.5
2025-12-13 14:45:54,cloudping Huawei,ap-southeast-3,Singapore,189
2025-12-13 14:45:54,cloudping Huawei,ap-southeast-1,"Hong Kong, China",225.5
2025-12-13 14:45:54,cloudping Huawei,ap-southeast-2,"Bangkok, Thailand",244
2025-12-13 14:45:54,cloudping Huawei,sa-brazil-1,"Sao Paulo, Brazil",245.5
2025-12-13 14:45:54,cloudping Huawei,af-south-1,"Johannesburg, South Africa",251
2025-12-13 14:45:54,cloudping Huawei,la-south-2,"Santiago, Chile",503.5
2025-12-13 14:45:54,cloudping Huawei,cn-east-3,Shanghai 1,212.5
2025-12-13 14:45:54,cloudping Huawei,cn-east-2,Shanghai 2,237.5
2025-12-13 14:45:54,cloudping Huawei,cn-south-1,Guangzhou,241.5
2025-12-13 14:45:54,cloudping Huawei,cn-north-1,Beijing 1,248
2025-12-13 14:45:54,cloudping Huawei,cn-north-9,Wulanchabu,250.5
2025-12-13 14:45:54,cloudping Huawei,cn-southwest-2,Guiyang 1,267.5
2025-12-13 14:45:54,cloudping Huawei,cn-north-4,Beijing 4,294
2025-12-13 15:11:57,cloudping Huawei,la-north-2,"Mexico City 2, Mexico",154.5
2025-12-13 15:11:57,cloudping Huawei,na-mexico-1,"Mexico City 1, Mexico",154.5
2025-12-13 15:11:57,cloudping Huawei,ap-southeast-3,Singapore,192.5
2025-12-13 15:11:57,cloudping Huawei,ap-southeast-1,"Hong Kong, China",219
2025-12-13 15:11:57,cloudping Huawei,sa-brazil-1,"Sao Paulo, Brazil",227
2025-12-13 15:11:57,cloudping Huawei,la-south-2,"Santiago, Chile",245
2025-12-13 15:11:57,cloudping Huawei,ap-southeast-2,"Bangkok, Thailand",246
2025-12-13 15:11:57,cloudping Huawei,af-south-1,"Johannesburg, South Africa",273
2025-12-13 15:11:57,cloudping Huawei,la-north-2,"Mexico City 2, Mexico",154.5
2025-12-13 15:11:57,cloudping Huawei,na-mexico-1,"Mexico City 1, Mexico",154.5
2025-12-13 15:11:57,cloudping Huawei,ap-southeast-3,Singapore,192.5
2025-12-13 15:11:57,cloudping Huawei,ap-southeast-1,"Hong Kong, China",219
2025-12-13 15:11:57,cloudping Huawei,sa-brazil-1,"Sao Paulo, Brazil",227
2025-12-13 15:11:57,cloudping Huawei,la-south-2,"Santiago, Chile",245
2025-12-13 15:11:57,cloudping Huawei,ap-southeast-2,"Bangkok, Thailand",246
2025-12-13 15:11:57,cloudping Huawei,af-south-1,"Johannesburg, South Africa",273
2025-12-13 15:11:57,cloudping Huawei,cn-north-4,Beijing 4,218
2025-12-13 15:11:57,cloudping Huawei,cn-south-1,Guangzhou,233
2025-12-13 15:11:57,cloudping Huawei,cn-north-9,Wulanchabu,278
2025-12-13 15:11:57,cloudping Huawei,cn-southwest-2,Guiyang 1,286.5
2025-12-13 15:11:57,cloudping Huawei,cn-north-1,Beijing 1,486.5
2025-12-13 15:11:57,cloudping Huawei,cn-east-2,Shanghai 2,491.5
2025-12-13 15:11:57,cloudping Huawei,cn-east-3,Shanghai 1,514
2025-12-13 15:37:54,cloudping Huawei,na-mexico-1,"Mexico City 1, Mexico",146
2025-12-13 15:37:54,cloudping Huawei,la-north-2,"Mexico City 2, Mexico",225
2025-12-13 15:37:54,cloudping Huawei,af-south-1,"Johannesburg, South Africa",226.5
2025-12-13 15:37:54,cloudping Huawei,ap-southeast-1,"Hong Kong, China",227.5
2025-12-13 15:37:54,cloudping Huawei,ap-southeast-3,Singapore,228.5
2025-12-13 15:37:54,cloudping Huawei,la-south-2,"Santiago, Chile",236.5
2025-12-13 15:37:54,cloudping Huawei,ap-southeast-2,"Bangkok, Thailand",246.5
2025-12-13 15:37:54,cloudping Huawei,sa-brazil-1,"Sao Paulo, Brazil",311
2025-12-13 15:37:54,cloudping Huawei,na-mexico-1,"Mexico City 1, Mexico",146
2025-12-13 15:37:54,cloudping Huawei,la-north-2,"Mexico City 2, Mexico",225
2025-12-13 15:37:54,cloudping Huawei,af-south-1,"Johannesburg, South Africa",226.5
2025-12-13 15:37:54,cloudping Huawei,ap-southeast-1,"Hong Kong, China",227.5
2025-12-13 15:37:54,cloudping Huawei,ap-southeast-3,Singapore,228.5
2025-12-13 15:37:54,cloudping Huawei,la-south-2,"Santiago, Chile",236.5
2025-12-13 15:37:54,cloudping Huawei,ap-southeast-2,"Bangkok, Thailand",246.5
2025-12-13 15:37:54,cloudping Huawei,sa-brazil-1,"Sao Paulo, Brazil",311
2025-12-13 15:37:54,cloudping Huawei,cn-east-2,Shanghai 2,226.5
2025-12-13 15:37:54,cloudping Huawei,cn-south-1,Guangzhou,240.5
2025-12-13 15:37:54,cloudping Huawei,cn-southwest-2,Guiyang 1,248.5
2025-12-13 15:37:54,cloudping Huawei,cn-north-4,Beijing 4,266.5
2025-12-13 15:37:54,cloudping Huawei,cn-north-9,Wulanchabu,267.5
2025-12-13 15:37:54,cloudping Huawei,cn-north-1,Beijing 1,279
2025-12-13 15:37:54,cloudping Huawei,cn-east-3,Shanghai 1,542
2025-12-13 16:03:54,cloudping Huawei,la-north-2,"Mexico City 2, Mexico",151
2025-12-13 16:03:54,cloudping Huawei,na-mexico-1,"Mexico City 1, Mexico",170.5
2025-12-13 16:03:54,cloudping Huawei,ap-southeast-3,Singapore,205.5
2025-12-13 16:03:54,cloudping Huawei,sa-brazil-1,"Sao Paulo, Brazil",226
2025-12-13 16:03:54,cloudping Huawei,ap-southeast-1,"Hong Kong, China",231
2025-12-13 16:03:54,cloudping Huawei,la-south-2,"Santiago, Chile",239.5
2025-12-13 16:03:54,cloudping Huawei,ap-southeast-2,"Bangkok, Thailand",252.5
2025-12-13 16:03:54,cloudping Huawei,af-south-1,"Johannesburg, South Africa",306
2025-12-13 16:03:54,cloudping Huawei,la-north-2,"Mexico City 2, Mexico",151
2025-12-13 16:03:54,cloudping Huawei,na-mexico-1,"Mexico City 1, Mexico",170.5
2025-12-13 16:03:54,cloudping Huawei,ap-southeast-3,Singapore,205.5
2025-12-13 16:03:54,cloudping Huawei,sa-brazil-1,"Sao Paulo, Brazil",226
2025-12-13 16:03:54,cloudping Huawei,ap-southeast-1,"Hong Kong, China",231
2025-12-13 16:03:54,cloudping Huawei,la-south-2,"Santiago, Chile",239.5
2025-12-13 16:03:54,cloudping Huawei,ap-southeast-2,"Bangkok, Thailand",252.5
2025-12-13 16:03:54,cloudping Huawei,af-south-1,"Johannesburg, South Africa",306
2025-12-13 16:03:54,cloudping Huawei,cn-east-3,Shanghai 1,213.5
2025-12-13 16:03:54,cloudping Huawei,cn-north-9,Wulanchabu,237.5
2025-12-13 16:03:54,cloudping Huawei,cn-south-1,Guangzhou,243
2025-12-13 16:03:54,cloudping Huawei,cn-east-2,Shanghai 2,244
2025-12-13 16:03:54,cloudping Huawei,cn-north-1,Beijing 1,297
2025-12-13 16:03:54,cloudping Huawei,cn-north-4,Beijing 4,358
2025-12-13 16:03:54,cloudping Huawei,cn-southwest-2,Guiyang 1,579.5
2025-12-13 16:29:54,cloudping Huawei,na-mexico-1,"Mexico City 1, Mexico",144.5
2025-12-13 16:29:54,cloudping Huawei,la-north-2,"Mexico City 2, Mexico",155
2025-12-13 16:29:54,cloudping Huawei,ap-southeast-3,Singapore,198.5
2025-12-13 16:29:54,cloudping Huawei,ap-southeast-1,"Hong Kong, China",217.5
2025-12-13 16:29:54,cloudping Huawei,sa-brazil-1,"Sao Paulo, Brazil",224
2025-12-13 16:29:54,cloudping Huawei,ap-southeast-2,"Bangkok, Thailand",249
2025-12-13 16:29:54,cloudping Huawei,af-south-1,"Johannesburg, South Africa",317
2025-12-13 16:29:54,cloudping Huawei,la-south-2,"Santiago, Chile",406.5
2025-12-13 16:29:54,cloudping Huawei,na-mexico-1,"Mexico City 1, Mexico",144.5
2025-12-13 16:29:54,cloudping Huawei,la-north-2,"Mexico City 2, Mexico",155
2025-12-13 16:29:54,cloudping Huawei,ap-southeast-3,Singapore,198.5
2025-12-13 16:29:54,cloudping Huawei,ap-southeast-1,"Hong Kong, China",217.5
2025-12-13 16:29:54,cloudping Huawei,sa-brazil-1,"Sao Paulo, Brazil",224
2025-12-13 16:29:54,cloudping Huawei,ap-southeast-2,"Bangkok, Thailand",249
2025-12-13 16:29:54,cloudping Huawei,af-south-1,"Johannesburg, South Africa",317
2025-12-13 16:29:54,cloudping Huawei,la-south-2,"Santiago, Chile",406.5
2025-12-13 16:29:54,cloudping Huawei,cn-east-2,Shanghai 2,214.5
2025-12-13 16:29:54,cloudping Huawei,cn-east-3,Shanghai 1,221.5
2025-12-13 16:29:54,cloudping Huawei,cn-south-1,Guangzhou,227.5
2025-12-13 16:29:54,cloudping Huawei,cn-north-4,Beijing 4,235.5
2025-12-13 16:29:54,cloudping Huawei,cn-north-9,Wulanchabu,279
2025-12-13 16:29:54,cloudping Huawei,cn-north-1,Beijing 1,580.5
2025-12-13 16:29:54,cloudping Huawei,cn-southwest-2,Guiyang 1,609.5
2025-12-13 16:55:57,cloudping Huawei,na-mexico-1,"Mexico City 1, Mexico",144
2025-12-13 16:55:57,cloudping Huawei,la-north-2,"Mexico City 2, Mexico",153
2025-12-13 16:55:57,cloudping Huawei,ap-southeast-3,Singapore,186
2025-12-13 16:55:57,cloudping Huawei,ap-southeast-1,"Hong Kong, China",215
2025-12-13 16:55:57,cloudping Huawei,sa-brazil-1,"Sao Paulo, Brazil",223.5
2025-12-13 16:55:57,cloudping Huawei,af-south-1,"Johannesburg, South Africa",228
2025-12-13 16:55:57,cloudping Huawei,la-south-2,"Santiago, Chile",250.5
2025-12-13 16:55:57,cloudping Huawei,ap-southeast-2,"Bangkok, Thailand",310
2025-12-13 16:55:57,cloudping Huawei,na-mexico-1,"Mexico City 1, Mexico",144
2025-12-13 16:55:57,cloudping Huawei,la-north-2,"Mexico City 2, Mexico",153
2025-12-13 16:55:57,cloudping Huawei,ap-southeast-3,Singapore,186
2025-12-13 16:55:57,cloudping Huawei,ap-southeast-1,"Hong Kong, China",215
2025-12-13 16:55:57,cloudping Huawei,sa-brazil-1,"Sao Paulo, Brazil",223.5
2025-12-13 16:55:57,cloudping Huawei,af-south-1,"Johannesburg, South Africa",228
2025-12-13 16:55:57,cloudping Huawei,la-south-2,"Santiago, Chile",250.5
2025-12-13 16:55:57,cloudping Huawei,ap-southeast-2,"Bangkok, Thailand",310
2025-12-13 16:55:57,cloudping Huawei,cn-east-2,Shanghai 2,217.5
2025-12-13 16:55:57,cloudping Huawei,cn-north-4,Beijing 4,275.5
2025-12-13 16:55:57,cloudping Huawei,cn-north-1,Beijing 1,283.5
2025-12-13 16:55:57,cloudping Huawei,cn-north-9,Wulanchabu,305
2025-12-13 16:55:57,cloudping Huawei,cn-east-3,Shanghai 1,542.5
2025-12-13 16:55:57,cloudping Huawei,cn-south-1,Guangzhou,595
2025-12-13 16:55:57,cloudping Huawei,cn-southwest-2,Guiyang 1,1008
2025-12-13 17:21:55,cloudping Huawei,la-north-2,"Mexico City 2, Mexico",144.5
2025-12-13 17:21:55,cloudping Huawei,na-mexico-1,"Mexico City 1, Mexico",153
2025-12-13 17:21:55,cloudping Huawei,ap-southeast-3,Singapore,195
2025-12-13 17:21:55,cloudping Huawei,ap-southeast-1,"Hong Kong, China",214.5
2025-12-13 17:21:55,cloudping Huawei,sa-brazil-1,"Sao Paulo, Brazil",237.5
2025-12-13 17:21:55,cloudping Huawei,af-south-1,"Johannesburg, South Africa",243
2025-12-13 17:21:55,cloudping Huawei,ap-southeast-2,"Bangkok, Thailand",332
2025-12-13 17:21:55,cloudping Huawei,la-south-2,"Santiago, Chile",358.5
2025-12-13 17:21:55,cloudping Huawei,la-north-2,"Mexico City 2, Mexico",144.5
2025-12-13 17:21:55,cloudping Huawei,na-mexico-1,"Mexico City 1, Mexico",153
2025-12-13 17:21:55,cloudping Huawei,ap-southeast-3,Singapore,195
2025-12-13 17:21:55,cloudping Huawei,ap-southeast-1,"Hong Kong, China",214.5
2025-12-13 17:21:55,cloudping Huawei,sa-brazil-1,"Sao Paulo, Brazil",237.5
2025-12-13 17:21:55,cloudping Huawei,af-south-1,"Johannesburg, South Africa",243
2025-12-13 17:21:55,cloudping Huawei,ap-southeast-2,"Bangkok, Thailand",332
2025-12-13 17:21:55,cloudping Huawei,la-south-2,"Santiago, Chile",358.5
2025-12-13 17:21:55,cloudping Huawei,cn-north-1,Beijing 1,441.5
2025-12-13 17:21:55,cloudping Huawei,cn-north-4,Beijing 4,528
2025-12-13 17:21:55,cloudping Huawei,cn-east-2,Shanghai 2,695.5
2025-12-13 17:21:55,cloudping Huawei,cn-south-1,Guangzhou,924.5
2025-12-13 17:21:55,cloudping Huawei,cn-east-3,Shanghai 1,941.5
2025-12-13 17:21:55,cloudping Huawei,cn-north-9,Wulanchabu,994.5
2025-12-13 17:21:55,cloudping Huawei,cn-southwest-2,Guiyang 1,1257
2025-12-13 18:41:26,cloudping Huawei,na-mexico-1,"Mexico City 1, Mexico",143
2025-12-13 18:41:26,cloudping Huawei,la-north-2,"Mexico City 2, Mexico",162.5
2025-12-13 18:41:26,cloudping Huawei,ap-southeast-3,Singapore,187.5
2025-12-13 18:41:26,cloudping Huawei,ap-southeast-1,"Hong Kong, China",219
2025-12-13 18:41:26,cloudping Huawei,af-south-1,"Johannesburg, South Africa",227
2025-12-13 18:41:26,cloudping Huawei,sa-brazil-1,"Sao Paulo, Brazil",232.5
2025-12-13 18:41:26,cloudping Huawei,ap-southeast-2,"Bangkok, Thailand",240.5
2025-12-13 18:41:26,cloudping Huawei,la-south-2,"Santiago, Chile",252.5
2025-12-13 18:41:26,cloudping Huawei,na-mexico-1,"Mexico City 1, Mexico",143
2025-12-13 18:41:26,cloudping Huawei,la-north-2,"Mexico City 2, Mexico",162.5
2025-12-13 18:41:26,cloudping Huawei,ap-southeast-3,Singapore,187.5
2025-12-13 18:41:26,cloudping Huawei,ap-southeast-1,"Hong Kong, China",219
2025-12-13 18:41:26,cloudping Huawei,af-south-1,"Johannesburg, South Africa",227
2025-12-13 18:41:26,cloudping Huawei,sa-brazil-1,"Sao Paulo, Brazil",232.5
2025-12-13 18:41:26,cloudping Huawei,ap-southeast-2,"Bangkok, Thailand",240.5
2025-12-13 18:41:26,cloudping Huawei,la-south-2,"Santiago, Chile",252.5
2025-12-13 18:41:26,cloudping Huawei,cn-east-3,Shanghai 1,215.5
2025-12-13 18:41:26,cloudping Huawei,cn-north-1,Beijing 1,224
2025-12-13 18:41:26,cloudping Huawei,cn-north-9,Wulanchabu,240
2025-12-13 18:41:26,cloudping Huawei,cn-south-1,Guangzhou,242.5
2025-12-13 18:41:26,cloudping Huawei,cn-north-4,Beijing 4,553
2025-12-13 18:41:26,cloudping Huawei,cn-southwest-2,Guiyang 1,666
2025-12-13 18:41:26,cloudping Huawei,cn-east-2,Shanghai 2,841
2025-12-13 19:07:26,cloudping Huawei,na-mexico-1,"Mexico City 1, Mexico",144
2025-12-13 19:07:26,cloudping Huawei,ap-southeast-3,Singapore,192.5
2025-12-13 19:07:26,cloudping Huawei,la-north-2,"Mexico City 2, Mexico",205.5
2025-12-13 19:07:26,cloudping Huawei,ap-southeast-1,"Hong Kong, China",214
2025-12-13 19:07:26,cloudping Huawei,sa-brazil-1,"Sao Paulo, Brazil",224.5
2025-12-13 19:07:26,cloudping Huawei,la-south-2,"Santiago, Chile",235.5
2025-12-13 19:07:26,cloudping Huawei,ap-southeast-2,"Bangkok, Thailand",242.5
2025-12-13 19:07:26,cloudping Huawei,af-south-1,"Johannesburg, South Africa",325
2025-12-13 19:07:26,cloudping Huawei,na-mexico-1,"Mexico City 1, Mexico",144
2025-12-13 19:07:26,cloudping Huawei,ap-southeast-3,Singapore,192.5
2025-12-13 19:07:26,cloudping Huawei,la-north-2,"Mexico City 2, Mexico",205.5
2025-12-13 19:07:26,cloudping Huawei,ap-southeast-1,"Hong Kong, China",214
2025-12-13 19:07:26,cloudping Huawei,sa-brazil-1,"Sao Paulo, Brazil",224.5
2025-12-13 19:07:26,cloudping Huawei,la-south-2,"Santiago, Chile",235.5
2025-12-13 19:07:26,cloudping Huawei,ap-southeast-2,"Bangkok, Thailand",242.5
2025-12-13 19:07:26,cloudping Huawei,af-south-1,"Johannesburg, South Africa",325
2025-12-13 19:07:26,cloudping Huawei,cn-east-2,Shanghai 2,218.5
2025-12-13 19:07:26,cloudping Huawei,cn-east-3,Shanghai 1,226.5
2025-12-13 19:07:26,cloudping Huawei,cn-southwest-2,Guiyang 1,238.5
2025-12-13 19:07:26,cloudping Huawei,cn-north-1,Beijing 1,449
2025-12-13 19:07:26,cloudping Huawei,cn-north-4,Beijing 4,557
2025-12-13 19:07:26,cloudping Huawei,cn-north-9,Wulanchabu,567
2025-12-13 19:07:26,cloudping Huawei,cn-south-1,Guangzhou,793.5
2025-12-13 19:33:25,cloudping Huawei,na-mexico-1,"Mexico City 1, Mexico",142
2025-12-13 19:33:25,cloudping Huawei,la-north-2,"Mexico City 2, Mexico",189
2025-12-13 19:33:25,cloudping Huawei,ap-southeast-3,Singapore,192.5
2025-12-13 19:33:25,cloudping Huawei,ap-southeast-1,"Hong Kong, China",218
2025-12-13 19:33:25,cloudping Huawei,sa-brazil-1,"Sao Paulo, Brazil",224.5
2025-12-13 19:33:25,cloudping Huawei,ap-southeast-2,"Bangkok, Thailand",251.5
2025-12-13 19:33:25,cloudping Huawei,la-south-2,"Santiago, Chile",273
2025-12-13 19:33:25,cloudping Huawei,af-south-1,"Johannesburg, South Africa",329
2025-12-13 19:33:25,cloudping Huawei,na-mexico-1,"Mexico City 1, Mexico",142
2025-12-13 19:33:25,cloudping Huawei,la-north-2,"Mexico City 2, Mexico",189
2025-12-13 19:33:25,cloudping Huawei,ap-southeast-3,Singapore,192.5
2025-12-13 19:33:25,cloudping Huawei,ap-southeast-1,"Hong Kong, China",218
2025-12-13 19:33:25,cloudping Huawei,sa-brazil-1,"Sao Paulo, Brazil",224.5
2025-12-13 19:33:25,cloudping Huawei,ap-southeast-2,"Bangkok, Thailand",251.5
2025-12-13 19:33:25,cloudping Huawei,la-south-2,"Santiago, Chile",273
2025-12-13 19:33:25,cloudping Huawei,af-south-1,"Johannesburg, South Africa",329
2025-12-13 19:33:25,cloudping Huawei,cn-east-3,Shanghai 1,206.5
2025-12-13 19:33:25,cloudping Huawei,cn-east-2,Shanghai 2,210.5
2025-12-13 19:33:25,cloudping Huawei,cn-southwest-2,Guiyang 1,246.5
2025-12-13 19:33:25,cloudping Huawei,cn-north-1,Beijing 1,466.5
2025-12-13 19:33:25,cloudping Huawei,cn-south-1,Guangzhou,470
2025-12-13 19:33:25,cloudping Huawei,cn-north-4,Beijing 4,478
2025-12-13 19:33:25,cloudping Huawei,cn-north-9,Wulanchabu,505
2025-12-13 19:59:26,cloudping Huawei,la-north-2,"Mexico City 2, Mexico",147
2025-12-13 19:59:26,cloudping Huawei,na-mexico-1,"Mexico City 1, Mexico",149
2025-12-13 19:59:26,cloudping Huawei,ap-southeast-3,Singapore,189.5
2025-12-13 19:59:26,cloudping Huawei,ap-southeast-1,"Hong Kong, China",224.5
2025-12-13 19:59:26,cloudping Huawei,la-south-2,"Santiago, Chile",230.5
2025-12-13 19:59:26,cloudping Huawei,sa-brazil-1,"Sao Paulo, Brazil",242.5
2025-12-13 19:59:26,cloudping Huawei,ap-southeast-2,"Bangkok, Thailand",245
2025-12-13 19:59:26,cloudping Huawei,af-south-1,"Johannesburg, South Africa",255.5
2025-12-13 19:59:26,cloudping Huawei,la-north-2,"Mexico City 2, Mexico",147
2025-12-13 19:59:26,cloudping Huawei,na-mexico-1,"Mexico City 1, Mexico",149
2025-12-13 19:59:26,cloudping Huawei,ap-southeast-3,Singapore,189.5
2025-12-13 19:59:26,cloudping Huawei,ap-southeast-1,"Hong Kong, China",224.5
2025-12-13 19:59:26,cloudping Huawei,la-south-2,"Santiago, Chile",230.5
2025-12-13 19:59:26,cloudping Huawei,sa-brazil-1,"Sao Paulo, Brazil",242.5
2025-12-13 19:59:26,cloudping Huawei,ap-southeast-2,"Bangkok, Thailand",245
2025-12-13 19:59:26,cloudping Huawei,af-south-1,"Johannesburg, South Africa",255.5
2025-12-13 19:59:26,cloudping Huawei,cn-east-2,Shanghai 2,205.5
2025-12-13 19:59:26,cloudping Huawei,cn-east-3,Shanghai 1,215.5
2025-12-13 19:59:26,cloudping Huawei,cn-south-1,Guangzhou,244.5
2025-12-13 19:59:26,cloudping Huawei,cn-southwest-2,Guiyang 1,258
2025-12-13 19:59:26,cloudping Huawei,cn-north-9,Wulanchabu,293
2025-12-13 19:59:26,cloudping Huawei,cn-north-1,Beijing 1,397.5
2025-12-13 19:59:26,cloudping Huawei,cn-north-4,Beijing 4,543.5
2025-12-13 20:25:26,cloudping Huawei,na-mexico-1,"Mexico City 1, Mexico",143.5
2025-12-13 20:25:26,cloudping Huawei,la-north-2,"Mexico City 2, Mexico",156.5
2025-12-13 20:25:26,cloudping Huawei,ap-southeast-3,Singapore,188
2025-12-13 20:25:26,cloudping Huawei,ap-southeast-1,"Hong Kong, China",216
2025-12-13 20:25:26,cloudping Huawei,sa-brazil-1,"Sao Paulo, Brazil",229
2025-12-13 20:25:26,cloudping Huawei,af-south-1,"Johannesburg, South Africa",246.5
2025-12-13 20:25:26,cloudping Huawei,ap-southeast-2,"Bangkok, Thailand",255
2025-12-13 20:25:26,cloudping Huawei,la-south-2,"Santiago, Chile",267.5
2025-12-13 20:25:26,cloudping Huawei,na-mexico-1,"Mexico City 1, Mexico",143.5
2025-12-13 20:25:26,cloudping Huawei,la-north-2,"Mexico City 2, Mexico",156.5
2025-12-13 20:25:26,cloudping Huawei,ap-southeast-3,Singapore,188
2025-12-13 20:25:26,cloudping Huawei,ap-southeast-1,"Hong Kong, China",216
2025-12-13 20:25:26,cloudping Huawei,sa-brazil-1,"Sao Paulo, Brazil",229
2025-12-13 20:25:26,cloudping Huawei,af-south-1,"Johannesburg, South Africa",246.5
2025-12-13 20:25:26,cloudping Huawei,ap-southeast-2,"Bangkok, Thailand",255
2025-12-13 20:25:26,cloudping Huawei,la-south-2,"Santiago, Chile",267.5
2025-12-13 20:25:26,cloudping Huawei,cn-east-2,Shanghai 2,206
2025-12-13 20:25:26,cloudping Huawei,cn-east-3,Shanghai 1,243.5
2025-12-13 20:25:26,cloudping Huawei,cn-north-1,Beijing 1,413
2025-12-13 20:25:26,cloudping Huawei,cn-south-1,Guangzhou,472.5
2025-12-13 20:25:26,cloudping Huawei,cn-north-4,Beijing 4,517.5
2025-12-13 20:25:26,cloudping Huawei,cn-north-9,Wulanchabu,557
2025-12-13 20:25:26,cloudping Huawei,cn-southwest-2,Guiyang 1,563.5
2025-12-13 20:51:25,cloudping Huawei,la-north-2,"Mexico City 2, Mexico",151.5
2025-12-13 20:51:25,cloudping Huawei,na-mexico-1,"Mexico City 1, Mexico",154.5
2025-12-13 20:51:25,cloudping Huawei,ap-southeast-3,Singapore,191.5
2025-12-13 20:51:25,cloudping Huawei,ap-southeast-1,"Hong Kong, China",217
2025-12-13 20:51:25,cloudping Huawei,sa-brazil-1,"Sao Paulo, Brazil",222.5
2025-12-13 20:51:25,cloudping Huawei,ap-southeast-2,"Bangkok, Thailand",231.5
2025-12-13 20:51:25,cloudping Huawei,la-south-2,"Santiago, Chile",237
2025-12-13 20:51:25,cloudping Huawei,af-south-1,"Johannesburg, South Africa",281
2025-12-13 20:51:25,cloudping Huawei,la-north-2,"Mexico City 2, Mexico",151.5
2025-12-13 20:51:25,cloudping Huawei,na-mexico-1,"Mexico City 1, Mexico",154.5
2025-12-13 20:51:25,cloudping Huawei,ap-southeast-3,Singapore,191.5
2025-12-13 20:51:25,cloudping Huawei,ap-southeast-1,"Hong Kong, China",217
2025-12-13 20:51:25,cloudping Huawei,sa-brazil-1,"Sao Paulo, Brazil",222.5
2025-12-13 20:51:25,cloudping Huawei,ap-southeast-2,"Bangkok, Thailand",231.5
2025-12-13 20:51:25,cloudping Huawei,la-south-2,"Santiago, Chile",237
2025-12-13 20:51:25,cloudping Huawei,af-south-1,"Johannesburg, South Africa",281
2025-12-13 20:51:25,cloudping Huawei,cn-east-2,Shanghai 2,207
2025-12-13 20:51:25,cloudping Huawei,cn-east-3,Shanghai 1,422.5
2025-12-13 20:51:25,cloudping Huawei,cn-south-1,Guangzhou,443.5
2025-12-13 20:51:25,cloudping Huawei,cn-north-1,Beijing 1,466.5
2025-12-13 20:51:25,cloudping Huawei,cn-north-4,Beijing 4,506
2025-12-13 20:51:25,cloudping Huawei,cn-southwest-2,Guiyang 1,519
2025-12-13 20:51:25,cloudping Huawei,cn-north-9,Wulanchabu,553
2025-12-13 21:17:25,cloudping Huawei,na-mexico-1,"Mexico City 1, Mexico",145.5
2025-12-13 21:17:25,cloudping Huawei,la-north-2,"Mexico City 2, Mexico",152.5
2025-12-13 21:17:25,cloudping Huawei,ap-southeast-3,Singapore,195.5
2025-12-13 21:17:25,cloudping Huawei,ap-southeast-1,"Hong Kong, China",215.5
2025-12-13 21:17:25,cloudping Huawei,la-south-2,"Santiago, Chile",239
2025-12-13 21:17:25,cloudping Huawei,ap-southeast-2,"Bangkok, Thailand",251
2025-12-13 21:17:25,cloudping Huawei,sa-brazil-1,"Sao Paulo, Brazil",262
2025-12-13 21:17:25,cloudping Huawei,af-south-1,"Johannesburg, South Africa",321
2025-12-13 21:17:25,cloudping Huawei,na-mexico-1,"Mexico City 1, Mexico",145.5
2025-12-13 21:17:25,cloudping Huawei,la-north-2,"Mexico City 2, Mexico",152.5
2025-12-13 21:17:25,cloudping Huawei,ap-southeast-3,Singapore,195.5
2025-12-13 21:17:25,cloudping Huawei,ap-southeast-1,"Hong Kong, China",215.5
2025-12-13 21:17:25,cloudping Huawei,la-south-2,"Santiago, Chile",239
2025-12-13 21:17:25,cloudping Huawei,ap-southeast-2,"Bangkok, Thailand",251
2025-12-13 21:17:25,cloudping Huawei,sa-brazil-1,"Sao Paulo, Brazil",262
2025-12-13 21:17:25,cloudping Huawei,af-south-1,"Johannesburg, South Africa",321
2025-12-13 21:17:25,cloudping Huawei,cn-north-1,Beijing 1,193
2025-12-13 21:17:25,cloudping Huawei,cn-east-2,Shanghai 2,207
2025-12-13 21:17:25,cloudping Huawei,cn-north-4,Beijing 4,214
2025-12-13 21:17:25,cloudping Huawei,cn-east-3,Shanghai 1,216
2025-12-13 21:17:25,cloudping Huawei,cn-south-1,Guangzhou,224
2025-12-13 21:17:25,cloudping Huawei,cn-north-9,Wulanchabu,260.5
2025-12-13 21:17:25,cloudping Huawei,cn-southwest-2,Guiyang 1,271
2025-12-13 21:43:26,cloudping Huawei,na-mexico-1,"Mexico City 1, Mexico",146.5
2025-12-13 21:43:26,cloudping Huawei,la-north-2,"Mexico City 2, Mexico",157.5
2025-12-13 21:43:26,cloudping Huawei,ap-southeast-3,Singapore,193
2025-12-13 21:43:26,cloudping Huawei,ap-southeast-1,"Hong Kong, China",211.5
2025-12-13 21:43:26,cloudping Huawei,la-south-2,"Santiago, Chile",243.5
2025-12-13 21:43:26,cloudping Huawei,sa-brazil-1,"Sao Paulo, Brazil",246
2025-12-13 21:43:26,cloudping Huawei,ap-southeast-2,"Bangkok, Thailand",247
2025-12-13 21:43:26,cloudping Huawei,af-south-1,"Johannesburg, South Africa",261
2025-12-13 21:43:26,cloudping Huawei,na-mexico-1,"Mexico City 1, Mexico",146.5
2025-12-13 21:43:26,cloudping Huawei,la-north-2,"Mexico City 2, Mexico",157.5
2025-12-13 21:43:26,cloudping Huawei,ap-southeast-3,Singapore,193
2025-12-13 21:43:26,cloudping Huawei,ap-southeast-1,"Hong Kong, China",211.5
2025-12-13 21:43:26,cloudping Huawei,la-south-2,"Santiago, Chile",243.5
2025-12-13 21:43:26,cloudping Huawei,sa-brazil-1,"Sao Paulo, Brazil",246
2025-12-13 21:43:26,cloudping Huawei,ap-southeast-2,"Bangkok, Thailand",247
2025-12-13 21:43:26,cloudping Huawei,af-south-1,"Johannesburg, South Africa",261
2025-12-13 21:43:26,cloudping Huawei,cn-east-2,Shanghai 2,209
2025-12-13 21:43:26,cloudping Huawei,cn-east-3,Shanghai 1,221
2025-12-13 21:43:26,cloudping Huawei,cn-south-1,Guangzhou,224
2025-12-13 21:43:26,cloudping Huawei,cn-north-1,Beijing 1,234
2025-12-13 21:43:26,cloudping Huawei,cn-north-4,Beijing 4,251.5
2025-12-13 21:43:26,cloudping Huawei,cn-southwest-2,Guiyang 1,260.5
2025-12-13 21:43:26,cloudping Huawei,cn-north-9,Wulanchabu,373.5
2025-12-13 22:09:26,cloudping Huawei,la-north-2,"Mexico City 2, Mexico",152
2025-12-13 22:09:26,cloudping Huawei,na-mexico-1,"Mexico City 1, Mexico",174
2025-12-13 22:09:26,cloudping Huawei,ap-southeast-3,Singapore,188
2025-12-13 22:09:26,cloudping Huawei,ap-southeast-1,"Hong Kong, China",223
2025-12-13 22:09:26,cloudping Huawei,sa-brazil-1,"Sao Paulo, Brazil",224
2025-12-13 22:09:26,cloudping Huawei,la-south-2,"Santiago, Chile",245.5
2025-12-13 22:09:26,cloudping Huawei,ap-southeast-2,"Bangkok, Thailand",249
2025-12-13 22:09:26,cloudping Huawei,af-south-1,"Johannesburg, South Africa",318.5
2025-12-13 22:09:26,cloudping Huawei,la-north-2,"Mexico City 2, Mexico",152
2025-12-13 22:09:26,cloudping Huawei,na-mexico-1,"Mexico City 1, Mexico",174
2025-12-13 22:09:26,cloudping Huawei,ap-southeast-3,Singapore,188
2025-12-13 22:09:26,cloudping Huawei,ap-southeast-1,"Hong Kong, China",223
2025-12-13 22:09:26,cloudping Huawei,sa-brazil-1,"Sao Paulo, Brazil",224
2025-12-13 22:09:26,cloudping Huawei,la-south-2,"Santiago, Chile",245.5
2025-12-13 22:09:26,cloudping Huawei,ap-southeast-2,"Bangkok, Thailand",249
2025-12-13 22:09:26,cloudping Huawei,af-south-1,"Johannesburg, South Africa",318.5
2025-12-13 22:09:26,cloudping Huawei,cn-east-3,Shanghai 1,199
2025-12-13 22:09:26,cloudping Huawei,cn-east-2,Shanghai 2,206
2025-12-13 22:09:26,cloudping Huawei,cn-north-1,Beijing 1,229.5
2025-12-13 22:09:26,cloudping Huawei,cn-south-1,Guangzhou,235
2025-12-13 22:09:26,cloudping Huawei,cn-north-9,Wulanchabu,239
2025-12-13 22:09:26,cloudping Huawei,cn-north-4,Beijing 4,261.5
2025-12-13 22:09:26,cloudping Huawei,cn-southwest-2,Guiyang 1,378
2025-12-13 22:35:27,cloudping Huawei,na-mexico-1,"Mexico City 1, Mexico",146.5
2025-12-13 22:35:27,cloudping Huawei,la-north-2,"Mexico City 2, Mexico",162
2025-12-13 22:35:27,cloudping Huawei,ap-southeast-3,Singapore,190
2025-12-13 22:35:27,cloudping Huawei,ap-southeast-1,"Hong Kong, China",218
2025-12-13 22:35:27,cloudping Huawei,sa-brazil-1,"Sao Paulo, Brazil",234
2025-12-13 22:35:27,cloudping Huawei,la-south-2,"Santiago, Chile",244.5
2025-12-13 22:35:27,cloudping Huawei,ap-southeast-2,"Bangkok, Thailand",283
2025-12-13 22:35:27,cloudping Huawei,af-south-1,"Johannesburg, South Africa",339.5
2025-12-13 22:35:27,cloudping Huawei,na-mexico-1,"Mexico City 1, Mexico",146.5
2025-12-13 22:35:27,cloudping Huawei,la-north-2,"Mexico City 2, Mexico",162
2025-12-13 22:35:27,cloudping Huawei,ap-southeast-3,Singapore,190
2025-12-13 22:35:27,cloudping Huawei,ap-southeast-1,"Hong Kong, China",218
2025-12-13 22:35:27,cloudping Huawei,sa-brazil-1,"Sao Paulo, Brazil",234
2025-12-13 22:35:27,cloudping Huawei,la-south-2,"Santiago, Chile",244.5
2025-12-13 22:35:27,cloudping Huawei,ap-southeast-2,"Bangkok, Thailand",283
2025-12-13 22:35:27,cloudping Huawei,af-south-1,"Johannesburg, South Africa",339.5
2025-12-13 22:35:27,cloudping Huawei,cn-east-2,Shanghai 2,217
2025-12-13 22:35:27,cloudping Huawei,cn-south-1,Guangzhou,228
2025-12-13 22:35:27,cloudping Huawei,cn-east-3,Shanghai 1,228.5
2025-12-13 22:35:27,cloudping Huawei,cn-southwest-2,Guiyang 1,246
2025-12-13 22:35:27,cloudping Huawei,cn-north-1,Beijing 1,414.5
2025-12-13 22:35:27,cloudping Huawei,cn-north-4,Beijing 4,436
2025-12-13 22:35:27,cloudping Huawei,cn-north-9,Wulanchabu,451.5
2025-12-13 23:01:27,cloudping Huawei,na-mexico-1,"Mexico City 1, Mexico",142.5
2025-12-13 23:01:27,cloudping Huawei,la-north-2,"Mexico City 2, Mexico",157.5
2025-12-13 23:01:27,cloudping Huawei,ap-southeast-3,Singapore,196
2025-12-13 23:01:27,cloudping Huawei,ap-southeast-1,"Hong Kong, China",220
2025-12-13 23:01:27,cloudping Huawei,ap-southeast-2,"Bangkok, Thailand",238.5
2025-12-13 23:01:27,cloudping Huawei,sa-brazil-1,"Sao Paulo, Brazil",251
2025-12-13 23:01:27,cloudping Huawei,la-south-2,"Santiago, Chile",290
2025-12-13 23:01:27,cloudping Huawei,af-south-1,"Johannesburg, South Africa",418.5
2025-12-13 23:01:27,cloudping Huawei,na-mexico-1,"Mexico City 1, Mexico",142.5
2025-12-13 23:01:27,cloudping Huawei,la-north-2,"Mexico City 2, Mexico",157.5
2025-12-13 23:01:27,cloudping Huawei,ap-southeast-3,Singapore,196
2025-12-13 23:01:27,cloudping Huawei,ap-southeast-1,"Hong Kong, China",220
2025-12-13 23:01:27,cloudping Huawei,ap-southeast-2,"Bangkok, Thailand",238.5
2025-12-13 23:01:27,cloudping Huawei,sa-brazil-1,"Sao Paulo, Brazil",251
2025-12-13 23:01:27,cloudping Huawei,la-south-2,"Santiago, Chile",290
2025-12-13 23:01:27,cloudping Huawei,af-south-1,"Johannesburg, South Africa",418.5
2025-12-13 23:01:27,cloudping Huawei,cn-east-2,Shanghai 2,217
2025-12-13 23:01:27,cloudping Huawei,cn-east-3,Shanghai 1,230
2025-12-13 23:01:27,cloudping Huawei,cn-southwest-2,Guiyang 1,267.5
2025-12-13 23:01:27,cloudping Huawei,cn-north-1,Beijing 1,429
2025-12-13 23:01:27,cloudping Huawei,cn-north-4,Beijing 4,488.5
2025-12-13 23:01:27,cloudping Huawei,cn-north-9,Wulanchabu,502.5
2025-12-13 23:01:27,cloudping Huawei,cn-south-1,Guangzhou,552.5
2025-12-13 23:27:27,cloudping Huawei,na-mexico-1,"Mexico City 1, Mexico",145
2025-12-13 23:27:27,cloudping Huawei,la-north-2,"Mexico City 2, Mexico",160
2025-12-13 23:27:27,cloudping Huawei,ap-southeast-3,Singapore,190
2025-12-13 23:27:27,cloudping Huawei,sa-brazil-1,"Sao Paulo, Brazil",221.5
2025-12-13 23:27:27,cloudping Huawei,ap-southeast-1,"Hong Kong, China",229.5
2025-12-13 23:27:27,cloudping Huawei,ap-southeast-2,"Bangkok, Thailand",241.5
2025-12-13 23:27:27,cloudping Huawei,af-south-1,"Johannesburg, South Africa",254
2025-12-13 23:27:27,cloudping Huawei,la-south-2,"Santiago, Chile",484.5
2025-12-13 23:27:27,cloudping Huawei,na-mexico-1,"Mexico City 1, Mexico",145
2025-12-13 23:27:27,cloudping Huawei,la-north-2,"Mexico City 2, Mexico",160
2025-12-13 23:27:27,cloudping Huawei,ap-southeast-3,Singapore,190
2025-12-13 23:27:27,cloudping Huawei,sa-brazil-1,"Sao Paulo, Brazil",221.5
2025-12-13 23:27:27,cloudping Huawei,ap-southeast-1,"Hong Kong, China",229.5
2025-12-13 23:27:27,cloudping Huawei,ap-southeast-2,"Bangkok, Thailand",241.5
2025-12-13 23:27:27,cloudping Huawei,af-south-1,"Johannesburg, South Africa",254
2025-12-13 23:27:27,cloudping Huawei,la-south-2,"Santiago, Chile",484.5
2025-12-13 23:27:27,cloudping Huawei,cn-north-1,Beijing 1,191.5
2025-12-13 23:27:27,cloudping Huawei,cn-east-2,Shanghai 2,205.5
2025-12-13 23:27:27,cloudping Huawei,cn-north-4,Beijing 4,213
2025-12-13 23:27:27,cloudping Huawei,cn-east-3,Shanghai 1,230.5
2025-12-13 23:27:27,cloudping Huawei,cn-south-1,Guangzhou,231.5
2025-12-13 23:27:27,cloudping Huawei,cn-north-9,Wulanchabu,283
2025-12-13 23:27:27,cloudping Huawei,cn-southwest-2,Guiyang 1,291.5
2025-12-13 23:53:28,cloudping Huawei,na-mexico-1,"Mexico City 1, Mexico",146
2025-12-13 23:53:28,cloudping Huawei,la-north-2,"Mexico City 2, Mexico",159
2025-12-13 23:53:28,cloudping Huawei,ap-southeast-3,Singapore,188
2025-12-13 23:53:28,cloudping Huawei,sa-brazil-1,"Sao Paulo, Brazil",222
2025-12-13 23:53:28,cloudping Huawei,af-south-1,"Johannesburg, South Africa",230.5
2025-12-13 23:53:28,cloudping Huawei,ap-southeast-1,"Hong Kong, China",231
2025-12-13 23:53:28,cloudping Huawei,ap-southeast-2,"Bangkok, Thailand",241
2025-12-13 23:53:28,cloudping Huawei,la-south-2,"Santiago, Chile",266.5
2025-12-13 23:53:28,cloudping Huawei,na-mexico-1,"Mexico City 1, Mexico",146
2025-12-13 23:53:28,cloudping Huawei,la-north-2,"Mexico City 2, Mexico",159
2025-12-13 23:53:28,cloudping Huawei,ap-southeast-3,Singapore,188
2025-12-13 23:53:28,cloudping Huawei,sa-brazil-1,"Sao Paulo, Brazil",222
2025-12-13 23:53:28,cloudping Huawei,af-south-1,"Johannesburg, South Africa",230.5
2025-12-13 23:53:28,cloudping Huawei,ap-southeast-1,"Hong Kong, China",231
2025-12-13 23:53:28,cloudping Huawei,ap-southeast-2,"Bangkok, Thailand",241
2025-12-13 23:53:28,cloudping Huawei,la-south-2,"Santiago, Chile",266.5
2025-12-13 23:53:28,cloudping Huawei,cn-east-2,Shanghai 2,412.5
2025-12-13 23:53:28,cloudping Huawei,cn-east-3,Shanghai 1,424
2025-12-13 23:53:28,cloudping Huawei,cn-north-9,Wulanchabu,481.5
2025-12-13 23:53:28,cloudping Huawei,cn-south-1,Guangzhou,488.5
2025-12-13 23:53:28,cloudping Huawei,cn-north-4,Beijing 4,525
2025-12-13 23:53:28,cloudping Huawei,cn-north-1,Beijing 1,603
2025-12-13 23:53:28,cloudping Huawei,cn-southwest-2,Guiyang 1,846.5
2025-12-14 00:19:28,cloudping Huawei,na-mexico-1,"Mexico City 1, Mexico",145
2025-12-14 00:19:28,cloudping Huawei,la-north-2,"Mexico City 2, Mexico",163.5
2025-12-14 00:19:28,cloudping Huawei,ap-southeast-3,Singapore,191
2025-12-14 00:19:28,cloudping Huawei,ap-southeast-1,"Hong Kong, China",218.5
2025-12-14 00:19:28,cloudping Huawei,sa-brazil-1,"Sao Paulo, Brazil",223
2025-12-14 00:19:28,cloudping Huawei,af-south-1,"Johannesburg, South Africa",228
2025-12-14 00:19:28,cloudping Huawei,ap-southeast-2,"Bangkok, Thailand",243
2025-12-14 00:19:28,cloudping Huawei,la-south-2,"Santiago, Chile",249.5
2025-12-14 00:19:28,cloudping Huawei,na-mexico-1,"Mexico City 1, Mexico",145
2025-12-14 00:19:28,cloudping Huawei,la-north-2,"Mexico City 2, Mexico",163.5
2025-12-14 00:19:28,cloudping Huawei,ap-southeast-3,Singapore,191
2025-12-14 00:19:28,cloudping Huawei,ap-southeast-1,"Hong Kong, China",218.5
2025-12-14 00:19:28,cloudping Huawei,sa-brazil-1,"Sao Paulo, Brazil",223
2025-12-14 00:19:28,cloudping Huawei,af-south-1,"Johannesburg, South Africa",228
2025-12-14 00:19:28,cloudping Huawei,ap-southeast-2,"Bangkok, Thailand",243
2025-12-14 00:19:28,cloudping Huawei,la-south-2,"Santiago, Chile",249.5
2025-12-14 00:19:28,cloudping Huawei,cn-north-1,Beijing 1,412.5
2025-12-14 00:19:28,cloudping Huawei,cn-east-3,Shanghai 1,443
2025-12-14 00:19:28,cloudping Huawei,cn-east-2,Shanghai 2,444.5
2025-12-14 00:19:28,cloudping Huawei,cn-north-4,Beijing 4,448
2025-12-14 00:19:28,cloudping Huawei,cn-south-1,Guangzhou,502
2025-12-14 00:19:28,cloudping Huawei,cn-north-9,Wulanchabu,568
2025-12-14 00:19:28,cloudping Huawei,cn-southwest-2,Guiyang 1,570
2025-12-14 00:45:28,cloudping Huawei,la-north-2,"Mexico City 2, Mexico",145.5
2025-12-14 00:45:28,cloudping Huawei,na-mexico-1,"Mexico City 1, Mexico",146.5
2025-12-14 00:45:28,cloudping Huawei,ap-southeast-3,Singapore,190.5
2025-12-14 00:45:28,cloudping Huawei,sa-brazil-1,"Sao Paulo, Brazil",223.5
2025-12-14 00:45:28,cloudping Huawei,ap-southeast-1,"Hong Kong, China",223.5
2025-12-14 00:45:28,cloudping Huawei,af-south-1,"Johannesburg, South Africa",227.5
2025-12-14 00:45:28,cloudping Huawei,la-south-2,"Santiago, Chile",242.5
2025-12-14 00:45:28,cloudping Huawei,ap-southeast-2,"Bangkok, Thailand",288
2025-12-14 00:45:28,cloudping Huawei,la-north-2,"Mexico City 2, Mexico",145.5
2025-12-14 00:45:28,cloudping Huawei,na-mexico-1,"Mexico City 1, Mexico",146.5
2025-12-14 00:45:28,cloudping Huawei,ap-southeast-3,Singapore,190.5
2025-12-14 00:45:28,cloudping Huawei,sa-brazil-1,"Sao Paulo, Brazil",223.5
2025-12-14 00:45:28,cloudping Huawei,ap-southeast-1,"Hong Kong, China",223.5
2025-12-14 00:45:28,cloudping Huawei,af-south-1,"Johannesburg, South Africa",227.5
2025-12-14 00:45:28,cloudping Huawei,la-south-2,"Santiago, Chile",242.5
2025-12-14 00:45:28,cloudping Huawei,ap-southeast-2,"Bangkok, Thailand",288
2025-12-14 00:45:28,cloudping Huawei,cn-east-2,Shanghai 2,198.5
2025-12-14 00:45:28,cloudping Huawei,cn-east-3,Shanghai 1,221.5
2025-12-14 00:45:28,cloudping Huawei,cn-southwest-2,Guiyang 1,254
2025-12-14 00:45:28,cloudping Huawei,cn-north-9,Wulanchabu,491.5
2025-12-14 00:45:28,cloudping Huawei,cn-north-4,Beijing 4,495
2025-12-14 00:45:28,cloudping Huawei,cn-south-1,Guangzhou,498
2025-12-14 00:45:28,cloudping Huawei,cn-north-1,Beijing 1,549.5
2025-12-14 01:11:28,cloudping Huawei,na-mexico-1,"Mexico City 1, Mexico",145.5
2025-12-14 01:11:28,cloudping Huawei,la-north-2,"Mexico City 2, Mexico",156
2025-12-14 01:11:28,cloudping Huawei,ap-southeast-3,Singapore,187.5
2025-12-14 01:11:28,cloudping Huawei,af-south-1,"Johannesburg, South Africa",226.5
2025-12-14 01:11:28,cloudping Huawei,ap-southeast-1,"Hong Kong, China",228.5
2025-12-14 01:11:28,cloudping Huawei,sa-brazil-1,"Sao Paulo, Brazil",229
2025-12-14 01:11:28,cloudping Huawei,ap-southeast-2,"Bangkok, Thailand",237.5
2025-12-14 01:11:28,cloudping Huawei,la-south-2,"Santiago, Chile",327
2025-12-14 01:11:28,cloudping Huawei,na-mexico-1,"Mexico City 1, Mexico",145.5
2025-12-14 01:11:28,cloudping Huawei,la-north-2,"Mexico City 2, Mexico",156
2025-12-14 01:11:28,cloudping Huawei,ap-southeast-3,Singapore,187.5
2025-12-14 01:11:28,cloudping Huawei,af-south-1,"Johannesburg, South Africa",226.5
2025-12-14 01:11:28,cloudping Huawei,ap-southeast-1,"Hong Kong, China",228.5
2025-12-14 01:11:28,cloudping Huawei,sa-brazil-1,"Sao Paulo, Brazil",229
2025-12-14 01:11:28,cloudping Huawei,ap-southeast-2,"Bangkok, Thailand",237.5
2025-12-14 01:11:28,cloudping Huawei,la-south-2,"Santiago, Chile",327
2025-12-14 01:11:28,cloudping Huawei,cn-east-2,Shanghai 2,420.5
2025-12-14 01:11:28,cloudping Huawei,cn-north-1,Beijing 1,451.5
2025-12-14 01:11:28,cloudping Huawei,cn-east-3,Shanghai 1,461.5
2025-12-14 01:11:28,cloudping Huawei,cn-north-9,Wulanchabu,487.5
2025-12-14 01:11:28,cloudping Huawei,cn-north-4,Beijing 4,523
2025-12-14 01:11:28,cloudping Huawei,cn-southwest-2,Guiyang 1,533
2025-12-14 01:11:28,cloudping Huawei,cn-south-1,Guangzhou,573
2025-12-14 01:37:29,cloudping Huawei,na-mexico-1,"Mexico City 1, Mexico",151
2025-12-14 01:37:29,cloudping Huawei,ap-southeast-3,Singapore,189.5
2025-12-14 01:37:29,cloudping Huawei,la-north-2,"Mexico City 2, Mexico",214.5
2025-12-14 01:37:29,cloudping Huawei,ap-southeast-1,"Hong Kong, China",232.5
2025-12-14 01:37:29,cloudping Huawei,af-south-1,"Johannesburg, South Africa",239.5
2025-12-14 01:37:29,cloudping Huawei,sa-brazil-1,"Sao Paulo, Brazil",240.5
2025-12-14 01:37:29,cloudping Huawei,la-south-2,"Santiago, Chile",250.5
2025-12-14 01:37:29,cloudping Huawei,ap-southeast-2,"Bangkok, Thailand",251.5
2025-12-14 01:37:29,cloudping Huawei,na-mexico-1,"Mexico City 1, Mexico",151
2025-12-14 01:37:29,cloudping Huawei,ap-southeast-3,Singapore,189.5
2025-12-14 01:37:29,cloudping Huawei,la-north-2,"Mexico City 2, Mexico",214.5
2025-12-14 01:37:29,cloudping Huawei,ap-southeast-1,"Hong Kong, China",232.5
2025-12-14 01:37:29,cloudping Huawei,af-south-1,"Johannesburg, South Africa",239.5
2025-12-14 01:37:29,cloudping Huawei,sa-brazil-1,"Sao Paulo, Brazil",240.5
2025-12-14 01:37:29,cloudping Huawei,la-south-2,"Santiago, Chile",250.5
2025-12-14 01:37:29,cloudping Huawei,ap-southeast-2,"Bangkok, Thailand",251.5
2025-12-14 01:37:29,cloudping Huawei,cn-east-2,Shanghai 2,260
2025-12-14 01:37:29,cloudping Huawei,cn-north-1,Beijing 1,378
2025-12-14 01:37:29,cloudping Huawei,cn-east-3,Shanghai 1,426.5
2025-12-14 01:37:29,cloudping Huawei,cn-south-1,Guangzhou,460.5
2025-12-14 01:37:29,cloudping Huawei,cn-southwest-2,Guiyang 1,479
2025-12-14 01:37:29,cloudping Huawei,cn-north-9,Wulanchabu,522
2025-12-14 01:37:29,cloudping Huawei,cn-north-4,Beijing 4,539
2025-12-14 02:03:29,cloudping Huawei,na-mexico-1,"Mexico City 1, Mexico",145
2025-12-14 02:03:29,cloudping Huawei,la-north-2,"Mexico City 2, Mexico",154.5
2025-12-14 02:03:29,cloudping Huawei,ap-southeast-1,"Hong Kong, China",217
2025-12-14 02:03:29,cloudping Huawei,sa-brazil-1,"Sao Paulo, Brazil",228
2025-12-14 02:03:29,cloudping Huawei,ap-southeast-3,Singapore,231
2025-12-14 02:03:29,cloudping Huawei,la-south-2,"Santiago, Chile",304
2025-12-14 02:03:29,cloudping Huawei,af-south-1,"Johannesburg, South Africa",435.5
2025-12-14 02:03:29,cloudping Huawei,ap-southeast-2,"Bangkok, Thailand",470.5
2025-12-14 02:03:29,cloudping Huawei,na-mexico-1,"Mexico City 1, Mexico",145
2025-12-14 02:03:29,cloudping Huawei,la-north-2,"Mexico City 2, Mexico",154.5
2025-12-14 02:03:29,cloudping Huawei,ap-southeast-1,"Hong Kong, China",217
2025-12-14 02:03:29,cloudping Huawei,sa-brazil-1,"Sao Paulo, Brazil",228
2025-12-14 02:03:29,cloudping Huawei,ap-southeast-3,Singapore,231
2025-12-14 02:03:29,cloudping Huawei,la-south-2,"Santiago, Chile",304
2025-12-14 02:03:29,cloudping Huawei,af-south-1,"Johannesburg, South Africa",435.5
2025-12-14 02:03:29,cloudping Huawei,ap-southeast-2,"Bangkok, Thailand",470.5
2025-12-14 02:03:29,cloudping Huawei,cn-east-3,Shanghai 1,223.5
2025-12-14 02:03:29,cloudping Huawei,cn-south-1,Guangzhou,223.5
2025-12-14 02:03:29,cloudping Huawei,cn-north-1,Beijing 1,231.5
2025-12-14 02:03:29,cloudping Huawei,cn-east-2,Shanghai 2,237
2025-12-14 02:03:29,cloudping Huawei,cn-southwest-2,Guiyang 1,247
2025-12-14 02:03:29,cloudping Huawei,cn-north-4,Beijing 4,271
2025-12-14 02:03:29,cloudping Huawei,cn-north-9,Wulanchabu,273
2025-12-14 02:29:29,cloudping Huawei,la-north-2,"Mexico City 2, Mexico",147.5
2025-12-14 02:29:29,cloudping Huawei,na-mexico-1,"Mexico City 1, Mexico",148
2025-12-14 02:29:29,cloudping Huawei,ap-southeast-3,Singapore,213
2025-12-14 02:29:29,cloudping Huawei,ap-southeast-1,"Hong Kong, China",214
2025-12-14 02:29:29,cloudping Huawei,sa-brazil-1,"Sao Paulo, Brazil",227
2025-12-14 02:29:29,cloudping Huawei,ap-southeast-2,"Bangkok, Thailand",241
2025-12-14 02:29:29,cloudping Huawei,la-south-2,"Santiago, Chile",269
2025-12-14 02:29:29,cloudping Huawei,af-south-1,"Johannesburg, South Africa",402.5
2025-12-14 02:29:29,cloudping Huawei,la-north-2,"Mexico City 2, Mexico",147.5
2025-12-14 02:29:29,cloudping Huawei,na-mexico-1,"Mexico City 1, Mexico",148
2025-12-14 02:29:29,cloudping Huawei,ap-southeast-3,Singapore,213
2025-12-14 02:29:29,cloudping Huawei,ap-southeast-1,"Hong Kong, China",214
2025-12-14 02:29:29,cloudping Huawei,sa-brazil-1,"Sao Paulo, Brazil",227
2025-12-14 02:29:29,cloudping Huawei,ap-southeast-2,"Bangkok, Thailand",241
2025-12-14 02:29:29,cloudping Huawei,la-south-2,"Santiago, Chile",269
2025-12-14 02:29:29,cloudping Huawei,af-south-1,"Johannesburg, South Africa",402.5
2025-12-14 02:29:29,cloudping Huawei,cn-east-2,Shanghai 2,204
2025-12-14 02:29:29,cloudping Huawei,cn-east-3,Shanghai 1,223.5
2025-12-14 02:29:29,cloudping Huawei,cn-north-1,Beijing 1,223.5
2025-12-14 02:29:29,cloudping Huawei,cn-south-1,Guangzhou,226
2025-12-14 02:29:29,cloudping Huawei,cn-southwest-2,Guiyang 1,249
2025-12-14 02:29:29,cloudping Huawei,cn-north-4,Beijing 4,266
2025-12-14 02:29:29,cloudping Huawei,cn-north-9,Wulanchabu,269.5
2025-12-14 02:55:30,cloudping Huawei,na-mexico-1,"Mexico City 1, Mexico",146
2025-12-14 02:55:30,cloudping Huawei,la-north-2,"Mexico City 2, Mexico",151.5
2025-12-14 02:55:30,cloudping Huawei,ap-southeast-3,Singapore,199
2025-12-14 02:55:30,cloudping Huawei,ap-southeast-1,"Hong Kong, China",215.5
2025-12-14 02:55:30,cloudping Huawei,sa-brazil-1,"Sao Paulo, Brazil",224.5
2025-12-14 02:55:30,cloudping Huawei,af-south-1,"Johannesburg, South Africa",234
2025-12-14 02:55:30,cloudping Huawei,ap-southeast-2,"Bangkok, Thailand",244.5
2025-12-14 02:55:30,cloudping Huawei,la-south-2,"Santiago, Chile",249
2025-12-14 02:55:30,cloudping Huawei,na-mexico-1,"Mexico City 1, Mexico",146
2025-12-14 02:55:30,cloudping Huawei,la-north-2,"Mexico City 2, Mexico",151.5
2025-12-14 02:55:30,cloudping Huawei,ap-southeast-3,Singapore,199
2025-12-14 02:55:30,cloudping Huawei,ap-southeast-1,"Hong Kong, China",215.5
2025-12-14 02:55:30,cloudping Huawei,sa-brazil-1,"Sao Paulo, Brazil",224.5
2025-12-14 02:55:30,cloudping Huawei,af-south-1,"Johannesburg, South Africa",234
2025-12-14 02:55:30,cloudping Huawei,ap-southeast-2,"Bangkok, Thailand",244.5
2025-12-14 02:55:30,cloudping Huawei,la-south-2,"Santiago, Chile",249
2025-12-14 02:55:30,cloudping Huawei,cn-east-2,Shanghai 2,215.5
2025-12-14 02:55:30,cloudping Huawei,cn-southwest-2,Guiyang 1,244.5
2025-12-14 02:55:30,cloudping Huawei,cn-east-3,Shanghai 1,341.5
2025-12-14 02:55:30,cloudping Huawei,cn-south-1,Guangzhou,443.5
2025-12-14 02:55:30,cloudping Huawei,cn-north-1,Beijing 1,538
2025-12-14 02:55:30,cloudping Huawei,cn-north-9,Wulanchabu,549
2025-12-14 02:55:30,cloudping Huawei,cn-north-4,Beijing 4,854.5
2025-12-14 03:21:31,cloudping Huawei,la-north-2,"Mexico City 2, Mexico",155
2025-12-14 03:21:31,cloudping Huawei,na-mexico-1,"Mexico City 1, Mexico",179
2025-12-14 03:21:31,cloudping Huawei,ap-southeast-3,Singapore,191.5
2025-12-14 03:21:31,cloudping Huawei,ap-southeast-1,"Hong Kong, China",222.5
2025-12-14 03:21:31,cloudping Huawei,sa-brazil-1,"Sao Paulo, Brazil",225
2025-12-14 03:21:31,cloudping Huawei,af-south-1,"Johannesburg, South Africa",244
2025-12-14 03:21:31,cloudping Huawei,ap-southeast-2,"Bangkok, Thailand",246.5
2025-12-14 03:21:31,cloudping Huawei,la-south-2,"Santiago, Chile",295
2025-12-14 03:21:31,cloudping Huawei,la-north-2,"Mexico City 2, Mexico",155
2025-12-14 03:21:31,cloudping Huawei,na-mexico-1,"Mexico City 1, Mexico",179
2025-12-14 03:21:31,cloudping Huawei,ap-southeast-3,Singapore,191.5
2025-12-14 03:21:31,cloudping Huawei,ap-southeast-1,"Hong Kong, China",222.5
2025-12-14 03:21:31,cloudping Huawei,sa-brazil-1,"Sao Paulo, Brazil",225
2025-12-14 03:21:31,cloudping Huawei,af-south-1,"Johannesburg, South Africa",244
2025-12-14 03:21:31,cloudping Huawei,ap-southeast-2,"Bangkok, Thailand",246.5
2025-12-14 03:21:31,cloudping Huawei,la-south-2,"Santiago, Chile",295
2025-12-14 03:21:31,cloudping Huawei,cn-south-1,Guangzhou,443
2025-12-14 03:21:31,cloudping Huawei,cn-north-1,Beijing 1,457.5
2025-12-14 03:21:31,cloudping Huawei,cn-east-2,Shanghai 2,471.5
2025-12-14 03:21:31,cloudping Huawei,cn-southwest-2,Guiyang 1,501
2025-12-14 03:21:31,cloudping Huawei,cn-north-4,Beijing 4,526
2025-12-14 03:21:31,cloudping Huawei,cn-east-3,Shanghai 1,765.5
2025-12-14 03:21:31,cloudping Huawei,cn-north-9,Wulanchabu,1057.5
2025-12-14 03:47:30,cloudping Huawei,na-mexico-1,"Mexico City 1, Mexico",143
2025-12-14 03:47:30,cloudping Huawei,la-north-2,"Mexico City 2, Mexico",155.5
2025-12-14 03:47:30,cloudping Huawei,ap-southeast-3,Singapore,187.5
2025-12-14 03:47:30,cloudping Huawei,ap-southeast-1,"Hong Kong, China",216.5
2025-12-14 03:47:30,cloudping Huawei,sa-brazil-1,"Sao Paulo, Brazil",225.5
2025-12-14 03:47:30,cloudping Huawei,ap-southeast-2,"Bangkok, Thailand",239
2025-12-14 03:47:30,cloudping Huawei,la-south-2,"Santiago, Chile",239
2025-12-14 03:47:30,cloudping Huawei,af-south-1,"Johannesburg, South Africa",332
2025-12-14 03:47:30,cloudping Huawei,na-mexico-1,"Mexico City 1, Mexico",143
2025-12-14 03:47:30,cloudping Huawei,la-north-2,"Mexico City 2, Mexico",155.5
2025-12-14 03:47:30,cloudping Huawei,ap-southeast-3,Singapore,187.5
2025-12-14 03:47:30,cloudping Huawei,ap-southeast-1,"Hong Kong, China",216.5
2025-12-14 03:47:30,cloudping Huawei,sa-brazil-1,"Sao Paulo, Brazil",225.5
2025-12-14 03:47:30,cloudping Huawei,ap-southeast-2,"Bangkok, Thailand",239
2025-12-14 03:47:30,cloudping Huawei,la-south-2,"Santiago, Chile",239
2025-12-14 03:47:30,cloudping Huawei,af-south-1,"Johannesburg, South Africa",332
2025-12-14 03:47:30,cloudping Huawei,cn-east-2,Shanghai 2,227
2025-12-14 03:47:30,cloudping Huawei,cn-east-3,Shanghai 1,246.5
2025-12-14 03:47:30,cloudping Huawei,cn-south-1,Guangzhou,247
2025-12-14 03:47:30,cloudping Huawei,cn-southwest-2,Guiyang 1,263
2025-12-14 03:47:30,cloudping Huawei,cn-north-1,Beijing 1,456
2025-12-14 03:47:30,cloudping Huawei,cn-north-9,Wulanchabu,826.5
2025-12-14 03:47:30,cloudping Huawei,cn-north-4,Beijing 4,859.5
2025-12-14 04:13:30,cloudping Huawei,la-north-2,"Mexico City 2, Mexico",148
2025-12-14 04:13:30,cloudping Huawei,na-mexico-1,"Mexico City 1, Mexico",188.5
2025-12-14 04:13:30,cloudping Huawei,ap-southeast-3,Singapore,190
2025-12-14 04:13:30,cloudping Huawei,sa-brazil-1,"Sao Paulo, Brazil",218.5
2025-12-14 04:13:30,cloudping Huawei,ap-southeast-1,"Hong Kong, China",223
2025-12-14 04:13:30,cloudping Huawei,ap-southeast-2,"Bangkok, Thailand",243.5
2025-12-14 04:13:30,cloudping Huawei,la-south-2,"Santiago, Chile",244
2025-12-14 04:13:30,cloudping Huawei,af-south-1,"Johannesburg, South Africa",262
2025-12-14 04:13:30,cloudping Huawei,la-north-2,"Mexico City 2, Mexico",148
2025-12-14 04:13:30,cloudping Huawei,na-mexico-1,"Mexico City 1, Mexico",188.5
2025-12-14 04:13:30,cloudping Huawei,ap-southeast-3,Singapore,190
2025-12-14 04:13:30,cloudping Huawei,sa-brazil-1,"Sao Paulo, Brazil",218.5
2025-12-14 04:13:30,cloudping Huawei,ap-southeast-1,"Hong Kong, China",223
2025-12-14 04:13:30,cloudping Huawei,ap-southeast-2,"Bangkok, Thailand",243.5
2025-12-14 04:13:30,cloudping Huawei,la-south-2,"Santiago, Chile",244
2025-12-14 04:13:30,cloudping Huawei,af-south-1,"Johannesburg, South Africa",262
2025-12-14 04:13:30,cloudping Huawei,cn-east-2,Shanghai 2,230.5
2025-12-14 04:13:30,cloudping Huawei,cn-east-3,Shanghai 1,461.5
2025-12-14 04:13:30,cloudping Huawei,cn-north-4,Beijing 4,463
2025-12-14 04:13:30,cloudping Huawei,cn-south-1,Guangzhou,477.5
2025-12-14 04:13:30,cloudping Huawei,cn-north-1,Beijing 1,508.5
2025-12-14 04:13:30,cloudping Huawei,cn-north-9,Wulanchabu,897
2025-12-14 04:13:30,cloudping Huawei,cn-southwest-2,Guiyang 1,1165.5
2025-12-14 04:39:30,cloudping Huawei,na-mexico-1,"Mexico City 1, Mexico",145
2025-12-14 04:39:30,cloudping Huawei,la-north-2,"Mexico City 2, Mexico",147
2025-12-14 04:39:30,cloudping Huawei,ap-southeast-3,Singapore,192.5
2025-12-14 04:39:30,cloudping Huawei,ap-southeast-1,"Hong Kong, China",220
2025-12-14 04:39:30,cloudping Huawei,sa-brazil-1,"Sao Paulo, Brazil",222.5
2025-12-14 04:39:30,cloudping Huawei,la-south-2,"Santiago, Chile",237
2025-12-14 04:39:30,cloudping Huawei,ap-southeast-2,"Bangkok, Thailand",241
2025-12-14 04:39:30,cloudping Huawei,af-south-1,"Johannesburg, South Africa",348.5
2025-12-14 04:39:30,cloudping Huawei,na-mexico-1,"Mexico City 1, Mexico",145
2025-12-14 04:39:30,cloudping Huawei,la-north-2,"Mexico City 2, Mexico",147
2025-12-14 04:39:30,cloudping Huawei,ap-southeast-3,Singapore,192.5
2025-12-14 04:39:30,cloudping Huawei,ap-southeast-1,"Hong Kong, China",220
2025-12-14 04:39:30,cloudping Huawei,sa-brazil-1,"Sao Paulo, Brazil",222.5
2025-12-14 04:39:30,cloudping Huawei,la-south-2,"Santiago, Chile",237
2025-12-14 04:39:30,cloudping Huawei,ap-southeast-2,"Bangkok, Thailand",241
2025-12-14 04:39:30,cloudping Huawei,af-south-1,"Johannesburg, South Africa",348.5
2025-12-14 04:39:30,cloudping Huawei,cn-east-2,Shanghai 2,454
2025-12-14 04:39:30,cloudping Huawei,cn-east-3,Shanghai 1,473
2025-12-14 04:39:30,cloudping Huawei,cn-south-1,Guangzhou,493
2025-12-14 04:39:30,cloudping Huawei,cn-southwest-2,Guiyang 1,512
2025-12-14 04:39:30,cloudping Huawei,cn-north-9,Wulanchabu,535
2025-12-14 04:39:30,cloudping Huawei,cn-north-1,Beijing 1,549
2025-12-14 04:39:30,cloudping Huawei,cn-north-4,Beijing 4,1147
2025-12-14 05:05:30,cloudping Huawei,na-mexico-1,"Mexico City 1, Mexico",144
2025-12-14 05:05:30,cloudping Huawei,la-north-2,"Mexico City 2, Mexico",154.5
2025-12-14 05:05:30,cloudping Huawei,sa-brazil-1,"Sao Paulo, Brazil",224
2025-12-14 05:05:30,cloudping Huawei,ap-southeast-1,"Hong Kong, China",225.5
2025-12-14 05:05:30,cloudping Huawei,af-south-1,"Johannesburg, South Africa",246
2025-12-14 05:05:30,cloudping Huawei,ap-southeast-2,"Bangkok, Thailand",250
2025-12-14 05:05:30,cloudping Huawei,ap-southeast-3,Singapore,255.5
2025-12-14 05:05:30,cloudping Huawei,la-south-2,"Santiago, Chile",536.5
2025-12-14 05:05:30,cloudping Huawei,na-mexico-1,"Mexico City 1, Mexico",144
2025-12-14 05:05:30,cloudping Huawei,la-north-2,"Mexico City 2, Mexico",154.5
2025-12-14 05:05:30,cloudping Huawei,sa-brazil-1,"Sao Paulo, Brazil",224
2025-12-14 05:05:30,cloudping Huawei,ap-southeast-1,"Hong Kong, China",225.5
2025-12-14 05:05:30,cloudping Huawei,af-south-1,"Johannesburg, South Africa",246
2025-12-14 05:05:30,cloudping Huawei,ap-southeast-2,"Bangkok, Thailand",250
2025-12-14 05:05:30,cloudping Huawei,ap-southeast-3,Singapore,255.5
2025-12-14 05:05:30,cloudping Huawei,la-south-2,"Santiago, Chile",536.5
2025-12-14 05:05:30,cloudping Huawei,cn-east-2,Shanghai 2,209
2025-12-14 05:05:30,cloudping Huawei,cn-north-1,Beijing 1,230.5
2025-12-14 05:05:30,cloudping Huawei,cn-east-3,Shanghai 1,245
2025-12-14 05:05:30,cloudping Huawei,cn-south-1,Guangzhou,247.5
2025-12-14 05:05:30,cloudping Huawei,cn-north-4,Beijing 4,273.5
2025-12-14 05:05:30,cloudping Huawei,cn-north-9,Wulanchabu,279.5
2025-12-14 05:05:30,cloudping Huawei,cn-southwest-2,Guiyang 1,594.5
2025-12-14 05:31:31,cloudping Huawei,na-mexico-1,"Mexico City 1, Mexico",156.5
2025-12-14 05:31:31,cloudping Huawei,la-north-2,"Mexico City 2, Mexico",160.5
2025-12-14 05:31:31,cloudping Huawei,ap-southeast-3,Singapore,188
2025-12-14 05:31:31,cloudping Huawei,sa-brazil-1,"Sao Paulo, Brazil",222.5
2025-12-14 05:31:31,cloudping Huawei,ap-southeast-1,"Hong Kong, China",231
2025-12-14 05:31:31,cloudping Huawei,la-south-2,"Santiago, Chile",242
2025-12-14 05:31:31,cloudping Huawei,ap-southeast-2,"Bangkok, Thailand",245
2025-12-14 05:31:31,cloudping Huawei,af-south-1,"Johannesburg, South Africa",271.5
2025-12-14 05:31:31,cloudping Huawei,na-mexico-1,"Mexico City 1, Mexico",156.5
2025-12-14 05:31:31,cloudping Huawei,la-north-2,"Mexico City 2, Mexico",160.5
2025-12-14 05:31:31,cloudping Huawei,ap-southeast-3,Singapore,188
2025-12-14 05:31:31,cloudping Huawei,sa-brazil-1,"Sao Paulo, Brazil",222.5
2025-12-14 05:31:31,cloudping Huawei,ap-southeast-1,"Hong Kong, China",231
2025-12-14 05:31:31,cloudping Huawei,la-south-2,"Santiago, Chile",242
2025-12-14 05:31:31,cloudping Huawei,ap-southeast-2,"Bangkok, Thailand",245
2025-12-14 05:31:31,cloudping Huawei,af-south-1,"Johannesburg, South Africa",271.5
2025-12-14 05:31:31,cloudping Huawei,cn-east-2,Shanghai 2,219
2025-12-14 05:31:31,cloudping Huawei,cn-north-1,Beijing 1,395.5
2025-12-14 05:31:31,cloudping Huawei,cn-south-1,Guangzhou,458
2025-12-14 05:31:31,cloudping Huawei,cn-north-4,Beijing 4,520
2025-12-14 05:31:31,cloudping Huawei,cn-north-9,Wulanchabu,551
2025-12-14 05:31:31,cloudping Huawei,cn-east-3,Shanghai 1,675.5
2025-12-14 05:31:31,cloudping Huawei,cn-southwest-2,Guiyang 1,960
2025-12-14 05:57:31,cloudping Huawei,la-north-2,"Mexico City 2, Mexico",150
2025-12-14 05:57:31,cloudping Huawei,na-mexico-1,"Mexico City 1, Mexico",162.5
2025-12-14 05:57:31,cloudping Huawei,ap-southeast-3,Singapore,194
2025-12-14 05:57:31,cloudping Huawei,ap-southeast-1,"Hong Kong, China",224.5
2025-12-14 05:57:31,cloudping Huawei,sa-brazil-1,"Sao Paulo, Brazil",229.5
2025-12-14 05:57:31,cloudping Huawei,la-south-2,"Santiago, Chile",235
2025-12-14 05:57:31,cloudping Huawei,ap-southeast-2,"Bangkok, Thailand",237.5
2025-12-14 05:57:31,cloudping Huawei,af-south-1,"Johannesburg, South Africa",262.5
2025-12-14 05:57:31,cloudping Huawei,la-north-2,"Mexico City 2, Mexico",150
2025-12-14 05:57:31,cloudping Huawei,na-mexico-1,"Mexico City 1, Mexico",162.5
2025-12-14 05:57:31,cloudping Huawei,ap-southeast-3,Singapore,194
2025-12-14 05:57:31,cloudping Huawei,ap-southeast-1,"Hong Kong, China",224.5
2025-12-14 05:57:31,cloudping Huawei,sa-brazil-1,"Sao Paulo, Brazil",229.5
2025-12-14 05:57:31,cloudping Huawei,la-south-2,"Santiago, Chile",235
2025-12-14 05:57:31,cloudping Huawei,ap-southeast-2,"Bangkok, Thailand",237.5
2025-12-14 05:57:31,cloudping Huawei,af-south-1,"Johannesburg, South Africa",262.5
2025-12-14 05:57:31,cloudping Huawei,cn-east-2,Shanghai 2,229
2025-12-14 05:57:31,cloudping Huawei,cn-east-3,Shanghai 1,229.5
2025-12-14 05:57:31,cloudping Huawei,cn-north-9,Wulanchabu,531
2025-12-14 05:57:31,cloudping Huawei,cn-north-1,Beijing 1,721
2025-12-14 05:57:31,cloudping Huawei,cn-southwest-2,Guiyang 1,971.5
2025-12-14 05:57:31,cloudping Huawei,cn-south-1,Guangzhou,1050.5
2025-12-14 05:57:31,cloudping Huawei,cn-north-4,Beijing 4,1141
2025-12-14 06:23:31,cloudping Huawei,na-mexico-1,"Mexico City 1, Mexico",147.5
2025-12-14 06:23:31,cloudping Huawei,la-north-2,"Mexico City 2, Mexico",162.5
2025-12-14 06:23:31,cloudping Huawei,ap-southeast-1,"Hong Kong, China",224.5
2025-12-14 06:23:31,cloudping Huawei,af-south-1,"Johannesburg, South Africa",228
2025-12-14 06:23:31,cloudping Huawei,sa-brazil-1,"Sao Paulo, Brazil",233
2025-12-14 06:23:31,cloudping Huawei,la-south-2,"Santiago, Chile",239
2025-12-14 06:23:31,cloudping Huawei,ap-southeast-3,Singapore,290
2025-12-14 06:23:31,cloudping Huawei,ap-southeast-2,"Bangkok, Thailand",325.5
2025-12-14 06:23:31,cloudping Huawei,na-mexico-1,"Mexico City 1, Mexico",147.5
2025-12-14 06:23:31,cloudping Huawei,la-north-2,"Mexico City 2, Mexico",162.5
2025-12-14 06:23:31,cloudping Huawei,ap-southeast-1,"Hong Kong, China",224.5
2025-12-14 06:23:31,cloudping Huawei,af-south-1,"Johannesburg, South Africa",228
2025-12-14 06:23:31,cloudping Huawei,sa-brazil-1,"Sao Paulo, Brazil",233
2025-12-14 06:23:31,cloudping Huawei,la-south-2,"Santiago, Chile",239
2025-12-14 06:23:31,cloudping Huawei,ap-southeast-3,Singapore,290
2025-12-14 06:23:31,cloudping Huawei,ap-southeast-2,"Bangkok, Thailand",325.5
2025-12-14 06:23:31,cloudping Huawei,cn-east-3,Shanghai 1,224.5
2025-12-14 06:23:31,cloudping Huawei,cn-east-2,Shanghai 2,239.5
2025-12-14 06:23:31,cloudping Huawei,cn-north-4,Beijing 4,265.5
2025-12-14 06:23:31,cloudping Huawei,cn-north-1,Beijing 1,286.5
2025-12-14 06:23:31,cloudping Huawei,cn-north-9,Wulanchabu,302.5
2025-12-14 06:23:31,cloudping Huawei,cn-southwest-2,Guiyang 1,418
2025-12-14 06:23:31,cloudping Huawei,cn-south-1,Guangzhou,924
2025-12-14 06:49:33,cloudping Huawei,na-mexico-1,"Mexico City 1, Mexico",151
2025-12-14 06:49:33,cloudping Huawei,la-north-2,"Mexico City 2, Mexico",153.5
2025-12-14 06:49:33,cloudping Huawei,ap-southeast-3,Singapore,187
2025-12-14 06:49:33,cloudping Huawei,ap-southeast-1,"Hong Kong, China",216.5
2025-12-14 06:49:33,cloudping Huawei,sa-brazil-1,"Sao Paulo, Brazil",228
2025-12-14 06:49:33,cloudping Huawei,ap-southeast-2,"Bangkok, Thailand",245.5
2025-12-14 06:49:33,cloudping Huawei,la-south-2,"Santiago, Chile",262.5
2025-12-14 06:49:33,cloudping Huawei,af-south-1,"Johannesburg, South Africa",311.5
2025-12-14 06:49:33,cloudping Huawei,na-mexico-1,"Mexico City 1, Mexico",151
2025-12-14 06:49:33,cloudping Huawei,la-north-2,"Mexico City 2, Mexico",153.5
2025-12-14 06:49:33,cloudping Huawei,ap-southeast-3,Singapore,187
2025-12-14 06:49:33,cloudping Huawei,ap-southeast-1,"Hong Kong, China",216.5
2025-12-14 06:49:33,cloudping Huawei,sa-brazil-1,"Sao Paulo, Brazil",228
2025-12-14 06:49:33,cloudping Huawei,ap-southeast-2,"Bangkok, Thailand",245.5
2025-12-14 06:49:33,cloudping Huawei,la-south-2,"Santiago, Chile",262.5
2025-12-14 06:49:33,cloudping Huawei,af-south-1,"Johannesburg, South Africa",311.5
2025-12-14 06:49:33,cloudping Huawei,cn-east-2,Shanghai 2,417.5
2025-12-14 06:49:33,cloudping Huawei,cn-north-4,Beijing 4,461
2025-12-14 06:49:33,cloudping Huawei,cn-southwest-2,Guiyang 1,494.5
2025-12-14 06:49:33,cloudping Huawei,cn-north-9,Wulanchabu,503
2025-12-14 06:49:33,cloudping Huawei,cn-north-1,Beijing 1,550
2025-12-14 06:49:33,cloudping Huawei,cn-east-3,Shanghai 1,861
2025-12-14 06:49:33,cloudping Huawei,cn-south-1,Guangzhou,1212
2025-12-14 07:15:32,cloudping Huawei,la-north-2,"Mexico City 2, Mexico",152
2025-12-14 07:15:32,cloudping Huawei,na-mexico-1,"Mexico City 1, Mexico",200
2025-12-14 07:15:32,cloudping Huawei,ap-southeast-3,Singapore,205.5
2025-12-14 07:15:32,cloudping Huawei,sa-brazil-1,"Sao Paulo, Brazil",222.5
2025-12-14 07:15:32,cloudping Huawei,ap-southeast-1,"Hong Kong, China",227.5
2025-12-14 07:15:32,cloudping Huawei,ap-southeast-2,"Bangkok, Thailand",228
2025-12-14 07:15:32,cloudping Huawei,la-south-2,"Santiago, Chile",262.5
2025-12-14 07:15:32,cloudping Huawei,af-south-1,"Johannesburg, South Africa",285
2025-12-14 07:15:32,cloudping Huawei,la-north-2,"Mexico City 2, Mexico",152
2025-12-14 07:15:32,cloudping Huawei,na-mexico-1,"Mexico City 1, Mexico",200
2025-12-14 07:15:32,cloudping Huawei,ap-southeast-3,Singapore,205.5
2025-12-14 07:15:32,cloudping Huawei,sa-brazil-1,"Sao Paulo, Brazil",222.5
2025-12-14 07:15:32,cloudping Huawei,ap-southeast-1,"Hong Kong, China",227.5
2025-12-14 07:15:32,cloudping Huawei,ap-southeast-2,"Bangkok, Thailand",228
2025-12-14 07:15:32,cloudping Huawei,la-south-2,"Santiago, Chile",262.5
2025-12-14 07:15:32,cloudping Huawei,af-south-1,"Johannesburg, South Africa",285
2025-12-14 07:15:32,cloudping Huawei,cn-east-2,Shanghai 2,210
2025-12-14 07:15:32,cloudping Huawei,cn-north-1,Beijing 1,230
2025-12-14 07:15:32,cloudping Huawei,cn-north-4,Beijing 4,230.5
2025-12-14 07:15:32,cloudping Huawei,cn-south-1,Guangzhou,237.5
2025-12-14 07:15:32,cloudping Huawei,cn-north-9,Wulanchabu,273
2025-12-14 07:15:32,cloudping Huawei,cn-east-3,Shanghai 1,274
2025-12-14 07:15:32,cloudping Huawei,cn-southwest-2,Guiyang 1,320
2025-12-14 07:41:33,cloudping Huawei,la-north-2,"Mexico City 2, Mexico",143.5
2025-12-14 07:41:33,cloudping Huawei,na-mexico-1,"Mexico City 1, Mexico",173.5
2025-12-14 07:41:33,cloudping Huawei,ap-southeast-3,Singapore,186.5
2025-12-14 07:41:33,cloudping Huawei,ap-southeast-1,"Hong Kong, China",234
2025-12-14 07:41:33,cloudping Huawei,ap-southeast-2,"Bangkok, Thailand",239.5
2025-12-14 07:41:33,cloudping Huawei,af-south-1,"Johannesburg, South Africa",241.5
2025-12-14 07:41:33,cloudping Huawei,sa-brazil-1,"Sao Paulo, Brazil",243
2025-12-14 07:41:33,cloudping Huawei,la-south-2,"Santiago, Chile",264.5
2025-12-14 07:41:33,cloudping Huawei,la-north-2,"Mexico City 2, Mexico",143.5
2025-12-14 07:41:33,cloudping Huawei,na-mexico-1,"Mexico City 1, Mexico",173.5
2025-12-14 07:41:33,cloudping Huawei,ap-southeast-3,Singapore,186.5
2025-12-14 07:41:33,cloudping Huawei,ap-southeast-1,"Hong Kong, China",234
2025-12-14 07:41:33,cloudping Huawei,ap-southeast-2,"Bangkok, Thailand",239.5
2025-12-14 07:41:33,cloudping Huawei,af-south-1,"Johannesburg, South Africa",241.5
2025-12-14 07:41:33,cloudping Huawei,sa-brazil-1,"Sao Paulo, Brazil",243
2025-12-14 07:41:33,cloudping Huawei,la-south-2,"Santiago, Chile",264.5
2025-12-14 07:41:33,cloudping Huawei,cn-east-2,Shanghai 2,219
2025-12-14 07:41:33,cloudping Huawei,cn-southwest-2,Guiyang 1,252.5
2025-12-14 07:41:33,cloudping Huawei,cn-north-1,Beijing 1,410.5
2025-12-14 07:41:33,cloudping Huawei,cn-north-9,Wulanchabu,484
2025-12-14 07:41:33,cloudping Huawei,cn-north-4,Beijing 4,540
2025-12-14 07:41:33,cloudping Huawei,cn-east-3,Shanghai 1,565
2025-12-14 07:41:33,cloudping Huawei,cn-south-1,Guangzhou,654.5
2025-12-14 08:07:33,cloudping Huawei,na-mexico-1,"Mexico City 1, Mexico",146.5
2025-12-14 08:07:33,cloudping Huawei,la-north-2,"Mexico City 2, Mexico",159
2025-12-14 08:07:33,cloudping Huawei,ap-southeast-3,Singapore,190.5
2025-12-14 08:07:33,cloudping Huawei,ap-southeast-1,"Hong Kong, China",212.5
2025-12-14 08:07:33,cloudping Huawei,sa-brazil-1,"Sao Paulo, Brazil",226.5
2025-12-14 08:07:33,cloudping Huawei,la-south-2,"Santiago, Chile",235
2025-12-14 08:07:33,cloudping Huawei,ap-southeast-2,"Bangkok, Thailand",238.5
2025-12-14 08:07:33,cloudping Huawei,af-south-1,"Johannesburg, South Africa",418
2025-12-14 08:07:33,cloudping Huawei,na-mexico-1,"Mexico City 1, Mexico",146.5
2025-12-14 08:07:33,cloudping Huawei,la-north-2,"Mexico City 2, Mexico",159
2025-12-14 08:07:33,cloudping Huawei,ap-southeast-3,Singapore,190.5
2025-12-14 08:07:33,cloudping Huawei,ap-southeast-1,"Hong Kong, China",212.5
2025-12-14 08:07:33,cloudping Huawei,sa-brazil-1,"Sao Paulo, Brazil",226.5
2025-12-14 08:07:33,cloudping Huawei,la-south-2,"Santiago, Chile",235
2025-12-14 08:07:33,cloudping Huawei,ap-southeast-2,"Bangkok, Thailand",238.5
2025-12-14 08:07:33,cloudping Huawei,af-south-1,"Johannesburg, South Africa",418
2025-12-14 08:07:33,cloudping Huawei,cn-east-2,Shanghai 2,200
2025-12-14 08:07:33,cloudping Huawei,cn-east-3,Shanghai 1,212.5
2025-12-14 08:07:33,cloudping Huawei,cn-north-1,Beijing 1,461
2025-12-14 08:07:33,cloudping Huawei,cn-southwest-2,Guiyang 1,490
2025-12-14 08:07:33,cloudping Huawei,cn-north-4,Beijing 4,518
2025-12-14 08:07:33,cloudping Huawei,cn-north-9,Wulanchabu,549
2025-12-14 08:07:33,cloudping Huawei,cn-south-1,Guangzhou,1090
2025-12-14 08:33:33,cloudping Huawei,na-mexico-1,"Mexico City 1, Mexico",145.5
2025-12-14 08:33:33,cloudping Huawei,la-north-2,"Mexico City 2, Mexico",148
2025-12-14 08:33:33,cloudping Huawei,ap-southeast-3,Singapore,189
2025-12-14 08:33:33,cloudping Huawei,ap-southeast-1,"Hong Kong, China",217.5
2025-12-14 08:33:33,cloudping Huawei,sa-brazil-1,"Sao Paulo, Brazil",225.5
2025-12-14 08:33:33,cloudping Huawei,af-south-1,"Johannesburg, South Africa",231
2025-12-14 08:33:33,cloudping Huawei,la-south-2,"Santiago, Chile",233.5
2025-12-14 08:33:33,cloudping Huawei,ap-southeast-2,"Bangkok, Thailand",252
2025-12-14 08:33:33,cloudping Huawei,na-mexico-1,"Mexico City 1, Mexico",145.5
2025-12-14 08:33:33,cloudping Huawei,la-north-2,"Mexico City 2, Mexico",148
2025-12-14 08:33:33,cloudping Huawei,ap-southeast-3,Singapore,189
2025-12-14 08:33:33,cloudping Huawei,ap-southeast-1,"Hong Kong, China",217.5
2025-12-14 08:33:33,cloudping Huawei,sa-brazil-1,"Sao Paulo, Brazil",225.5
2025-12-14 08:33:33,cloudping Huawei,af-south-1,"Johannesburg, South Africa",231
2025-12-14 08:33:33,cloudping Huawei,la-south-2,"Santiago, Chile",233.5
2025-12-14 08:33:33,cloudping Huawei,ap-southeast-2,"Bangkok, Thailand",252
2025-12-14 08:33:33,cloudping Huawei,cn-east-2,Shanghai 2,229.5
2025-12-14 08:33:33,cloudping Huawei,cn-south-1,Guangzhou,238.5
2025-12-14 08:33:33,cloudping Huawei,cn-east-3,Shanghai 1,239.5
2025-12-14 08:33:33,cloudping Huawei,cn-southwest-2,Guiyang 1,268
2025-12-14 08:33:33,cloudping Huawei,cn-north-1,Beijing 1,289
2025-12-14 08:33:33,cloudping Huawei,cn-north-4,Beijing 4,644.5
2025-12-14 08:33:33,cloudping Huawei,cn-north-9,Wulanchabu,1033
2025-12-14 08:59:33,cloudping Huawei,la-north-2,"Mexico City 2, Mexico",148.5
2025-12-14 08:59:33,cloudping Huawei,ap-southeast-3,Singapore,194
2025-12-14 08:59:33,cloudping Huawei,na-mexico-1,"Mexico City 1, Mexico",210.5
2025-12-14 08:59:33,cloudping Huawei,ap-southeast-1,"Hong Kong, China",217
2025-12-14 08:59:33,cloudping Huawei,sa-brazil-1,"Sao Paulo, Brazil",232
2025-12-14 08:59:33,cloudping Huawei,ap-southeast-2,"Bangkok, Thailand",234
2025-12-14 08:59:33,cloudping Huawei,la-south-2,"Santiago, Chile",237
2025-12-14 08:59:33,cloudping Huawei,af-south-1,"Johannesburg, South Africa",266.5
2025-12-14 08:59:33,cloudping Huawei,la-north-2,"Mexico City 2, Mexico",148.5
2025-12-14 08:59:33,cloudping Huawei,ap-southeast-3,Singapore,194
2025-12-14 08:59:33,cloudping Huawei,na-mexico-1,"Mexico City 1, Mexico",210.5
2025-12-14 08:59:33,cloudping Huawei,ap-southeast-1,"Hong Kong, China",217
2025-12-14 08:59:33,cloudping Huawei,sa-brazil-1,"Sao Paulo, Brazil",232
2025-12-14 08:59:33,cloudping Huawei,ap-southeast-2,"Bangkok, Thailand",234
2025-12-14 08:59:33,cloudping Huawei,la-south-2,"Santiago, Chile",237
2025-12-14 08:59:33,cloudping Huawei,af-south-1,"Johannesburg, South Africa",266.5
2025-12-14 08:59:33,cloudping Huawei,cn-east-2,Shanghai 2,217
2025-12-14 08:59:33,cloudping Huawei,cn-east-3,Shanghai 1,220
2025-12-14 08:59:33,cloudping Huawei,cn-north-9,Wulanchabu,235.5
2025-12-14 08:59:33,cloudping Huawei,cn-south-1,Guangzhou,249.5
2025-12-14 08:59:33,cloudping Huawei,cn-southwest-2,Guiyang 1,269.5
2025-12-14 08:59:33,cloudping Huawei,cn-north-4,Beijing 4,339.5
2025-12-14 08:59:33,cloudping Huawei,cn-north-1,Beijing 1,580
2025-12-14 09:25:34,cloudping Huawei,na-mexico-1,"Mexico City 1, Mexico",147.5
2025-12-14 09:25:34,cloudping Huawei,la-north-2,"Mexico City 2, Mexico",157
2025-12-14 09:25:34,cloudping Huawei,ap-southeast-3,Singapore,188.5
2025-12-14 09:25:34,cloudping Huawei,ap-southeast-1,"Hong Kong, China",227.5
2025-12-14 09:25:34,cloudping Huawei,sa-brazil-1,"Sao Paulo, Brazil",232
2025-12-14 09:25:34,cloudping Huawei,la-south-2,"Santiago, Chile",251
2025-12-14 09:25:34,cloudping Huawei,ap-southeast-2,"Bangkok, Thailand",251.5
2025-12-14 09:25:34,cloudping Huawei,af-south-1,"Johannesburg, South Africa",323.5
2025-12-14 09:25:34,cloudping Huawei,na-mexico-1,"Mexico City 1, Mexico",147.5
2025-12-14 09:25:34,cloudping Huawei,la-north-2,"Mexico City 2, Mexico",157
2025-12-14 09:25:34,cloudping Huawei,ap-southeast-3,Singapore,188.5
2025-12-14 09:25:34,cloudping Huawei,ap-southeast-1,"Hong Kong, China",227.5
2025-12-14 09:25:34,cloudping Huawei,sa-brazil-1,"Sao Paulo, Brazil",232
2025-12-14 09:25:34,cloudping Huawei,la-south-2,"Santiago, Chile",251
2025-12-14 09:25:34,cloudping Huawei,ap-southeast-2,"Bangkok, Thailand",251.5
2025-12-14 09:25:34,cloudping Huawei,af-south-1,"Johannesburg, South Africa",323.5
2025-12-14 09:25:34,cloudping Huawei,cn-east-2,Shanghai 2,218
2025-12-14 09:25:34,cloudping Huawei,cn-east-3,Shanghai 1,220
2025-12-14 09:25:34,cloudping Huawei,cn-north-1,Beijing 1,237.5
2025-12-14 09:25:34,cloudping Huawei,cn-south-1,Guangzhou,240.5
2025-12-14 09:25:34,cloudping Huawei,cn-north-4,Beijing 4,267
2025-12-14 09:25:34,cloudping Huawei,cn-southwest-2,Guiyang 1,273
2025-12-14 09:25:34,cloudping Huawei,cn-north-9,Wulanchabu,649
2025-12-14 09:51:34,cloudping Huawei,la-north-2,"Mexico City 2, Mexico",146
2025-12-14 09:51:34,cloudping Huawei,ap-southeast-3,Singapore,192.5
2025-12-14 09:51:34,cloudping Huawei,ap-southeast-1,"Hong Kong, China",213.5
2025-12-14 09:51:34,cloudping Huawei,ap-southeast-2,"Bangkok, Thailand",238
2025-12-14 09:51:34,cloudping Huawei,af-south-1,"Johannesburg, South Africa",240
2025-12-14 09:51:34,cloudping Huawei,sa-brazil-1,"Sao Paulo, Brazil",246.5
2025-12-14 09:51:34,cloudping Huawei,na-mexico-1,"Mexico City 1, Mexico",267.5
2025-12-14 09:51:34,cloudping Huawei,la-south-2,"Santiago, Chile",277
2025-12-14 09:51:34,cloudping Huawei,la-north-2,"Mexico City 2, Mexico",146
2025-12-14 09:51:34,cloudping Huawei,ap-southeast-3,Singapore,192.5
2025-12-14 09:51:34,cloudping Huawei,ap-southeast-1,"Hong Kong, China",213.5
2025-12-14 09:51:34,cloudping Huawei,ap-southeast-2,"Bangkok, Thailand",238
2025-12-14 09:51:34,cloudping Huawei,af-south-1,"Johannesburg, South Africa",240
2025-12-14 09:51:34,cloudping Huawei,sa-brazil-1,"Sao Paulo, Brazil",246.5
2025-12-14 09:51:34,cloudping Huawei,na-mexico-1,"Mexico City 1, Mexico",267.5
2025-12-14 09:51:34,cloudping Huawei,la-south-2,"Santiago, Chile",277
2025-12-14 09:51:34,cloudping Huawei,cn-north-1,Beijing 1,238
2025-12-14 09:51:34,cloudping Huawei,cn-east-2,Shanghai 2,245
2025-12-14 09:51:34,cloudping Huawei,cn-south-1,Guangzhou,253
2025-12-14 09:51:34,cloudping Huawei,cn-southwest-2,Guiyang 1,264
2025-12-14 09:51:34,cloudping Huawei,cn-north-4,Beijing 4,272.5
2025-12-14 09:51:34,cloudping Huawei,cn-north-9,Wulanchabu,274.5
2025-12-14 09:51:34,cloudping Huawei,cn-east-3,Shanghai 1,616.5
2025-12-14 10:17:34,cloudping Huawei,na-mexico-1,"Mexico City 1, Mexico",146
2025-12-14 10:17:34,cloudping Huawei,la-north-2,"Mexico City 2, Mexico",156.5
2025-12-14 10:17:34,cloudping Huawei,ap-southeast-3,Singapore,195
2025-12-14 10:17:34,cloudping Huawei,ap-southeast-1,"Hong Kong, China",214
2025-12-14 10:17:34,cloudping Huawei,ap-southeast-2,"Bangkok, Thailand",237
2025-12-14 10:17:34,cloudping Huawei,sa-brazil-1,"Sao Paulo, Brazil",240
2025-12-14 10:17:34,cloudping Huawei,af-south-1,"Johannesburg, South Africa",248
2025-12-14 10:17:34,cloudping Huawei,la-south-2,"Santiago, Chile",249
2025-12-14 10:17:34,cloudping Huawei,na-mexico-1,"Mexico City 1, Mexico",146
2025-12-14 10:17:34,cloudping Huawei,la-north-2,"Mexico City 2, Mexico",156.5
2025-12-14 10:17:34,cloudping Huawei,ap-southeast-3,Singapore,195
2025-12-14 10:17:34,cloudping Huawei,ap-southeast-1,"Hong Kong, China",214
2025-12-14 10:17:34,cloudping Huawei,ap-southeast-2,"Bangkok, Thailand",237
2025-12-14 10:17:34,cloudping Huawei,sa-brazil-1,"Sao Paulo, Brazil",240
2025-12-14 10:17:34,cloudping Huawei,af-south-1,"Johannesburg, South Africa",248
2025-12-14 10:17:34,cloudping Huawei,la-south-2,"Santiago, Chile",249
2025-12-14 10:17:34,cloudping Huawei,cn-southwest-2,Guiyang 1,267.5
2025-12-14 10:17:34,cloudping Huawei,cn-north-1,Beijing 1,292
2025-12-14 10:17:34,cloudping Huawei,cn-east-2,Shanghai 2,545
2025-12-14 10:17:34,cloudping Huawei,cn-east-3,Shanghai 1,548.5
2025-12-14 10:17:34,cloudping Huawei,cn-south-1,Guangzhou,635
2025-12-14 10:17:34,cloudping Huawei,cn-north-9,Wulanchabu,683
2025-12-14 10:17:34,cloudping Huawei,cn-north-4,Beijing 4,1699
2025-12-14 10:43:36,cloudping Huawei,na-mexico-1,"Mexico City 1, Mexico",146.5
2025-12-14 10:43:36,cloudping Huawei,la-north-2,"Mexico City 2, Mexico",154
2025-12-14 10:43:36,cloudping Huawei,ap-southeast-3,Singapore,194
2025-12-14 10:43:36,cloudping Huawei,ap-southeast-1,"Hong Kong, China",214.5
2025-12-14 10:43:36,cloudping Huawei,sa-brazil-1,"Sao Paulo, Brazil",225
2025-12-14 10:43:36,cloudping Huawei,la-south-2,"Santiago, Chile",233.5
2025-12-14 10:43:36,cloudping Huawei,ap-southeast-2,"Bangkok, Thailand",244.5
2025-12-14 10:43:36,cloudping Huawei,af-south-1,"Johannesburg, South Africa",265
2025-12-14 10:43:36,cloudping Huawei,na-mexico-1,"Mexico City 1, Mexico",146.5
2025-12-14 10:43:36,cloudping Huawei,la-north-2,"Mexico City 2, Mexico",154
2025-12-14 10:43:36,cloudping Huawei,ap-southeast-3,Singapore,194
2025-12-14 10:43:36,cloudping Huawei,ap-southeast-1,"Hong Kong, China",214.5
2025-12-14 10:43:36,cloudping Huawei,sa-brazil-1,"Sao Paulo, Brazil",225
2025-12-14 10:43:36,cloudping Huawei,la-south-2,"Santiago, Chile",233.5
2025-12-14 10:43:36,cloudping Huawei,ap-southeast-2,"Bangkok, Thailand",244.5
2025-12-14 10:43:36,cloudping Huawei,af-south-1,"Johannesburg, South Africa",265
2025-12-14 10:43:36,cloudping Huawei,cn-south-1,Guangzhou,243
2025-12-14 10:43:36,cloudping Huawei,cn-southwest-2,Guiyang 1,262.5
2025-12-14 10:43:36,cloudping Huawei,cn-north-1,Beijing 1,538
2025-12-14 10:43:36,cloudping Huawei,cn-north-9,Wulanchabu,557
2025-12-14 10:43:36,cloudping Huawei,cn-east-3,Shanghai 1,579
2025-12-14 10:43:36,cloudping Huawei,cn-north-4,Beijing 4,681
2025-12-14 10:43:36,cloudping Huawei,cn-east-2,Shanghai 2,907
2025-12-14 11:09:37,cloudping Huawei,na-mexico-1,"Mexico City 1, Mexico",144.5
2025-12-14 11:09:37,cloudping Huawei,la-north-2,"Mexico City 2, Mexico",149
2025-12-14 11:09:37,cloudping Huawei,ap-southeast-3,Singapore,187
2025-12-14 11:09:37,cloudping Huawei,sa-brazil-1,"Sao Paulo, Brazil",224.5
2025-12-14 11:09:37,cloudping Huawei,ap-southeast-1,"Hong Kong, China",225.5
2025-12-14 11:09:37,cloudping Huawei,la-south-2,"Santiago, Chile",237.5
2025-12-14 11:09:37,cloudping Huawei,ap-southeast-2,"Bangkok, Thailand",239
2025-12-14 11:09:37,cloudping Huawei,af-south-1,"Johannesburg, South Africa",340
2025-12-14 11:09:37,cloudping Huawei,na-mexico-1,"Mexico City 1, Mexico",144.5
2025-12-14 11:09:37,cloudping Huawei,la-north-2,"Mexico City 2, Mexico",149
2025-12-14 11:09:37,cloudping Huawei,ap-southeast-3,Singapore,187
2025-12-14 11:09:37,cloudping Huawei,sa-brazil-1,"Sao Paulo, Brazil",224.5
2025-12-14 11:09:37,cloudping Huawei,ap-southeast-1,"Hong Kong, China",225.5
2025-12-14 11:09:37,cloudping Huawei,la-south-2,"Santiago, Chile",237.5
2025-12-14 11:09:37,cloudping Huawei,ap-southeast-2,"Bangkok, Thailand",239
2025-12-14 11:09:37,cloudping Huawei,af-south-1,"Johannesburg, South Africa",340
2025-12-14 11:09:37,cloudping Huawei,cn-north-1,Beijing 1,213.5
2025-12-14 11:09:37,cloudping Huawei,cn-east-2,Shanghai 2,221
2025-12-14 11:09:37,cloudping Huawei,cn-south-1,Guangzhou,239
2025-12-14 11:09:37,cloudping Huawei,cn-north-9,Wulanchabu,288.5
2025-12-14 11:09:37,cloudping Huawei,cn-southwest-2,Guiyang 1,466
2025-12-14 11:09:37,cloudping Huawei,cn-east-3,Shanghai 1,537
2025-12-14 11:09:37,cloudping Huawei,cn-north-4,Beijing 4,638.5
2025-12-14 11:35:35,cloudping Huawei,na-mexico-1,"Mexico City 1, Mexico",146
2025-12-14 11:35:35,cloudping Huawei,la-north-2,"Mexico City 2, Mexico",152
2025-12-14 11:35:35,cloudping Huawei,ap-southeast-3,Singapore,187.5
2025-12-14 11:35:35,cloudping Huawei,ap-southeast-1,"Hong Kong, China",215
2025-12-14 11:35:35,cloudping Huawei,sa-brazil-1,"Sao Paulo, Brazil",224.5
2025-12-14 11:35:35,cloudping Huawei,la-south-2,"Santiago, Chile",243.5
2025-12-14 11:35:35,cloudping Huawei,af-south-1,"Johannesburg, South Africa",246.5
2025-12-14 11:35:35,cloudping Huawei,ap-southeast-2,"Bangkok, Thailand",250.5
2025-12-14 11:35:35,cloudping Huawei,na-mexico-1,"Mexico City 1, Mexico",146
2025-12-14 11:35:35,cloudping Huawei,la-north-2,"Mexico City 2, Mexico",152
2025-12-14 11:35:35,cloudping Huawei,ap-southeast-3,Singapore,187.5
2025-12-14 11:35:35,cloudping Huawei,ap-southeast-1,"Hong Kong, China",215
2025-12-14 11:35:35,cloudping Huawei,sa-brazil-1,"Sao Paulo, Brazil",224.5
2025-12-14 11:35:35,cloudping Huawei,la-south-2,"Santiago, Chile",243.5
2025-12-14 11:35:35,cloudping Huawei,af-south-1,"Johannesburg, South Africa",246.5
2025-12-14 11:35:35,cloudping Huawei,ap-southeast-2,"Bangkok, Thailand",250.5
2025-12-14 11:35:35,cloudping Huawei,cn-east-2,Shanghai 2,224.5
2025-12-14 11:35:35,cloudping Huawei,cn-south-1,Guangzhou,233.5
2025-12-14 11:35:35,cloudping Huawei,cn-north-4,Beijing 4,240.5
2025-12-14 11:35:35,cloudping Huawei,cn-north-9,Wulanchabu,284.5
2025-12-14 11:35:35,cloudping Huawei,cn-north-1,Beijing 1,292.5
2025-12-14 11:35:35,cloudping Huawei,cn-east-3,Shanghai 1,539
2025-12-14 11:35:35,cloudping Huawei,cn-southwest-2,Guiyang 1,802
2025-12-14 12:01:36,cloudping Huawei,na-mexico-1,"Mexico City 1, Mexico",155.5
2025-12-14 12:01:36,cloudping Huawei,la-north-2,"Mexico City 2, Mexico",157
2025-12-14 12:01:36,cloudping Huawei,ap-southeast-3,Singapore,187.5
2025-12-14 12:01:36,cloudping Huawei,ap-southeast-1,"Hong Kong, China",212.5
2025-12-14 12:01:36,cloudping Huawei,sa-brazil-1,"Sao Paulo, Brazil",225
2025-12-14 12:01:36,cloudping Huawei,ap-southeast-2,"Bangkok, Thailand",229
2025-12-14 12:01:36,cloudping Huawei,af-south-1,"Johannesburg, South Africa",279.5
2025-12-14 12:01:36,cloudping Huawei,la-south-2,"Santiago, Chile",367.5
2025-12-14 12:01:36,cloudping Huawei,na-mexico-1,"Mexico City 1, Mexico",155.5
2025-12-14 12:01:36,cloudping Huawei,la-north-2,"Mexico City 2, Mexico",157
2025-12-14 12:01:36,cloudping Huawei,ap-southeast-3,Singapore,187.5
2025-12-14 12:01:36,cloudping Huawei,ap-southeast-1,"Hong Kong, China",212.5
2025-12-14 12:01:36,cloudping Huawei,sa-brazil-1,"Sao Paulo, Brazil",225
2025-12-14 12:01:36,cloudping Huawei,ap-southeast-2,"Bangkok, Thailand",229
2025-12-14 12:01:36,cloudping Huawei,af-south-1,"Johannesburg, South Africa",279.5
2025-12-14 12:01:36,cloudping Huawei,la-south-2,"Santiago, Chile",367.5
2025-12-14 12:01:36,cloudping Huawei,cn-east-2,Shanghai 2,236.5
2025-12-14 12:01:36,cloudping Huawei,cn-south-1,Guangzhou,240
2025-12-14 12:01:36,cloudping Huawei,cn-north-1,Beijing 1,251
2025-12-14 12:01:36,cloudping Huawei,cn-southwest-2,Guiyang 1,259.5
2025-12-14 12:01:36,cloudping Huawei,cn-north-4,Beijing 4,270.5
2025-12-14 12:01:36,cloudping Huawei,cn-north-9,Wulanchabu,278.5
2025-12-14 12:01:36,cloudping Huawei,cn-east-3,Shanghai 1,561.5
2025-12-14 12:27:35,cloudping Huawei,na-mexico-1,"Mexico City 1, Mexico",144.5
2025-12-14 12:27:35,cloudping Huawei,la-north-2,"Mexico City 2, Mexico",150.5
2025-12-14 12:27:35,cloudping Huawei,ap-southeast-3,Singapore,192
2025-12-14 12:27:35,cloudping Huawei,sa-brazil-1,"Sao Paulo, Brazil",220.5
2025-12-14 12:27:35,cloudping Huawei,ap-southeast-1,"Hong Kong, China",223
2025-12-14 12:27:35,cloudping Huawei,af-south-1,"Johannesburg, South Africa",227
2025-12-14 12:27:35,cloudping Huawei,ap-southeast-2,"Bangkok, Thailand",241
2025-12-14 12:27:35,cloudping Huawei,la-south-2,"Santiago, Chile",263
2025-12-14 12:27:35,cloudping Huawei,na-mexico-1,"Mexico City 1, Mexico",144.5
2025-12-14 12:27:35,cloudping Huawei,la-north-2,"Mexico City 2, Mexico",150.5
2025-12-14 12:27:35,cloudping Huawei,ap-southeast-3,Singapore,192
2025-12-14 12:27:35,cloudping Huawei,sa-brazil-1,"Sao Paulo, Brazil",220.5
2025-12-14 12:27:35,cloudping Huawei,ap-southeast-1,"Hong Kong, China",223
2025-12-14 12:27:35,cloudping Huawei,af-south-1,"Johannesburg, South Africa",227
2025-12-14 12:27:35,cloudping Huawei,ap-southeast-2,"Bangkok, Thailand",241
2025-12-14 12:27:35,cloudping Huawei,la-south-2,"Santiago, Chile",263
2025-12-14 12:27:35,cloudping Huawei,cn-east-2,Shanghai 2,219.5
2025-12-14 12:27:35,cloudping Huawei,cn-north-1,Beijing 1,238.5
2025-12-14 12:27:35,cloudping Huawei,cn-south-1,Guangzhou,241
2025-12-14 12:27:35,cloudping Huawei,cn-north-4,Beijing 4,258.5
2025-12-14 12:27:35,cloudping Huawei,cn-north-9,Wulanchabu,277
2025-12-14 12:27:35,cloudping Huawei,cn-southwest-2,Guiyang 1,287.5
2025-12-14 12:27:35,cloudping Huawei,cn-east-3,Shanghai 1,542.5
2025-12-14 12:53:36,cloudping Huawei,na-mexico-1,"Mexico City 1, Mexico",146.5
2025-12-14 12:53:36,cloudping Huawei,la-north-2,"Mexico City 2, Mexico",152.5
2025-12-14 12:53:36,cloudping Huawei,ap-southeast-3,Singapore,204
2025-12-14 12:53:36,cloudping Huawei,ap-southeast-1,"Hong Kong, China",212.5
2025-12-14 12:53:36,cloudping Huawei,sa-brazil-1,"Sao Paulo, Brazil",228.5
2025-12-14 12:53:36,cloudping Huawei,ap-southeast-2,"Bangkok, Thailand",229
2025-12-14 12:53:36,cloudping Huawei,af-south-1,"Johannesburg, South Africa",231.5
2025-12-14 12:53:36,cloudping Huawei,la-south-2,"Santiago, Chile",254
2025-12-14 12:53:36,cloudping Huawei,na-mexico-1,"Mexico City 1, Mexico",146.5
2025-12-14 12:53:36,cloudping Huawei,la-north-2,"Mexico City 2, Mexico",152.5
2025-12-14 12:53:36,cloudping Huawei,ap-southeast-3,Singapore,204
2025-12-14 12:53:36,cloudping Huawei,ap-southeast-1,"Hong Kong, China",212.5
2025-12-14 12:53:36,cloudping Huawei,sa-brazil-1,"Sao Paulo, Brazil",228.5
2025-12-14 12:53:36,cloudping Huawei,ap-southeast-2,"Bangkok, Thailand",229
2025-12-14 12:53:36,cloudping Huawei,af-south-1,"Johannesburg, South Africa",231.5
2025-12-14 12:53:36,cloudping Huawei,la-south-2,"Santiago, Chile",254
2025-12-14 12:53:36,cloudping Huawei,cn-south-1,Guangzhou,228.5
2025-12-14 12:53:36,cloudping Huawei,cn-north-1,Beijing 1,247.5
2025-12-14 12:53:36,cloudping Huawei,cn-north-4,Beijing 4,290
2025-12-14 12:53:36,cloudping Huawei,cn-north-9,Wulanchabu,301.5
2025-12-14 12:53:36,cloudping Huawei,cn-southwest-2,Guiyang 1,508
2025-12-14 12:53:36,cloudping Huawei,cn-east-2,Shanghai 2,928.5
2025-12-14 12:53:36,cloudping Huawei,cn-east-3,Shanghai 1,1544.5
2025-12-14 13:19:37,cloudping Huawei,na-mexico-1,"Mexico City 1, Mexico",144
2025-12-14 13:19:37,cloudping Huawei,la-north-2,"Mexico City 2, Mexico",151.5
2025-12-14 13:19:37,cloudping Huawei,ap-southeast-3,Singapore,186
2025-12-14 13:19:37,cloudping Huawei,ap-southeast-1,"Hong Kong, China",231
2025-12-14 13:19:37,cloudping Huawei,ap-southeast-2,"Bangkok, Thailand",238.5
2025-12-14 13:19:37,cloudping Huawei,sa-brazil-1,"Sao Paulo, Brazil",240
2025-12-14 13:19:37,cloudping Huawei,la-south-2,"Santiago, Chile",246
2025-12-14 13:19:37,cloudping Huawei,af-south-1,"Johannesburg, South Africa",259.5
2025-12-14 13:19:37,cloudping Huawei,na-mexico-1,"Mexico City 1, Mexico",144
2025-12-14 13:19:37,cloudping Huawei,la-north-2,"Mexico City 2, Mexico",151.5
2025-12-14 13:19:37,cloudping Huawei,ap-southeast-3,Singapore,186
2025-12-14 13:19:37,cloudping Huawei,ap-southeast-1,"Hong Kong, China",231
2025-12-14 13:19:37,cloudping Huawei,ap-southeast-2,"Bangkok, Thailand",238.5
2025-12-14 13:19:37,cloudping Huawei,sa-brazil-1,"Sao Paulo, Brazil",240
2025-12-14 13:19:37,cloudping Huawei,la-south-2,"Santiago, Chile",246
2025-12-14 13:19:37,cloudping Huawei,af-south-1,"Johannesburg, South Africa",259.5
2025-12-14 13:19:37,cloudping Huawei,cn-south-1,Guangzhou,233.5
2025-12-14 13:19:37,cloudping Huawei,cn-north-9,Wulanchabu,242.5
2025-12-14 13:19:37,cloudping Huawei,cn-southwest-2,Guiyang 1,245
2025-12-14 13:19:37,cloudping Huawei,cn-east-2,Shanghai 2,247.5
2025-12-14 13:19:37,cloudping Huawei,cn-east-3,Shanghai 1,263
2025-12-14 13:19:37,cloudping Huawei,cn-north-1,Beijing 1,283.5
2025-12-14 13:19:37,cloudping Huawei,cn-north-4,Beijing 4,546.5
2025-12-14 13:45:36,cloudping Huawei,na-mexico-1,"Mexico City 1, Mexico",145
2025-12-14 13:45:36,cloudping Huawei,la-north-2,"Mexico City 2, Mexico",155
2025-12-14 13:45:36,cloudping Huawei,ap-southeast-3,Singapore,187.5
2025-12-14 13:45:36,cloudping Huawei,ap-southeast-1,"Hong Kong, China",218
2025-12-14 13:45:36,cloudping Huawei,sa-brazil-1,"Sao Paulo, Brazil",235.5
2025-12-14 13:45:36,cloudping Huawei,ap-southeast-2,"Bangkok, Thailand",237.5
2025-12-14 13:45:36,cloudping Huawei,af-south-1,"Johannesburg, South Africa",253.5
2025-12-14 13:45:36,cloudping Huawei,la-south-2,"Santiago, Chile",366.5
2025-12-14 13:45:36,cloudping Huawei,na-mexico-1,"Mexico City 1, Mexico",145
2025-12-14 13:45:36,cloudping Huawei,la-north-2,"Mexico City 2, Mexico",155
2025-12-14 13:45:36,cloudping Huawei,ap-southeast-3,Singapore,187.5
2025-12-14 13:45:36,cloudping Huawei,ap-southeast-1,"Hong Kong, China",218
2025-12-14 13:45:36,cloudping Huawei,sa-brazil-1,"Sao Paulo, Brazil",235.5
2025-12-14 13:45:36,cloudping Huawei,ap-southeast-2,"Bangkok, Thailand",237.5
2025-12-14 13:45:36,cloudping Huawei,af-south-1,"Johannesburg, South Africa",253.5
2025-12-14 13:45:36,cloudping Huawei,la-south-2,"Santiago, Chile",366.5
2025-12-14 13:45:36,cloudping Huawei,cn-north-1,Beijing 1,247
2025-12-14 13:45:36,cloudping Huawei,cn-south-1,Guangzhou,250.5
2025-12-14 13:45:36,cloudping Huawei,cn-north-9,Wulanchabu,276
2025-12-14 13:45:36,cloudping Huawei,cn-north-4,Beijing 4,329
2025-12-14 13:45:36,cloudping Huawei,cn-southwest-2,Guiyang 1,361.5
2025-12-14 13:45:36,cloudping Huawei,cn-east-3,Shanghai 1,514.5
2025-12-14 13:45:36,cloudping Huawei,cn-east-2,Shanghai 2,528.5
2025-12-14 14:11:37,cloudping Huawei,na-mexico-1,"Mexico City 1, Mexico",146
2025-12-14 14:11:37,cloudping Huawei,la-north-2,"Mexico City 2, Mexico",151.5
2025-12-14 14:11:37,cloudping Huawei,ap-southeast-3,Singapore,202.5
2025-12-14 14:11:37,cloudping Huawei,sa-brazil-1,"Sao Paulo, Brazil",226.5
2025-12-14 14:11:37,cloudping Huawei,la-south-2,"Santiago, Chile",230
2025-12-14 14:11:37,cloudping Huawei,ap-southeast-1,"Hong Kong, China",234
2025-12-14 14:11:37,cloudping Huawei,ap-southeast-2,"Bangkok, Thailand",238.5
2025-12-14 14:11:37,cloudping Huawei,af-south-1,"Johannesburg, South Africa",248
2025-12-14 14:11:37,cloudping Huawei,na-mexico-1,"Mexico City 1, Mexico",146
2025-12-14 14:11:37,cloudping Huawei,la-north-2,"Mexico City 2, Mexico",151.5
2025-12-14 14:11:37,cloudping Huawei,ap-southeast-3,Singapore,202.5
2025-12-14 14:11:37,cloudping Huawei,sa-brazil-1,"Sao Paulo, Brazil",226.5
2025-12-14 14:11:37,cloudping Huawei,la-south-2,"Santiago, Chile",230
2025-12-14 14:11:37,cloudping Huawei,ap-southeast-1,"Hong Kong, China",234
2025-12-14 14:11:37,cloudping Huawei,ap-southeast-2,"Bangkok, Thailand",238.5
2025-12-14 14:11:37,cloudping Huawei,af-south-1,"Johannesburg, South Africa",248
2025-12-14 14:11:37,cloudping Huawei,cn-east-2,Shanghai 2,233.5
2025-12-14 14:11:37,cloudping Huawei,cn-north-4,Beijing 4,469
2025-12-14 14:11:37,cloudping Huawei,cn-east-3,Shanghai 1,869
2025-12-14 14:11:37,cloudping Huawei,cn-south-1,Guangzhou,948.5
2025-12-14 14:11:37,cloudping Huawei,cn-north-9,Wulanchabu,960
2025-12-14 14:11:37,cloudping Huawei,cn-north-1,Beijing 1,1122
2025-12-14 14:11:37,cloudping Huawei,cn-southwest-2,Guiyang 1,1123
2025-12-14 14:37:38,cloudping Huawei,na-mexico-1,"Mexico City 1, Mexico",144.5
2025-12-14 14:37:38,cloudping Huawei,la-north-2,"Mexico City 2, Mexico",156.5
2025-12-14 14:37:38,cloudping Huawei,ap-southeast-3,Singapore,189
2025-12-14 14:37:38,cloudping Huawei,ap-southeast-1,"Hong Kong, China",219
2025-12-14 14:37:38,cloudping Huawei,sa-brazil-1,"Sao Paulo, Brazil",228
2025-12-14 14:37:38,cloudping Huawei,af-south-1,"Johannesburg, South Africa",231.5
2025-12-14 14:37:38,cloudping Huawei,ap-southeast-2,"Bangkok, Thailand",251.5
2025-12-14 14:37:38,cloudping Huawei,la-south-2,"Santiago, Chile",322
2025-12-14 14:37:38,cloudping Huawei,na-mexico-1,"Mexico City 1, Mexico",144.5
2025-12-14 14:37:38,cloudping Huawei,la-north-2,"Mexico City 2, Mexico",156.5
2025-12-14 14:37:38,cloudping Huawei,ap-southeast-3,Singapore,189
2025-12-14 14:37:38,cloudping Huawei,ap-southeast-1,"Hong Kong, China",219
2025-12-14 14:37:38,cloudping Huawei,sa-brazil-1,"Sao Paulo, Brazil",228
2025-12-14 14:37:38,cloudping Huawei,af-south-1,"Johannesburg, South Africa",231.5
2025-12-14 14:37:38,cloudping Huawei,ap-southeast-2,"Bangkok, Thailand",251.5
2025-12-14 14:37:38,cloudping Huawei,la-south-2,"Santiago, Chile",322
2025-12-14 14:37:38,cloudping Huawei,cn-north-1,Beijing 1,189.5
2025-12-14 14:37:38,cloudping Huawei,cn-east-3,Shanghai 1,219
2025-12-14 14:37:38,cloudping Huawei,cn-south-1,Guangzhou,245.5
2025-12-14 14:37:38,cloudping Huawei,cn-north-4,Beijing 4,258.5
2025-12-14 14:37:38,cloudping Huawei,cn-southwest-2,Guiyang 1,260.5
2025-12-14 14:37:38,cloudping Huawei,cn-north-9,Wulanchabu,279.5
2025-12-14 14:37:38,cloudping Huawei,cn-east-2,Shanghai 2,510
2025-12-14 15:03:37,cloudping Huawei,la-north-2,"Mexico City 2, Mexico",148
2025-12-14 15:03:37,cloudping Huawei,na-mexico-1,"Mexico City 1, Mexico",150.5
2025-12-14 15:03:37,cloudping Huawei,ap-southeast-3,Singapore,191.5
2025-12-14 15:03:37,cloudping Huawei,ap-southeast-1,"Hong Kong, China",232
2025-12-14 15:03:37,cloudping Huawei,la-south-2,"Santiago, Chile",239.5
2025-12-14 15:03:37,cloudping Huawei,ap-southeast-2,"Bangkok, Thailand",245.5
2025-12-14 15:03:37,cloudping Huawei,af-south-1,"Johannesburg, South Africa",249
2025-12-14 15:03:37,cloudping Huawei,sa-brazil-1,"Sao Paulo, Brazil",321
2025-12-14 15:03:37,cloudping Huawei,la-north-2,"Mexico City 2, Mexico",148
2025-12-14 15:03:37,cloudping Huawei,na-mexico-1,"Mexico City 1, Mexico",150.5
2025-12-14 15:03:37,cloudping Huawei,ap-southeast-3,Singapore,191.5
2025-12-14 15:03:37,cloudping Huawei,ap-southeast-1,"Hong Kong, China",232
2025-12-14 15:03:37,cloudping Huawei,la-south-2,"Santiago, Chile",239.5
2025-12-14 15:03:37,cloudping Huawei,ap-southeast-2,"Bangkok, Thailand",245.5
2025-12-14 15:03:37,cloudping Huawei,af-south-1,"Johannesburg, South Africa",249
2025-12-14 15:03:37,cloudping Huawei,sa-brazil-1,"Sao Paulo, Brazil",321
2025-12-14 15:03:37,cloudping Huawei,cn-east-3,Shanghai 1,219.5
2025-12-14 15:03:37,cloudping Huawei,cn-east-2,Shanghai 2,227.5
2025-12-14 15:03:37,cloudping Huawei,cn-north-1,Beijing 1,520
2025-12-14 15:03:37,cloudping Huawei,cn-north-4,Beijing 4,599
2025-12-14 15:03:37,cloudping Huawei,cn-southwest-2,Guiyang 1,640
2025-12-14 15:03:37,cloudping Huawei,cn-south-1,Guangzhou,1009.5
2025-12-14 15:03:37,cloudping Huawei,cn-north-9,Wulanchabu,1770
2025-12-14 15:29:37,cloudping Huawei,la-north-2,"Mexico City 2, Mexico",144
2025-12-14 15:29:37,cloudping Huawei,na-mexico-1,"Mexico City 1, Mexico",160
2025-12-14 15:29:37,cloudping Huawei,ap-southeast-3,Singapore,191.5
2025-12-14 15:29:37,cloudping Huawei,ap-southeast-1,"Hong Kong, China",219
2025-12-14 15:29:37,cloudping Huawei,sa-brazil-1,"Sao Paulo, Brazil",224
2025-12-14 15:29:37,cloudping Huawei,ap-southeast-2,"Bangkok, Thailand",229.5
2025-12-14 15:29:37,cloudping Huawei,af-south-1,"Johannesburg, South Africa",339
2025-12-14 15:29:37,cloudping Huawei,la-south-2,"Santiago, Chile",472
2025-12-14 15:29:37,cloudping Huawei,la-north-2,"Mexico City 2, Mexico",144
2025-12-14 15:29:37,cloudping Huawei,na-mexico-1,"Mexico City 1, Mexico",160
2025-12-14 15:29:37,cloudping Huawei,ap-southeast-3,Singapore,191.5
2025-12-14 15:29:37,cloudping Huawei,ap-southeast-1,"Hong Kong, China",219
2025-12-14 15:29:37,cloudping Huawei,sa-brazil-1,"Sao Paulo, Brazil",224
2025-12-14 15:29:37,cloudping Huawei,ap-southeast-2,"Bangkok, Thailand",229.5
2025-12-14 15:29:37,cloudping Huawei,af-south-1,"Johannesburg, South Africa",339
2025-12-14 15:29:37,cloudping Huawei,la-south-2,"Santiago, Chile",472
2025-12-14 15:29:37,cloudping Huawei,cn-east-2,Shanghai 2,231
2025-12-14 15:29:37,cloudping Huawei,cn-north-1,Beijing 1,237
2025-12-14 15:29:37,cloudping Huawei,cn-southwest-2,Guiyang 1,249
2025-12-14 15:29:37,cloudping Huawei,cn-east-3,Shanghai 1,274
2025-12-14 15:29:37,cloudping Huawei,cn-north-9,Wulanchabu,282
2025-12-14 15:29:37,cloudping Huawei,cn-north-4,Beijing 4,623
2025-12-14 15:29:37,cloudping Huawei,cn-south-1,Guangzhou,708
2025-12-14 15:55:38,cloudping Huawei,la-north-2,"Mexico City 2, Mexico",149.5
2025-12-14 15:55:38,cloudping Huawei,na-mexico-1,"Mexico City 1, Mexico",181
2025-12-14 15:55:38,cloudping Huawei,ap-southeast-3,Singapore,194.5
2025-12-14 15:55:38,cloudping Huawei,ap-southeast-1,"Hong Kong, China",219.5
2025-12-14 15:55:38,cloudping Huawei,af-south-1,"Johannesburg, South Africa",239.5
2025-12-14 15:55:38,cloudping Huawei,la-south-2,"Santiago, Chile",240
2025-12-14 15:55:38,cloudping Huawei,sa-brazil-1,"Sao Paulo, Brazil",246
2025-12-14 15:55:38,cloudping Huawei,ap-southeast-2,"Bangkok, Thailand",251
2025-12-14 15:55:38,cloudping Huawei,la-north-2,"Mexico City 2, Mexico",149.5
2025-12-14 15:55:38,cloudping Huawei,na-mexico-1,"Mexico City 1, Mexico",181
2025-12-14 15:55:38,cloudping Huawei,ap-southeast-3,Singapore,194.5
2025-12-14 15:55:38,cloudping Huawei,ap-southeast-1,"Hong Kong, China",219.5
2025-12-14 15:55:38,cloudping Huawei,af-south-1,"Johannesburg, South Africa",239.5
2025-12-14 15:55:38,cloudping Huawei,la-south-2,"Santiago, Chile",240
2025-12-14 15:55:38,cloudping Huawei,sa-brazil-1,"Sao Paulo, Brazil",246
2025-12-14 15:55:38,cloudping Huawei,ap-southeast-2,"Bangkok, Thailand",251
2025-12-14 15:55:38,cloudping Huawei,cn-east-2,Shanghai 2,211
2025-12-14 15:55:38,cloudping Huawei,cn-east-3,Shanghai 1,221.5
2025-12-14 15:55:38,cloudping Huawei,cn-north-1,Beijing 1,239.5
2025-12-14 15:55:38,cloudping Huawei,cn-south-1,Guangzhou,249
2025-12-14 15:55:38,cloudping Huawei,cn-north-4,Beijing 4,274
2025-12-14 15:55:38,cloudping Huawei,cn-north-9,Wulanchabu,280.5
2025-12-14 15:55:38,cloudping Huawei,cn-southwest-2,Guiyang 1,609
2025-12-14 16:21:40,cloudping Huawei,na-mexico-1,"Mexico City 1, Mexico",145
2025-12-14 16:21:40,cloudping Huawei,la-north-2,"Mexico City 2, Mexico",200
2025-12-14 16:21:40,cloudping Huawei,ap-southeast-3,Singapore,210.5
2025-12-14 16:21:40,cloudping Huawei,ap-southeast-1,"Hong Kong, China",225
2025-12-14 16:21:40,cloudping Huawei,sa-brazil-1,"Sao Paulo, Brazil",226
2025-12-14 16:21:40,cloudping Huawei,af-south-1,"Johannesburg, South Africa",246
2025-12-14 16:21:40,cloudping Huawei,ap-southeast-2,"Bangkok, Thailand",249
2025-12-14 16:21:40,cloudping Huawei,la-south-2,"Santiago, Chile",260.5
2025-12-14 16:21:40,cloudping Huawei,na-mexico-1,"Mexico City 1, Mexico",145
2025-12-14 16:21:40,cloudping Huawei,la-north-2,"Mexico City 2, Mexico",200
2025-12-14 16:21:40,cloudping Huawei,ap-southeast-3,Singapore,210.5
2025-12-14 16:21:40,cloudping Huawei,ap-southeast-1,"Hong Kong, China",225
2025-12-14 16:21:40,cloudping Huawei,sa-brazil-1,"Sao Paulo, Brazil",226
2025-12-14 16:21:40,cloudping Huawei,af-south-1,"Johannesburg, South Africa",246
2025-12-14 16:21:40,cloudping Huawei,ap-southeast-2,"Bangkok, Thailand",249
2025-12-14 16:21:40,cloudping Huawei,la-south-2,"Santiago, Chile",260.5
2025-12-14 16:21:40,cloudping Huawei,cn-east-2,Shanghai 2,219
2025-12-14 16:21:40,cloudping Huawei,cn-south-1,Guangzhou,243.5
2025-12-14 16:21:40,cloudping Huawei,cn-north-4,Beijing 4,277
2025-12-14 16:21:40,cloudping Huawei,cn-southwest-2,Guiyang 1,277.5
2025-12-14 16:21:40,cloudping Huawei,cn-north-9,Wulanchabu,580.5
2025-12-14 16:21:40,cloudping Huawei,cn-east-3,Shanghai 1,589.5
2025-12-14 16:21:40,cloudping Huawei,cn-north-1,Beijing 1,745.5
2025-12-14 16:47:38,cloudping Huawei,na-mexico-1,"Mexico City 1, Mexico",142.5
2025-12-14 16:47:38,cloudping Huawei,la-north-2,"Mexico City 2, Mexico",153
2025-12-14 16:47:38,cloudping Huawei,ap-southeast-3,Singapore,192
2025-12-14 16:47:38,cloudping Huawei,ap-southeast-1,"Hong Kong, China",216
2025-12-14 16:47:38,cloudping Huawei,sa-brazil-1,"Sao Paulo, Brazil",223
2025-12-14 16:47:38,cloudping Huawei,af-south-1,"Johannesburg, South Africa",242.5
2025-12-14 16:47:38,cloudping Huawei,ap-southeast-2,"Bangkok, Thailand",250.5
2025-12-14 16:47:38,cloudping Huawei,la-south-2,"Santiago, Chile",343
2025-12-14 16:47:38,cloudping Huawei,na-mexico-1,"Mexico City 1, Mexico",142.5
2025-12-14 16:47:38,cloudping Huawei,la-north-2,"Mexico City 2, Mexico",153
2025-12-14 16:47:38,cloudping Huawei,ap-southeast-3,Singapore,192
2025-12-14 16:47:38,cloudping Huawei,ap-southeast-1,"Hong Kong, China",216
2025-12-14 16:47:38,cloudping Huawei,sa-brazil-1,"Sao Paulo, Brazil",223
2025-12-14 16:47:38,cloudping Huawei,af-south-1,"Johannesburg, South Africa",242.5
2025-12-14 16:47:38,cloudping Huawei,ap-southeast-2,"Bangkok, Thailand",250.5
2025-12-14 16:47:38,cloudping Huawei,la-south-2,"Santiago, Chile",343
2025-12-14 16:47:38,cloudping Huawei,cn-north-1,Beijing 1,207.5
2025-12-14 16:47:38,cloudping Huawei,cn-east-2,Shanghai 2,213
2025-12-14 16:47:38,cloudping Huawei,cn-east-3,Shanghai 1,219
2025-12-14 16:47:38,cloudping Huawei,cn-southwest-2,Guiyang 1,255
2025-12-14 16:47:38,cloudping Huawei,cn-north-9,Wulanchabu,298.5
2025-12-14 16:47:38,cloudping Huawei,cn-north-4,Beijing 4,502
2025-12-14 16:47:38,cloudping Huawei,cn-south-1,Guangzhou,536
2025-12-14 17:13:40,cloudping Huawei,na-mexico-1,"Mexico City 1, Mexico",150
2025-12-14 17:13:40,cloudping Huawei,ap-southeast-1,"Hong Kong, China",215.5
2025-12-14 17:13:40,cloudping Huawei,sa-brazil-1,"Sao Paulo, Brazil",217
2025-12-14 17:13:40,cloudping Huawei,la-north-2,"Mexico City 2, Mexico",217.5
2025-12-14 17:13:40,cloudping Huawei,ap-southeast-3,Singapore,220
2025-12-14 17:13:40,cloudping Huawei,ap-southeast-2,"Bangkok, Thailand",235.5
2025-12-14 17:13:40,cloudping Huawei,af-south-1,"Johannesburg, South Africa",292
2025-12-14 17:13:40,cloudping Huawei,la-south-2,"Santiago, Chile",396.5
2025-12-14 17:13:40,cloudping Huawei,na-mexico-1,"Mexico City 1, Mexico",150
2025-12-14 17:13:40,cloudping Huawei,ap-southeast-1,"Hong Kong, China",215.5
2025-12-14 17:13:40,cloudping Huawei,sa-brazil-1,"Sao Paulo, Brazil",217
2025-12-14 17:13:40,cloudping Huawei,la-north-2,"Mexico City 2, Mexico",217.5
2025-12-14 17:13:40,cloudping Huawei,ap-southeast-3,Singapore,220
2025-12-14 17:13:40,cloudping Huawei,ap-southeast-2,"Bangkok, Thailand",235.5
2025-12-14 17:13:40,cloudping Huawei,af-south-1,"Johannesburg, South Africa",292
2025-12-14 17:13:40,cloudping Huawei,la-south-2,"Santiago, Chile",396.5
2025-12-14 17:13:40,cloudping Huawei,cn-north-1,Beijing 1,189.5
2025-12-14 17:13:40,cloudping Huawei,cn-east-2,Shanghai 2,211
2025-12-14 17:13:40,cloudping Huawei,cn-south-1,Guangzhou,222.5
2025-12-14 17:13:40,cloudping Huawei,cn-east-3,Shanghai 1,225
2025-12-14 17:13:40,cloudping Huawei,cn-southwest-2,Guiyang 1,253.5
2025-12-14 17:13:40,cloudping Huawei,cn-north-4,Beijing 4,267.5
2025-12-14 17:13:40,cloudping Huawei,cn-north-9,Wulanchabu,281.5
2025-12-14 17:39:39,cloudping Huawei,na-mexico-1,"Mexico City 1, Mexico",152
2025-12-14 17:39:39,cloudping Huawei,la-north-2,"Mexico City 2, Mexico",155
2025-12-14 17:39:39,cloudping Huawei,ap-southeast-3,Singapore,188.5
2025-12-14 17:39:39,cloudping Huawei,ap-southeast-1,"Hong Kong, China",226.5
2025-12-14 17:39:39,cloudping Huawei,ap-southeast-2,"Bangkok, Thailand",228.5
2025-12-14 17:39:39,cloudping Huawei,sa-brazil-1,"Sao Paulo, Brazil",323.5
2025-12-14 17:39:39,cloudping Huawei,af-south-1,"Johannesburg, South Africa",488.5
2025-12-14 17:39:39,cloudping Huawei,la-south-2,"Santiago, Chile",1230.5
2025-12-14 17:39:39,cloudping Huawei,na-mexico-1,"Mexico City 1, Mexico",152
2025-12-14 17:39:39,cloudping Huawei,la-north-2,"Mexico City 2, Mexico",155
2025-12-14 17:39:39,cloudping Huawei,ap-southeast-3,Singapore,188.5
2025-12-14 17:39:39,cloudping Huawei,ap-southeast-1,"Hong Kong, China",226.5
2025-12-14 17:39:39,cloudping Huawei,ap-southeast-2,"Bangkok, Thailand",228.5
2025-12-14 17:39:39,cloudping Huawei,sa-brazil-1,"Sao Paulo, Brazil",323.5
2025-12-14 17:39:39,cloudping Huawei,af-south-1,"Johannesburg, South Africa",488.5
2025-12-14 17:39:39,cloudping Huawei,la-south-2,"Santiago, Chile",1230.5
2025-12-14 17:39:39,cloudping Huawei,cn-east-3,Shanghai 1,205
2025-12-14 17:39:39,cloudping Huawei,cn-east-2,Shanghai 2,227
2025-12-14 17:39:39,cloudping Huawei,cn-north-1,Beijing 1,229
2025-12-14 17:39:39,cloudping Huawei,cn-south-1,Guangzhou,238.5
2025-12-14 17:39:39,cloudping Huawei,cn-north-9,Wulanchabu,248
2025-12-14 17:39:39,cloudping Huawei,cn-north-4,Beijing 4,285.5
2025-12-14 17:39:39,cloudping Huawei,cn-southwest-2,Guiyang 1,338.5
2025-12-14 18:05:40,cloudping Huawei,na-mexico-1,"Mexico City 1, Mexico",144
2025-12-14 18:05:40,cloudping Huawei,la-north-2,"Mexico City 2, Mexico",146
2025-12-14 18:05:40,cloudping Huawei,ap-southeast-3,Singapore,190
2025-12-14 18:05:40,cloudping Huawei,ap-southeast-1,"Hong Kong, China",214.5
2025-12-14 18:05:40,cloudping Huawei,sa-brazil-1,"Sao Paulo, Brazil",223.5
2025-12-14 18:05:40,cloudping Huawei,la-south-2,"Santiago, Chile",247
2025-12-14 18:05:40,cloudping Huawei,af-south-1,"Johannesburg, South Africa",251.5
2025-12-14 18:05:40,cloudping Huawei,ap-southeast-2,"Bangkok, Thailand",279.5
2025-12-14 18:05:40,cloudping Huawei,na-mexico-1,"Mexico City 1, Mexico",144
2025-12-14 18:05:40,cloudping Huawei,la-north-2,"Mexico City 2, Mexico",146
2025-12-14 18:05:40,cloudping Huawei,ap-southeast-3,Singapore,190
2025-12-14 18:05:40,cloudping Huawei,ap-southeast-1,"Hong Kong, China",214.5
2025-12-14 18:05:40,cloudping Huawei,sa-brazil-1,"Sao Paulo, Brazil",223.5
2025-12-14 18:05:40,cloudping Huawei,la-south-2,"Santiago, Chile",247
2025-12-14 18:05:40,cloudping Huawei,af-south-1,"Johannesburg, South Africa",251.5
2025-12-14 18:05:40,cloudping Huawei,ap-southeast-2,"Bangkok, Thailand",279.5
2025-12-14 18:05:40,cloudping Huawei,cn-east-3,Shanghai 1,213
2025-12-14 18:05:40,cloudping Huawei,cn-south-1,Guangzhou,222.5
2025-12-14 18:05:40,cloudping Huawei,cn-east-2,Shanghai 2,240
2025-12-14 18:05:40,cloudping Huawei,cn-southwest-2,Guiyang 1,249
2025-12-14 18:05:40,cloudping Huawei,cn-north-1,Beijing 1,474.5
2025-12-14 18:05:40,cloudping Huawei,cn-north-9,Wulanchabu,532
2025-12-14 18:05:40,cloudping Huawei,cn-north-4,Beijing 4,655
2025-12-14 18:31:42,cloudping Huawei,na-mexico-1,"Mexico City 1, Mexico",149.5
2025-12-14 18:31:42,cloudping Huawei,la-north-2,"Mexico City 2, Mexico",159
2025-12-14 18:31:42,cloudping Huawei,ap-southeast-3,Singapore,191.5
2025-12-14 18:31:42,cloudping Huawei,ap-southeast-1,"Hong Kong, China",228
2025-12-14 18:31:42,cloudping Huawei,ap-southeast-2,"Bangkok, Thailand",237.5
2025-12-14 18:31:42,cloudping Huawei,sa-brazil-1,"Sao Paulo, Brazil",264
2025-12-14 18:31:42,cloudping Huawei,la-south-2,"Santiago, Chile",328
2025-12-14 18:31:42,cloudping Huawei,af-south-1,"Johannesburg, South Africa",401.5
2025-12-14 18:31:42,cloudping Huawei,na-mexico-1,"Mexico City 1, Mexico",149.5
2025-12-14 18:31:42,cloudping Huawei,la-north-2,"Mexico City 2, Mexico",159
2025-12-14 18:31:42,cloudping Huawei,ap-southeast-3,Singapore,191.5
2025-12-14 18:31:42,cloudping Huawei,ap-southeast-1,"Hong Kong, China",228
2025-12-14 18:31:42,cloudping Huawei,ap-southeast-2,"Bangkok, Thailand",237.5
2025-12-14 18:31:42,cloudping Huawei,sa-brazil-1,"Sao Paulo, Brazil",264
2025-12-14 18:31:42,cloudping Huawei,la-south-2,"Santiago, Chile",328
2025-12-14 18:31:42,cloudping Huawei,af-south-1,"Johannesburg, South Africa",401.5
2025-12-14 18:31:42,cloudping Huawei,cn-east-2,Shanghai 2,199.5
2025-12-14 18:31:42,cloudping Huawei,cn-south-1,Guangzhou,236
2025-12-14 18:31:42,cloudping Huawei,cn-north-4,Beijing 4,239.5
2025-12-14 18:31:42,cloudping Huawei,cn-east-3,Shanghai 1,240
2025-12-14 18:31:42,cloudping Huawei,cn-southwest-2,Guiyang 1,254
2025-12-14 18:31:42,cloudping Huawei,cn-north-1,Beijing 1,261
2025-12-14 18:31:42,cloudping Huawei,cn-north-9,Wulanchabu,312.5
2025-12-14 18:57:40,cloudping Huawei,na-mexico-1,"Mexico City 1, Mexico",145
2025-12-14 18:57:40,cloudping Huawei,la-north-2,"Mexico City 2, Mexico",158
2025-12-14 18:57:40,cloudping Huawei,ap-southeast-3,Singapore,193
2025-12-14 18:57:40,cloudping Huawei,ap-southeast-1,"Hong Kong, China",215
2025-12-14 18:57:40,cloudping Huawei,sa-brazil-1,"Sao Paulo, Brazil",227.5
2025-12-14 18:57:40,cloudping Huawei,ap-southeast-2,"Bangkok, Thailand",236
2025-12-14 18:57:40,cloudping Huawei,la-south-2,"Santiago, Chile",258
2025-12-14 18:57:40,cloudping Huawei,af-south-1,"Johannesburg, South Africa",285.5
2025-12-14 18:57:40,cloudping Huawei,na-mexico-1,"Mexico City 1, Mexico",145
2025-12-14 18:57:40,cloudping Huawei,la-north-2,"Mexico City 2, Mexico",158
2025-12-14 18:57:40,cloudping Huawei,ap-southeast-3,Singapore,193
2025-12-14 18:57:40,cloudping Huawei,ap-southeast-1,"Hong Kong, China",215
2025-12-14 18:57:40,cloudping Huawei,sa-brazil-1,"Sao Paulo, Brazil",227.5
2025-12-14 18:57:40,cloudping Huawei,ap-southeast-2,"Bangkok, Thailand",236
2025-12-14 18:57:40,cloudping Huawei,la-south-2,"Santiago, Chile",258
2025-12-14 18:57:40,cloudping Huawei,af-south-1,"Johannesburg, South Africa",285.5
2025-12-14 18:57:40,cloudping Huawei,cn-east-3,Shanghai 1,214.5
2025-12-14 18:57:40,cloudping Huawei,cn-north-4,Beijing 4,216.5
2025-12-14 18:57:40,cloudping Huawei,cn-south-1,Guangzhou,218.5
2025-12-14 18:57:40,cloudping Huawei,cn-north-9,Wulanchabu,231.5
2025-12-14 18:57:40,cloudping Huawei,cn-north-1,Beijing 1,238.5
2025-12-14 18:57:40,cloudping Huawei,cn-southwest-2,Guiyang 1,250
2025-12-14 18:57:40,cloudping Huawei,cn-east-2,Shanghai 2,262
2025-12-14 19:23:41,cloudping Huawei,na-mexico-1,"Mexico City 1, Mexico",148.5
2025-12-14 19:23:41,cloudping Huawei,la-north-2,"Mexico City 2, Mexico",153.5
2025-12-14 19:23:41,cloudping Huawei,ap-southeast-3,Singapore,191.5
2025-12-14 19:23:41,cloudping Huawei,ap-southeast-1,"Hong Kong, China",216.5
2025-12-14 19:23:41,cloudping Huawei,ap-southeast-2,"Bangkok, Thailand",234.5
2025-12-14 19:23:41,cloudping Huawei,sa-brazil-1,"Sao Paulo, Brazil",235.5
2025-12-14 19:23:41,cloudping Huawei,la-south-2,"Santiago, Chile",238
2025-12-14 19:23:41,cloudping Huawei,af-south-1,"Johannesburg, South Africa",289.5
2025-12-14 19:23:41,cloudping Huawei,na-mexico-1,"Mexico City 1, Mexico",148.5
2025-12-14 19:23:41,cloudping Huawei,la-north-2,"Mexico City 2, Mexico",153.5
2025-12-14 19:23:41,cloudping Huawei,ap-southeast-3,Singapore,191.5
2025-12-14 19:23:41,cloudping Huawei,ap-southeast-1,"Hong Kong, China",216.5
2025-12-14 19:23:41,cloudping Huawei,ap-southeast-2,"Bangkok, Thailand",234.5
2025-12-14 19:23:41,cloudping Huawei,sa-brazil-1,"Sao Paulo, Brazil",235.5
2025-12-14 19:23:41,cloudping Huawei,la-south-2,"Santiago, Chile",238
2025-12-14 19:23:41,cloudping Huawei,af-south-1,"Johannesburg, South Africa",289.5
2025-12-14 19:23:41,cloudping Huawei,cn-east-2,Shanghai 2,206
2025-12-14 19:23:41,cloudping Huawei,cn-east-3,Shanghai 1,217.5
2025-12-14 19:23:41,cloudping Huawei,cn-south-1,Guangzhou,229.5
2025-12-14 19:23:41,cloudping Huawei,cn-north-9,Wulanchabu,233
2025-12-14 19:23:41,cloudping Huawei,cn-southwest-2,Guiyang 1,239
2025-12-14 19:23:41,cloudping Huawei,cn-north-4,Beijing 4,286.5
2025-12-14 19:23:41,cloudping Huawei,cn-north-1,Beijing 1,289
2025-12-14 19:49:41,cloudping Huawei,na-mexico-1,"Mexico City 1, Mexico",149.5
2025-12-14 19:49:41,cloudping Huawei,la-north-2,"Mexico City 2, Mexico",150.5
2025-12-14 19:49:41,cloudping Huawei,ap-southeast-3,Singapore,191
2025-12-14 19:49:41,cloudping Huawei,ap-southeast-1,"Hong Kong, China",222.5
2025-12-14 19:49:41,cloudping Huawei,ap-southeast-2,"Bangkok, Thailand",233.5
2025-12-14 19:49:41,cloudping Huawei,af-south-1,"Johannesburg, South Africa",240
2025-12-14 19:49:41,cloudping Huawei,la-south-2,"Santiago, Chile",252.5
2025-12-14 19:49:41,cloudping Huawei,sa-brazil-1,"Sao Paulo, Brazil",268.5
2025-12-14 19:49:41,cloudping Huawei,na-mexico-1,"Mexico City 1, Mexico",149.5
2025-12-14 19:49:41,cloudping Huawei,la-north-2,"Mexico City 2, Mexico",150.5
2025-12-14 19:49:41,cloudping Huawei,ap-southeast-3,Singapore,191
2025-12-14 19:49:41,cloudping Huawei,ap-southeast-1,"Hong Kong, China",222.5
2025-12-14 19:49:41,cloudping Huawei,ap-southeast-2,"Bangkok, Thailand",233.5
2025-12-14 19:49:41,cloudping Huawei,af-south-1,"Johannesburg, South Africa",240
2025-12-14 19:49:41,cloudping Huawei,la-south-2,"Santiago, Chile",252.5
2025-12-14 19:49:41,cloudping Huawei,sa-brazil-1,"Sao Paulo, Brazil",268.5
2025-12-14 19:49:41,cloudping Huawei,cn-north-1,Beijing 1,231.5
2025-12-14 19:49:41,cloudping Huawei,cn-east-3,Shanghai 1,236
2025-12-14 19:49:41,cloudping Huawei,cn-southwest-2,Guiyang 1,245
2025-12-14 19:49:41,cloudping Huawei,cn-south-1,Guangzhou,277
2025-12-14 19:49:41,cloudping Huawei,cn-north-4,Beijing 4,296.5
2025-12-14 19:49:41,cloudping Huawei,cn-east-2,Shanghai 2,406
2025-12-14 19:49:41,cloudping Huawei,cn-north-9,Wulanchabu,600
2025-12-14 20:15:41,cloudping Huawei,na-mexico-1,"Mexico City 1, Mexico",143.5
2025-12-14 20:15:41,cloudping Huawei,la-north-2,"Mexico City 2, Mexico",164.5
2025-12-14 20:15:41,cloudping Huawei,ap-southeast-1,"Hong Kong, China",219
2025-12-14 20:15:41,cloudping Huawei,sa-brazil-1,"Sao Paulo, Brazil",229
2025-12-14 20:15:41,cloudping Huawei,af-south-1,"Johannesburg, South Africa",242.5
2025-12-14 20:15:41,cloudping Huawei,ap-southeast-2,"Bangkok, Thailand",243
2025-12-14 20:15:41,cloudping Huawei,la-south-2,"Santiago, Chile",278.5
2025-12-14 20:15:41,cloudping Huawei,ap-southeast-3,Singapore,308.5
2025-12-14 20:15:41,cloudping Huawei,na-mexico-1,"Mexico City 1, Mexico",143.5
2025-12-14 20:15:41,cloudping Huawei,la-north-2,"Mexico City 2, Mexico",164.5
2025-12-14 20:15:41,cloudping Huawei,ap-southeast-1,"Hong Kong, China",219
2025-12-14 20:15:41,cloudping Huawei,sa-brazil-1,"Sao Paulo, Brazil",229
2025-12-14 20:15:41,cloudping Huawei,af-south-1,"Johannesburg, South Africa",242.5
2025-12-14 20:15:41,cloudping Huawei,ap-southeast-2,"Bangkok, Thailand",243
2025-12-14 20:15:41,cloudping Huawei,la-south-2,"Santiago, Chile",278.5
2025-12-14 20:15:41,cloudping Huawei,ap-southeast-3,Singapore,308.5
2025-12-14 20:15:41,cloudping Huawei,cn-north-1,Beijing 1,188.5
2025-12-14 20:15:41,cloudping Huawei,cn-east-3,Shanghai 1,201.5
2025-12-14 20:15:41,cloudping Huawei,cn-north-4,Beijing 4,212
2025-12-14 20:15:41,cloudping Huawei,cn-south-1,Guangzhou,225
2025-12-14 20:15:41,cloudping Huawei,cn-east-2,Shanghai 2,243
2025-12-14 20:15:41,cloudping Huawei,cn-southwest-2,Guiyang 1,271.5
2025-12-14 20:15:41,cloudping Huawei,cn-north-9,Wulanchabu,276.5
2025-12-14 20:41:41,cloudping Huawei,na-mexico-1,"Mexico City 1, Mexico",145.5
2025-12-14 20:41:41,cloudping Huawei,la-north-2,"Mexico City 2, Mexico",189.5
2025-12-14 20:41:41,cloudping Huawei,ap-southeast-3,Singapore,193.5
2025-12-14 20:41:41,cloudping Huawei,ap-southeast-1,"Hong Kong, China",220.5
2025-12-14 20:41:41,cloudping Huawei,af-south-1,"Johannesburg, South Africa",227.5
2025-12-14 20:41:41,cloudping Huawei,sa-brazil-1,"Sao Paulo, Brazil",228.5
2025-12-14 20:41:41,cloudping Huawei,ap-southeast-2,"Bangkok, Thailand",240.5
2025-12-14 20:41:41,cloudping Huawei,la-south-2,"Santiago, Chile",261.5
2025-12-14 20:41:41,cloudping Huawei,na-mexico-1,"Mexico City 1, Mexico",145.5
2025-12-14 20:41:41,cloudping Huawei,la-north-2,"Mexico City 2, Mexico",189.5
2025-12-14 20:41:41,cloudping Huawei,ap-southeast-3,Singapore,193.5
2025-12-14 20:41:41,cloudping Huawei,ap-southeast-1,"Hong Kong, China",220.5
2025-12-14 20:41:41,cloudping Huawei,af-south-1,"Johannesburg, South Africa",227.5
2025-12-14 20:41:41,cloudping Huawei,sa-brazil-1,"Sao Paulo, Brazil",228.5
2025-12-14 20:41:41,cloudping Huawei,ap-southeast-2,"Bangkok, Thailand",240.5
2025-12-14 20:41:41,cloudping Huawei,la-south-2,"Santiago, Chile",261.5
2025-12-14 20:41:41,cloudping Huawei,cn-north-4,Beijing 4,226
2025-12-14 20:41:41,cloudping Huawei,cn-east-2,Shanghai 2,240
2025-12-14 20:41:41,cloudping Huawei,cn-east-3,Shanghai 1,241.5
2025-12-14 20:41:41,cloudping Huawei,cn-north-1,Beijing 1,245
2025-12-14 20:41:41,cloudping Huawei,cn-south-1,Guangzhou,246
2025-12-14 20:41:41,cloudping Huawei,cn-southwest-2,Guiyang 1,319
2025-12-14 20:41:41,cloudping Huawei,cn-north-9,Wulanchabu,379.5
2025-12-14 21:07:43,cloudping Huawei,na-mexico-1,"Mexico City 1, Mexico",151.5
2025-12-14 21:07:43,cloudping Huawei,la-north-2,"Mexico City 2, Mexico",157.5
2025-12-14 21:07:43,cloudping Huawei,ap-southeast-3,Singapore,189.5
2025-12-14 21:07:43,cloudping Huawei,ap-southeast-1,"Hong Kong, China",219
2025-12-14 21:07:43,cloudping Huawei,sa-brazil-1,"Sao Paulo, Brazil",228.5
2025-12-14 21:07:43,cloudping Huawei,ap-southeast-2,"Bangkok, Thailand",236
2025-12-14 21:07:43,cloudping Huawei,la-south-2,"Santiago, Chile",239.5
2025-12-14 21:07:43,cloudping Huawei,af-south-1,"Johannesburg, South Africa",519
2025-12-14 21:07:43,cloudping Huawei,na-mexico-1,"Mexico City 1, Mexico",151.5
2025-12-14 21:07:43,cloudping Huawei,la-north-2,"Mexico City 2, Mexico",157.5
2025-12-14 21:07:43,cloudping Huawei,ap-southeast-3,Singapore,189.5
2025-12-14 21:07:43,cloudping Huawei,ap-southeast-1,"Hong Kong, China",219
2025-12-14 21:07:43,cloudping Huawei,sa-brazil-1,"Sao Paulo, Brazil",228.5
2025-12-14 21:07:43,cloudping Huawei,ap-southeast-2,"Bangkok, Thailand",236
2025-12-14 21:07:43,cloudping Huawei,la-south-2,"Santiago, Chile",239.5
2025-12-14 21:07:43,cloudping Huawei,af-south-1,"Johannesburg, South Africa",519
2025-12-14 21:07:43,cloudping Huawei,cn-north-1,Beijing 1,191.5
2025-12-14 21:07:43,cloudping Huawei,cn-east-3,Shanghai 1,207.5
2025-12-14 21:07:43,cloudping Huawei,cn-east-2,Shanghai 2,208.5
2025-12-14 21:07:43,cloudping Huawei,cn-south-1,Guangzhou,251
2025-12-14 21:07:43,cloudping Huawei,cn-north-9,Wulanchabu,266
2025-12-14 21:07:43,cloudping Huawei,cn-north-4,Beijing 4,308.5
2025-12-14 21:07:43,cloudping Huawei,cn-southwest-2,Guiyang 1,312
2025-12-14 21:33:42,cloudping Huawei,na-mexico-1,"Mexico City 1, Mexico",143.5
2025-12-14 21:33:42,cloudping Huawei,la-north-2,"Mexico City 2, Mexico",152
2025-12-14 21:33:42,cloudping Huawei,ap-southeast-3,Singapore,186.5
2025-12-14 21:33:42,cloudping Huawei,ap-southeast-1,"Hong Kong, China",226
2025-12-14 21:33:42,cloudping Huawei,sa-brazil-1,"Sao Paulo, Brazil",226.5
2025-12-14 21:33:42,cloudping Huawei,ap-southeast-2,"Bangkok, Thailand",230
2025-12-14 21:33:42,cloudping Huawei,af-south-1,"Johannesburg, South Africa",247
2025-12-14 21:33:42,cloudping Huawei,la-south-2,"Santiago, Chile",339
2025-12-14 21:33:42,cloudping Huawei,na-mexico-1,"Mexico City 1, Mexico",143.5
2025-12-14 21:33:42,cloudping Huawei,la-north-2,"Mexico City 2, Mexico",152
2025-12-14 21:33:42,cloudping Huawei,ap-southeast-3,Singapore,186.5
2025-12-14 21:33:42,cloudping Huawei,ap-southeast-1,"Hong Kong, China",226
2025-12-14 21:33:42,cloudping Huawei,sa-brazil-1,"Sao Paulo, Brazil",226.5
2025-12-14 21:33:42,cloudping Huawei,ap-southeast-2,"Bangkok, Thailand",230
2025-12-14 21:33:42,cloudping Huawei,af-south-1,"Johannesburg, South Africa",247
2025-12-14 21:33:42,cloudping Huawei,la-south-2,"Santiago, Chile",339
2025-12-14 21:33:42,cloudping Huawei,cn-east-3,Shanghai 1,224.5
2025-12-14 21:33:42,cloudping Huawei,cn-north-1,Beijing 1,226.5
2025-12-14 21:33:42,cloudping Huawei,cn-east-2,Shanghai 2,227.5
2025-12-14 21:33:42,cloudping Huawei,cn-south-1,Guangzhou,235.5
2025-12-14 21:33:42,cloudping Huawei,cn-north-4,Beijing 4,240
2025-12-14 21:33:42,cloudping Huawei,cn-southwest-2,Guiyang 1,262.5
2025-12-14 21:33:42,cloudping Huawei,cn-north-9,Wulanchabu,269
2025-12-14 21:59:42,cloudping Huawei,na-mexico-1,"Mexico City 1, Mexico",146
2025-12-14 21:59:42,cloudping Huawei,la-north-2,"Mexico City 2, Mexico",160
2025-12-14 21:59:42,cloudping Huawei,ap-southeast-1,"Hong Kong, China",228.5
2025-12-14 21:59:42,cloudping Huawei,sa-brazil-1,"Sao Paulo, Brazil",240
2025-12-14 21:59:42,cloudping Huawei,ap-southeast-2,"Bangkok, Thailand",247
2025-12-14 21:59:42,cloudping Huawei,ap-southeast-3,Singapore,250
2025-12-14 21:59:42,cloudping Huawei,af-south-1,"Johannesburg, South Africa",252.5
2025-12-14 21:59:42,cloudping Huawei,la-south-2,"Santiago, Chile",300
2025-12-14 21:59:42,cloudping Huawei,na-mexico-1,"Mexico City 1, Mexico",146
2025-12-14 21:59:42,cloudping Huawei,la-north-2,"Mexico City 2, Mexico",160
2025-12-14 21:59:42,cloudping Huawei,ap-southeast-1,"Hong Kong, China",228.5
2025-12-14 21:59:42,cloudping Huawei,sa-brazil-1,"Sao Paulo, Brazil",240
2025-12-14 21:59:42,cloudping Huawei,ap-southeast-2,"Bangkok, Thailand",247
2025-12-14 21:59:42,cloudping Huawei,ap-southeast-3,Singapore,250
2025-12-14 21:59:42,cloudping Huawei,af-south-1,"Johannesburg, South Africa",252.5
2025-12-14 21:59:42,cloudping Huawei,la-south-2,"Santiago, Chile",300
2025-12-14 21:59:42,cloudping Huawei,cn-east-2,Shanghai 2,206.5
2025-12-14 21:59:42,cloudping Huawei,cn-north-9,Wulanchabu,226
2025-12-14 21:59:42,cloudping Huawei,cn-north-4,Beijing 4,227
2025-12-14 21:59:42,cloudping Huawei,cn-south-1,Guangzhou,236
2025-12-14 21:59:42,cloudping Huawei,cn-north-1,Beijing 1,249.5
2025-12-14 21:59:42,cloudping Huawei,cn-east-3,Shanghai 1,266.5
2025-12-14 21:59:42,cloudping Huawei,cn-southwest-2,Guiyang 1,271.5
2025-12-14 22:25:44,cloudping Huawei,na-mexico-1,"Mexico City 1, Mexico",142
2025-12-14 22:25:44,cloudping Huawei,la-north-2,"Mexico City 2, Mexico",149.5
2025-12-14 22:25:44,cloudping Huawei,ap-southeast-3,Singapore,188.5
2025-12-14 22:25:44,cloudping Huawei,ap-southeast-1,"Hong Kong, China",216.5
2025-12-14 22:25:44,cloudping Huawei,sa-brazil-1,"Sao Paulo, Brazil",224
2025-12-14 22:25:44,cloudping Huawei,af-south-1,"Johannesburg, South Africa",241.5
2025-12-14 22:25:44,cloudping Huawei,la-south-2,"Santiago, Chile",244
2025-12-14 22:25:44,cloudping Huawei,ap-southeast-2,"Bangkok, Thailand",244
2025-12-14 22:25:44,cloudping Huawei,na-mexico-1,"Mexico City 1, Mexico",142
2025-12-14 22:25:44,cloudping Huawei,la-north-2,"Mexico City 2, Mexico",149.5
2025-12-14 22:25:44,cloudping Huawei,ap-southeast-3,Singapore,188.5
2025-12-14 22:25:44,cloudping Huawei,ap-southeast-1,"Hong Kong, China",216.5
2025-12-14 22:25:44,cloudping Huawei,sa-brazil-1,"Sao Paulo, Brazil",224
2025-12-14 22:25:44,cloudping Huawei,af-south-1,"Johannesburg, South Africa",241.5
2025-12-14 22:25:44,cloudping Huawei,la-south-2,"Santiago, Chile",244
2025-12-14 22:25:44,cloudping Huawei,ap-southeast-2,"Bangkok, Thailand",244
2025-12-14 22:25:44,cloudping Huawei,cn-east-2,Shanghai 2,208.5
2025-12-14 22:25:44,cloudping Huawei,cn-east-3,Shanghai 1,427
2025-12-14 22:25:44,cloudping Huawei,cn-north-9,Wulanchabu,455.5
2025-12-14 22:25:44,cloudping Huawei,cn-north-1,Beijing 1,456.5
2025-12-14 22:25:44,cloudping Huawei,cn-southwest-2,Guiyang 1,520
2025-12-14 22:25:44,cloudping Huawei,cn-north-4,Beijing 4,526
2025-12-14 22:25:44,cloudping Huawei,cn-south-1,Guangzhou,578
2025-12-14 22:51:43,cloudping Huawei,na-mexico-1,"Mexico City 1, Mexico",151.5
2025-12-14 22:51:43,cloudping Huawei,la-north-2,"Mexico City 2, Mexico",175
2025-12-14 22:51:43,cloudping Huawei,ap-southeast-3,Singapore,187.5
2025-12-14 22:51:43,cloudping Huawei,ap-southeast-1,"Hong Kong, China",212.5
2025-12-14 22:51:43,cloudping Huawei,ap-southeast-2,"Bangkok, Thailand",228.5
2025-12-14 22:51:43,cloudping Huawei,sa-brazil-1,"Sao Paulo, Brazil",230
2025-12-14 22:51:43,cloudping Huawei,la-south-2,"Santiago, Chile",238.5
2025-12-14 22:51:43,cloudping Huawei,af-south-1,"Johannesburg, South Africa",240
2025-12-14 22:51:43,cloudping Huawei,na-mexico-1,"Mexico City 1, Mexico",151.5
2025-12-14 22:51:43,cloudping Huawei,la-north-2,"Mexico City 2, Mexico",175
2025-12-14 22:51:43,cloudping Huawei,ap-southeast-3,Singapore,187.5
2025-12-14 22:51:43,cloudping Huawei,ap-southeast-1,"Hong Kong, China",212.5
2025-12-14 22:51:43,cloudping Huawei,ap-southeast-2,"Bangkok, Thailand",228.5
2025-12-14 22:51:43,cloudping Huawei,sa-brazil-1,"Sao Paulo, Brazil",230
2025-12-14 22:51:43,cloudping Huawei,la-south-2,"Santiago, Chile",238.5
2025-12-14 22:51:43,cloudping Huawei,af-south-1,"Johannesburg, South Africa",240
2025-12-14 22:51:43,cloudping Huawei,cn-north-1,Beijing 1,193.5
2025-12-14 22:51:43,cloudping Huawei,cn-east-2,Shanghai 2,197
2025-12-14 22:51:43,cloudping Huawei,cn-east-3,Shanghai 1,209
2025-12-14 22:51:43,cloudping Huawei,cn-south-1,Guangzhou,232.5
2025-12-14 22:51:43,cloudping Huawei,cn-southwest-2,Guiyang 1,261.5
2025-12-14 22:51:43,cloudping Huawei,cn-north-9,Wulanchabu,262.5
2025-12-14 22:51:43,cloudping Huawei,cn-north-4,Beijing 4,264
2025-12-14 23:17:44,cloudping Huawei,na-mexico-1,"Mexico City 1, Mexico",143.5
2025-12-14 23:17:44,cloudping Huawei,la-north-2,"Mexico City 2, Mexico",156.5
2025-12-14 23:17:44,cloudping Huawei,ap-southeast-3,Singapore,188.5
2025-12-14 23:17:44,cloudping Huawei,ap-southeast-1,"Hong Kong, China",214
2025-12-14 23:17:44,cloudping Huawei,sa-brazil-1,"Sao Paulo, Brazil",224.5
2025-12-14 23:17:44,cloudping Huawei,ap-southeast-2,"Bangkok, Thailand",236.5
2025-12-14 23:17:44,cloudping Huawei,af-south-1,"Johannesburg, South Africa",247
2025-12-14 23:17:44,cloudping Huawei,la-south-2,"Santiago, Chile",272
2025-12-14 23:17:44,cloudping Huawei,na-mexico-1,"Mexico City 1, Mexico",143.5
2025-12-14 23:17:44,cloudping Huawei,la-north-2,"Mexico City 2, Mexico",156.5
2025-12-14 23:17:44,cloudping Huawei,ap-southeast-3,Singapore,188.5
2025-12-14 23:17:44,cloudping Huawei,ap-southeast-1,"Hong Kong, China",214
2025-12-14 23:17:44,cloudping Huawei,sa-brazil-1,"Sao Paulo, Brazil",224.5
2025-12-14 23:17:44,cloudping Huawei,ap-southeast-2,"Bangkok, Thailand",236.5
2025-12-14 23:17:44,cloudping Huawei,af-south-1,"Johannesburg, South Africa",247
2025-12-14 23:17:44,cloudping Huawei,la-south-2,"Santiago, Chile",272
2025-12-14 23:17:44,cloudping Huawei,cn-east-3,Shanghai 1,220
2025-12-14 23:17:44,cloudping Huawei,cn-east-2,Shanghai 2,239.5
2025-12-14 23:17:44,cloudping Huawei,cn-south-1,Guangzhou,247
2025-12-14 23:17:44,cloudping Huawei,cn-north-9,Wulanchabu,272
2025-12-14 23:17:44,cloudping Huawei,cn-southwest-2,Guiyang 1,344
2025-12-14 23:17:44,cloudping Huawei,cn-north-1,Beijing 1,477
2025-12-14 23:17:44,cloudping Huawei,cn-north-4,Beijing 4,509.5
2025-12-14 23:43:43,cloudping Huawei,la-north-2,"Mexico City 2, Mexico",155.5
2025-12-14 23:43:43,cloudping Huawei,ap-southeast-3,Singapore,205.5
2025-12-14 23:43:43,cloudping Huawei,sa-brazil-1,"Sao Paulo, Brazil",225
2025-12-14 23:43:43,cloudping Huawei,ap-southeast-1,"Hong Kong, China",227
2025-12-14 23:43:43,cloudping Huawei,na-mexico-1,"Mexico City 1, Mexico",230.5
2025-12-14 23:43:43,cloudping Huawei,la-south-2,"Santiago, Chile",236
2025-12-14 23:43:43,cloudping Huawei,ap-southeast-2,"Bangkok, Thailand",236.5
2025-12-14 23:43:43,cloudping Huawei,af-south-1,"Johannesburg, South Africa",238
2025-12-14 23:43:43,cloudping Huawei,la-north-2,"Mexico City 2, Mexico",155.5
2025-12-14 23:43:43,cloudping Huawei,ap-southeast-3,Singapore,205.5
2025-12-14 23:43:43,cloudping Huawei,sa-brazil-1,"Sao Paulo, Brazil",225
2025-12-14 23:43:43,cloudping Huawei,ap-southeast-1,"Hong Kong, China",227
2025-12-14 23:43:43,cloudping Huawei,na-mexico-1,"Mexico City 1, Mexico",230.5
2025-12-14 23:43:43,cloudping Huawei,la-south-2,"Santiago, Chile",236
2025-12-14 23:43:43,cloudping Huawei,ap-southeast-2,"Bangkok, Thailand",236.5
2025-12-14 23:43:43,cloudping Huawei,af-south-1,"Johannesburg, South Africa",238
2025-12-14 23:43:43,cloudping Huawei,cn-east-2,Shanghai 2,216
2025-12-14 23:43:43,cloudping Huawei,cn-east-3,Shanghai 1,230.5
2025-12-14 23:43:43,cloudping Huawei,cn-north-9,Wulanchabu,233.5
2025-12-14 23:43:43,cloudping Huawei,cn-south-1,Guangzhou,245.5
2025-12-14 23:43:43,cloudping Huawei,cn-southwest-2,Guiyang 1,285
2025-12-14 23:43:43,cloudping Huawei,cn-north-1,Beijing 1,403
2025-12-14 23:43:43,cloudping Huawei,cn-north-4,Beijing 4,523.5
2025-12-15 00:09:44,cloudping Huawei,na-mexico-1,"Mexico City 1, Mexico",150.5
2025-12-15 00:09:44,cloudping Huawei,la-north-2,"Mexico City 2, Mexico",156
2025-12-15 00:09:44,cloudping Huawei,ap-southeast-3,Singapore,191.5
2025-12-15 00:09:44,cloudping Huawei,sa-brazil-1,"Sao Paulo, Brazil",226
2025-12-15 00:09:44,cloudping Huawei,ap-southeast-1,"Hong Kong, China",226.5
2025-12-15 00:09:44,cloudping Huawei,ap-southeast-2,"Bangkok, Thailand",237.5
2025-12-15 00:09:44,cloudping Huawei,af-south-1,"Johannesburg, South Africa",256.5
2025-12-15 00:09:44,cloudping Huawei,la-south-2,"Santiago, Chile",301
2025-12-15 00:09:44,cloudping Huawei,na-mexico-1,"Mexico City 1, Mexico",150.5
2025-12-15 00:09:44,cloudping Huawei,la-north-2,"Mexico City 2, Mexico",156
2025-12-15 00:09:44,cloudping Huawei,ap-southeast-3,Singapore,191.5
2025-12-15 00:09:44,cloudping Huawei,sa-brazil-1,"Sao Paulo, Brazil",226
2025-12-15 00:09:44,cloudping Huawei,ap-southeast-1,"Hong Kong, China",226.5
2025-12-15 00:09:44,cloudping Huawei,ap-southeast-2,"Bangkok, Thailand",237.5
2025-12-15 00:09:44,cloudping Huawei,af-south-1,"Johannesburg, South Africa",256.5
2025-12-15 00:09:44,cloudping Huawei,la-south-2,"Santiago, Chile",301
2025-12-15 00:09:44,cloudping Huawei,cn-east-2,Shanghai 2,222.5
2025-12-15 00:09:44,cloudping Huawei,cn-east-3,Shanghai 1,437
2025-12-15 00:09:44,cloudping Huawei,cn-north-4,Beijing 4,444.5
2025-12-15 00:09:44,cloudping Huawei,cn-north-9,Wulanchabu,449.5
2025-12-15 00:09:44,cloudping Huawei,cn-south-1,Guangzhou,467.5
2025-12-15 00:09:44,cloudping Huawei,cn-north-1,Beijing 1,468
2025-12-15 00:09:44,cloudping Huawei,cn-southwest-2,Guiyang 1,565
2025-12-15 00:35:45,cloudping Huawei,na-mexico-1,"Mexico City 1, Mexico",146
2025-12-15 00:35:45,cloudping Huawei,ap-southeast-3,Singapore,194.5
2025-12-15 00:35:45,cloudping Huawei,la-north-2,"Mexico City 2, Mexico",199
2025-12-15 00:35:45,cloudping Huawei,ap-southeast-1,"Hong Kong, China",218.5
2025-12-15 00:35:45,cloudping Huawei,sa-brazil-1,"Sao Paulo, Brazil",220
2025-12-15 00:35:45,cloudping Huawei,af-south-1,"Johannesburg, South Africa",240.5
2025-12-15 00:35:45,cloudping Huawei,ap-southeast-2,"Bangkok, Thailand",253
2025-12-15 00:35:45,cloudping Huawei,la-south-2,"Santiago, Chile",273.5
2025-12-15 00:35:45,cloudping Huawei,na-mexico-1,"Mexico City 1, Mexico",146
2025-12-15 00:35:45,cloudping Huawei,ap-southeast-3,Singapore,194.5
2025-12-15 00:35:45,cloudping Huawei,la-north-2,"Mexico City 2, Mexico",199
2025-12-15 00:35:45,cloudping Huawei,ap-southeast-1,"Hong Kong, China",218.5
2025-12-15 00:35:45,cloudping Huawei,sa-brazil-1,"Sao Paulo, Brazil",220
2025-12-15 00:35:45,cloudping Huawei,af-south-1,"Johannesburg, South Africa",240.5
2025-12-15 00:35:45,cloudping Huawei,ap-southeast-2,"Bangkok, Thailand",253
2025-12-15 00:35:45,cloudping Huawei,la-south-2,"Santiago, Chile",273.5
2025-12-15 00:35:45,cloudping Huawei,cn-east-3,Shanghai 1,204.5
2025-12-15 00:35:45,cloudping Huawei,cn-east-2,Shanghai 2,209.5
2025-12-15 00:35:45,cloudping Huawei,cn-south-1,Guangzhou,224.5
2025-12-15 00:35:45,cloudping Huawei,cn-southwest-2,Guiyang 1,250.5
2025-12-15 00:35:45,cloudping Huawei,cn-north-1,Beijing 1,440
2025-12-15 00:35:45,cloudping Huawei,cn-north-4,Beijing 4,497.5
2025-12-15 00:35:45,cloudping Huawei,cn-north-9,Wulanchabu,578
2025-12-15 01:01:45,cloudping Huawei,na-mexico-1,"Mexico City 1, Mexico",145.5
2025-12-15 01:01:45,cloudping Huawei,la-north-2,"Mexico City 2, Mexico",172.5
2025-12-15 01:01:45,cloudping Huawei,ap-southeast-3,Singapore,192
2025-12-15 01:01:45,cloudping Huawei,ap-southeast-1,"Hong Kong, China",216
2025-12-15 01:01:45,cloudping Huawei,sa-brazil-1,"Sao Paulo, Brazil",232
2025-12-15 01:01:45,cloudping Huawei,ap-southeast-2,"Bangkok, Thailand",242
2025-12-15 01:01:45,cloudping Huawei,la-south-2,"Santiago, Chile",249
2025-12-15 01:01:45,cloudping Huawei,af-south-1,"Johannesburg, South Africa",303.5
2025-12-15 01:01:45,cloudping Huawei,na-mexico-1,"Mexico City 1, Mexico",145.5
2025-12-15 01:01:45,cloudping Huawei,la-north-2,"Mexico City 2, Mexico",172.5
2025-12-15 01:01:45,cloudping Huawei,ap-southeast-3,Singapore,192
2025-12-15 01:01:45,cloudping Huawei,ap-southeast-1,"Hong Kong, China",216
2025-12-15 01:01:45,cloudping Huawei,sa-brazil-1,"Sao Paulo, Brazil",232
2025-12-15 01:01:45,cloudping Huawei,ap-southeast-2,"Bangkok, Thailand",242
2025-12-15 01:01:45,cloudping Huawei,la-south-2,"Santiago, Chile",249
2025-12-15 01:01:45,cloudping Huawei,af-south-1,"Johannesburg, South Africa",303.5
2025-12-15 01:01:45,cloudping Huawei,cn-east-2,Shanghai 2,215
2025-12-15 01:01:45,cloudping Huawei,cn-east-3,Shanghai 1,228
2025-12-15 01:01:45,cloudping Huawei,cn-north-9,Wulanchabu,235
2025-12-15 01:01:45,cloudping Huawei,cn-south-1,Guangzhou,246
2025-12-15 01:01:45,cloudping Huawei,cn-southwest-2,Guiyang 1,272
2025-12-15 01:01:45,cloudping Huawei,cn-north-1,Beijing 1,353.5
2025-12-15 01:01:45,cloudping Huawei,cn-north-4,Beijing 4,452.5
2025-12-15 01:27:44,cloudping Huawei,na-mexico-1,"Mexico City 1, Mexico",146.5
2025-12-15 01:27:44,cloudping Huawei,la-north-2,"Mexico City 2, Mexico",151.5
2025-12-15 01:27:44,cloudping Huawei,ap-southeast-3,Singapore,187.5
2025-12-15 01:27:44,cloudping Huawei,ap-southeast-1,"Hong Kong, China",222
2025-12-15 01:27:44,cloudping Huawei,sa-brazil-1,"Sao Paulo, Brazil",224
2025-12-15 01:27:44,cloudping Huawei,ap-southeast-2,"Bangkok, Thailand",230.5
2025-12-15 01:27:44,cloudping Huawei,la-south-2,"Santiago, Chile",243
2025-12-15 01:27:44,cloudping Huawei,af-south-1,"Johannesburg, South Africa",254.5
2025-12-15 01:27:44,cloudping Huawei,na-mexico-1,"Mexico City 1, Mexico",146.5
2025-12-15 01:27:44,cloudping Huawei,la-north-2,"Mexico City 2, Mexico",151.5
2025-12-15 01:27:44,cloudping Huawei,ap-southeast-3,Singapore,187.5
2025-12-15 01:27:44,cloudping Huawei,ap-southeast-1,"Hong Kong, China",222
2025-12-15 01:27:44,cloudping Huawei,sa-brazil-1,"Sao Paulo, Brazil",224
2025-12-15 01:27:44,cloudping Huawei,ap-southeast-2,"Bangkok, Thailand",230.5
2025-12-15 01:27:44,cloudping Huawei,la-south-2,"Santiago, Chile",243
2025-12-15 01:27:44,cloudping Huawei,af-south-1,"Johannesburg, South Africa",254.5
2025-12-15 01:27:44,cloudping Huawei,cn-east-2,Shanghai 2,203.5
2025-12-15 01:27:44,cloudping Huawei,cn-east-3,Shanghai 1,217
2025-12-15 01:27:44,cloudping Huawei,cn-north-1,Beijing 1,368.5
2025-12-15 01:27:44,cloudping Huawei,cn-north-4,Beijing 4,417
2025-12-15 01:27:44,cloudping Huawei,cn-south-1,Guangzhou,450.5
2025-12-15 01:27:44,cloudping Huawei,cn-north-9,Wulanchabu,456.5
2025-12-15 01:27:44,cloudping Huawei,cn-southwest-2,Guiyang 1,503
2025-12-15 01:53:46,cloudping Huawei,na-mexico-1,"Mexico City 1, Mexico",147
2025-12-15 01:53:46,cloudping Huawei,la-north-2,"Mexico City 2, Mexico",149.5
2025-12-15 01:53:46,cloudping Huawei,ap-southeast-3,Singapore,189
2025-12-15 01:53:46,cloudping Huawei,ap-southeast-1,"Hong Kong, China",220
2025-12-15 01:53:46,cloudping Huawei,sa-brazil-1,"Sao Paulo, Brazil",227.5
2025-12-15 01:53:46,cloudping Huawei,la-south-2,"Santiago, Chile",244
2025-12-15 01:53:46,cloudping Huawei,ap-southeast-2,"Bangkok, Thailand",244
2025-12-15 01:53:46,cloudping Huawei,af-south-1,"Johannesburg, South Africa",783
2025-12-15 01:53:46,cloudping Huawei,na-mexico-1,"Mexico City 1, Mexico",147
2025-12-15 01:53:46,cloudping Huawei,la-north-2,"Mexico City 2, Mexico",149.5
2025-12-15 01:53:46,cloudping Huawei,ap-southeast-3,Singapore,189
2025-12-15 01:53:46,cloudping Huawei,ap-southeast-1,"Hong Kong, China",220
2025-12-15 01:53:46,cloudping Huawei,sa-brazil-1,"Sao Paulo, Brazil",227.5
2025-12-15 01:53:46,cloudping Huawei,la-south-2,"Santiago, Chile",244
2025-12-15 01:53:46,cloudping Huawei,ap-southeast-2,"Bangkok, Thailand",244
2025-12-15 01:53:46,cloudping Huawei,af-south-1,"Johannesburg, South Africa",783
2025-12-15 01:53:46,cloudping Huawei,cn-east-2,Shanghai 2,204.5
2025-12-15 01:53:46,cloudping Huawei,cn-east-3,Shanghai 1,217
2025-12-15 01:53:46,cloudping Huawei,cn-southwest-2,Guiyang 1,234
2025-12-15 01:53:46,cloudping Huawei,cn-north-4,Beijing 4,481.5
2025-12-15 01:53:46,cloudping Huawei,cn-south-1,Guangzhou,509
2025-12-15 01:53:46,cloudping Huawei,cn-north-9,Wulanchabu,547.5
2025-12-15 01:53:46,cloudping Huawei,cn-north-1,Beijing 1,574.5
2025-12-15 02:19:45,cloudping Huawei,na-mexico-1,"Mexico City 1, Mexico",144
2025-12-15 02:19:45,cloudping Huawei,ap-southeast-3,Singapore,190.5
2025-12-15 02:19:45,cloudping Huawei,la-north-2,"Mexico City 2, Mexico",193
2025-12-15 02:19:45,cloudping Huawei,sa-brazil-1,"Sao Paulo, Brazil",225
2025-12-15 02:19:45,cloudping Huawei,la-south-2,"Santiago, Chile",236
2025-12-15 02:19:45,cloudping Huawei,ap-southeast-1,"Hong Kong, China",242.5
2025-12-15 02:19:45,cloudping Huawei,ap-southeast-2,"Bangkok, Thailand",253.5
2025-12-15 02:19:45,cloudping Huawei,af-south-1,"Johannesburg, South Africa",358
2025-12-15 02:19:45,cloudping Huawei,na-mexico-1,"Mexico City 1, Mexico",144
2025-12-15 02:19:45,cloudping Huawei,ap-southeast-3,Singapore,190.5
2025-12-15 02:19:45,cloudping Huawei,la-north-2,"Mexico City 2, Mexico",193
2025-12-15 02:19:45,cloudping Huawei,sa-brazil-1,"Sao Paulo, Brazil",225
2025-12-15 02:19:45,cloudping Huawei,la-south-2,"Santiago, Chile",236
2025-12-15 02:19:45,cloudping Huawei,ap-southeast-1,"Hong Kong, China",242.5
2025-12-15 02:19:45,cloudping Huawei,ap-southeast-2,"Bangkok, Thailand",253.5
2025-12-15 02:19:45,cloudping Huawei,af-south-1,"Johannesburg, South Africa",358
2025-12-15 02:19:45,cloudping Huawei,cn-south-1,Guangzhou,218
2025-12-15 02:19:45,cloudping Huawei,cn-east-3,Shanghai 1,220.5
2025-12-15 02:19:45,cloudping Huawei,cn-east-2,Shanghai 2,226.5
2025-12-15 02:19:45,cloudping Huawei,cn-north-9,Wulanchabu,237.5
2025-12-15 02:19:45,cloudping Huawei,cn-north-1,Beijing 1,238
2025-12-15 02:19:45,cloudping Huawei,cn-southwest-2,Guiyang 1,243
2025-12-15 02:19:45,cloudping Huawei,cn-north-4,Beijing 4,285
2025-12-15 02:45:45,cloudping Huawei,na-mexico-1,"Mexico City 1, Mexico",142.5
2025-12-15 02:45:45,cloudping Huawei,la-north-2,"Mexico City 2, Mexico",154.5
2025-12-15 02:45:45,cloudping Huawei,ap-southeast-3,Singapore,191.5
2025-12-15 02:45:45,cloudping Huawei,sa-brazil-1,"Sao Paulo, Brazil",223
2025-12-15 02:45:45,cloudping Huawei,ap-southeast-1,"Hong Kong, China",227.5
2025-12-15 02:45:45,cloudping Huawei,la-south-2,"Santiago, Chile",230.5
2025-12-15 02:45:45,cloudping Huawei,ap-southeast-2,"Bangkok, Thailand",233.5
2025-12-15 02:45:45,cloudping Huawei,af-south-1,"Johannesburg, South Africa",268.5
2025-12-15 02:45:45,cloudping Huawei,na-mexico-1,"Mexico City 1, Mexico",142.5
2025-12-15 02:45:45,cloudping Huawei,la-north-2,"Mexico City 2, Mexico",154.5
2025-12-15 02:45:45,cloudping Huawei,ap-southeast-3,Singapore,191.5
2025-12-15 02:45:45,cloudping Huawei,sa-brazil-1,"Sao Paulo, Brazil",223
2025-12-15 02:45:45,cloudping Huawei,ap-southeast-1,"Hong Kong, China",227.5
2025-12-15 02:45:45,cloudping Huawei,la-south-2,"Santiago, Chile",230.5
2025-12-15 02:45:45,cloudping Huawei,ap-southeast-2,"Bangkok, Thailand",233.5
2025-12-15 02:45:45,cloudping Huawei,af-south-1,"Johannesburg, South Africa",268.5
2025-12-15 02:45:45,cloudping Huawei,cn-east-3,Shanghai 1,215
2025-12-15 02:45:45,cloudping Huawei,cn-east-2,Shanghai 2,219
2025-12-15 02:45:45,cloudping Huawei,cn-north-4,Beijing 4,220.5
2025-12-15 02:45:45,cloudping Huawei,cn-north-1,Beijing 1,232
2025-12-15 02:45:45,cloudping Huawei,cn-south-1,Guangzhou,247
2025-12-15 02:45:45,cloudping Huawei,cn-north-9,Wulanchabu,279.5
2025-12-15 02:45:45,cloudping Huawei,cn-southwest-2,Guiyang 1,325.5
2025-12-15 03:11:46,cloudping Huawei,na-mexico-1,"Mexico City 1, Mexico",159.5
2025-12-15 03:11:46,cloudping Huawei,la-north-2,"Mexico City 2, Mexico",170.5
2025-12-15 03:11:46,cloudping Huawei,sa-brazil-1,"Sao Paulo, Brazil",224.5
2025-12-15 03:11:46,cloudping Huawei,ap-southeast-3,Singapore,227
2025-12-15 03:11:46,cloudping Huawei,ap-southeast-1,"Hong Kong, China",232
2025-12-15 03:11:46,cloudping Huawei,la-south-2,"Santiago, Chile",238
2025-12-15 03:11:46,cloudping Huawei,af-south-1,"Johannesburg, South Africa",310
2025-12-15 03:11:46,cloudping Huawei,ap-southeast-2,"Bangkok, Thailand",476
2025-12-15 03:11:46,cloudping Huawei,na-mexico-1,"Mexico City 1, Mexico",159.5
2025-12-15 03:11:46,cloudping Huawei,la-north-2,"Mexico City 2, Mexico",170.5
2025-12-15 03:11:46,cloudping Huawei,sa-brazil-1,"Sao Paulo, Brazil",224.5
2025-12-15 03:11:46,cloudping Huawei,ap-southeast-3,Singapore,227
2025-12-15 03:11:46,cloudping Huawei,ap-southeast-1,"Hong Kong, China",232
2025-12-15 03:11:46,cloudping Huawei,la-south-2,"Santiago, Chile",238
2025-12-15 03:11:46,cloudping Huawei,af-south-1,"Johannesburg, South Africa",310
2025-12-15 03:11:46,cloudping Huawei,ap-southeast-2,"Bangkok, Thailand",476
2025-12-15 03:11:46,cloudping Huawei,cn-south-1,Guangzhou,216.5
2025-12-15 03:11:46,cloudping Huawei,cn-north-9,Wulanchabu,255.5
2025-12-15 03:11:46,cloudping Huawei,cn-north-1,Beijing 1,260.5
2025-12-15 03:11:46,cloudping Huawei,cn-north-4,Beijing 4,266
2025-12-15 03:11:46,cloudping Huawei,cn-east-3,Shanghai 1,454.5
2025-12-15 03:11:46,cloudping Huawei,cn-east-2,Shanghai 2,459.5
2025-12-15 03:11:46,cloudping Huawei,cn-southwest-2,Guiyang 1,576
2025-12-15 03:37:47,cloudping Huawei,na-mexico-1,"Mexico City 1, Mexico",145
2025-12-15 03:37:47,cloudping Huawei,la-north-2,"Mexico City 2, Mexico",153.5
2025-12-15 03:37:47,cloudping Huawei,ap-southeast-1,"Hong Kong, China",214.5
2025-12-15 03:37:47,cloudping Huawei,sa-brazil-1,"Sao Paulo, Brazil",222
2025-12-15 03:37:47,cloudping Huawei,ap-southeast-2,"Bangkok, Thailand",235.5
2025-12-15 03:37:47,cloudping Huawei,la-south-2,"Santiago, Chile",236
2025-12-15 03:37:47,cloudping Huawei,ap-southeast-3,Singapore,279
2025-12-15 03:37:47,cloudping Huawei,af-south-1,"Johannesburg, South Africa",542.5
2025-12-15 03:37:47,cloudping Huawei,na-mexico-1,"Mexico City 1, Mexico",145
2025-12-15 03:37:47,cloudping Huawei,la-north-2,"Mexico City 2, Mexico",153.5
2025-12-15 03:37:47,cloudping Huawei,ap-southeast-1,"Hong Kong, China",214.5
2025-12-15 03:37:47,cloudping Huawei,sa-brazil-1,"Sao Paulo, Brazil",222
2025-12-15 03:37:47,cloudping Huawei,ap-southeast-2,"Bangkok, Thailand",235.5
2025-12-15 03:37:47,cloudping Huawei,la-south-2,"Santiago, Chile",236
2025-12-15 03:37:47,cloudping Huawei,ap-southeast-3,Singapore,279
2025-12-15 03:37:47,cloudping Huawei,af-south-1,"Johannesburg, South Africa",542.5
2025-12-15 03:37:47,cloudping Huawei,cn-north-1,Beijing 1,231
2025-12-15 03:37:47,cloudping Huawei,cn-east-2,Shanghai 2,437.5
2025-12-15 03:37:47,cloudping Huawei,cn-southwest-2,Guiyang 1,469.5
2025-12-15 03:37:47,cloudping Huawei,cn-north-4,Beijing 4,527.5
2025-12-15 03:37:47,cloudping Huawei,cn-north-9,Wulanchabu,546.5
2025-12-15 03:37:47,cloudping Huawei,cn-south-1,Guangzhou,587
2025-12-15 03:37:47,cloudping Huawei,cn-east-3,Shanghai 1,763.5
2025-12-15 04:03:47,cloudping Huawei,la-north-2,"Mexico City 2, Mexico",154.5
2025-12-15 04:03:47,cloudping Huawei,na-mexico-1,"Mexico City 1, Mexico",195
2025-12-15 04:03:47,cloudping Huawei,ap-southeast-1,"Hong Kong, China",212.5
2025-12-15 04:03:47,cloudping Huawei,sa-brazil-1,"Sao Paulo, Brazil",224.5
2025-12-15 04:03:47,cloudping Huawei,ap-southeast-3,Singapore,235.5
2025-12-15 04:03:47,cloudping Huawei,la-south-2,"Santiago, Chile",239
2025-12-15 04:03:47,cloudping Huawei,ap-southeast-2,"Bangkok, Thailand",254
2025-12-15 04:03:47,cloudping Huawei,af-south-1,"Johannesburg, South Africa",557
2025-12-15 04:03:47,cloudping Huawei,la-north-2,"Mexico City 2, Mexico",154.5
2025-12-15 04:03:47,cloudping Huawei,na-mexico-1,"Mexico City 1, Mexico",195
2025-12-15 04:03:47,cloudping Huawei,ap-southeast-1,"Hong Kong, China",212.5
2025-12-15 04:03:47,cloudping Huawei,sa-brazil-1,"Sao Paulo, Brazil",224.5
2025-12-15 04:03:47,cloudping Huawei,ap-southeast-3,Singapore,235.5
2025-12-15 04:03:47,cloudping Huawei,la-south-2,"Santiago, Chile",239
2025-12-15 04:03:47,cloudping Huawei,ap-southeast-2,"Bangkok, Thailand",254
2025-12-15 04:03:47,cloudping Huawei,af-south-1,"Johannesburg, South Africa",557
2025-12-15 04:03:47,cloudping Huawei,cn-east-2,Shanghai 2,212.5
2025-12-15 04:03:47,cloudping Huawei,cn-south-1,Guangzhou,236.5
2025-12-15 04:03:47,cloudping Huawei,cn-north-4,Beijing 4,239
2025-12-15 04:03:47,cloudping Huawei,cn-southwest-2,Guiyang 1,243.5
2025-12-15 04:03:47,cloudping Huawei,cn-north-9,Wulanchabu,271
2025-12-15 04:03:47,cloudping Huawei,cn-east-3,Shanghai 1,300.5
2025-12-15 04:03:47,cloudping Huawei,cn-north-1,Beijing 1,450.5
2025-12-15 04:29:47,cloudping Huawei,la-north-2,"Mexico City 2, Mexico",156.5
2025-12-15 04:29:47,cloudping Huawei,na-mexico-1,"Mexico City 1, Mexico",165.5
2025-12-15 04:29:47,cloudping Huawei,ap-southeast-3,Singapore,211
2025-12-15 04:29:47,cloudping Huawei,ap-southeast-1,"Hong Kong, China",259.5
2025-12-15 04:29:47,cloudping Huawei,la-south-2,"Santiago, Chile",272.5
2025-12-15 04:29:47,cloudping Huawei,sa-brazil-1,"Sao Paulo, Brazil",295.5
2025-12-15 04:29:47,cloudping Huawei,af-south-1,"Johannesburg, South Africa",321.5
2025-12-15 04:29:47,cloudping Huawei,ap-southeast-2,"Bangkok, Thailand",357.5
2025-12-15 04:29:47,cloudping Huawei,la-north-2,"Mexico City 2, Mexico",156.5
2025-12-15 04:29:47,cloudping Huawei,na-mexico-1,"Mexico City 1, Mexico",165.5
2025-12-15 04:29:47,cloudping Huawei,ap-southeast-3,Singapore,211
2025-12-15 04:29:47,cloudping Huawei,ap-southeast-1,"Hong Kong, China",259.5
2025-12-15 04:29:47,cloudping Huawei,la-south-2,"Santiago, Chile",272.5
2025-12-15 04:29:47,cloudping Huawei,sa-brazil-1,"Sao Paulo, Brazil",295.5
2025-12-15 04:29:47,cloudping Huawei,af-south-1,"Johannesburg, South Africa",321.5
2025-12-15 04:29:47,cloudping Huawei,ap-southeast-2,"Bangkok, Thailand",357.5
2025-12-15 04:29:47,cloudping Huawei,cn-east-2,Shanghai 2,356
2025-12-15 04:29:47,cloudping Huawei,cn-north-1,Beijing 1,438.5
2025-12-15 04:29:47,cloudping Huawei,cn-south-1,Guangzhou,472
2025-12-15 04:29:47,cloudping Huawei,cn-southwest-2,Guiyang 1,472.5
2025-12-15 04:29:47,cloudping Huawei,cn-north-4,Beijing 4,530.5
2025-12-15 04:29:47,cloudping Huawei,cn-east-3,Shanghai 1,537.5
2025-12-15 04:29:47,cloudping Huawei,cn-north-9,Wulanchabu,582
2025-12-15 04:55:48,cloudping Huawei,na-mexico-1,"Mexico City 1, Mexico",151
2025-12-15 04:55:48,cloudping Huawei,la-north-2,"Mexico City 2, Mexico",152
2025-12-15 04:55:48,cloudping Huawei,ap-southeast-3,Singapore,192
2025-12-15 04:55:48,cloudping Huawei,ap-southeast-1,"Hong Kong, China",217
2025-12-15 04:55:48,cloudping Huawei,sa-brazil-1,"Sao Paulo, Brazil",226
2025-12-15 04:55:48,cloudping Huawei,ap-southeast-2,"Bangkok, Thailand",240
2025-12-15 04:55:48,cloudping Huawei,la-south-2,"Santiago, Chile",322.5
2025-12-15 04:55:48,cloudping Huawei,af-south-1,"Johannesburg, South Africa",586.5
2025-12-15 04:55:48,cloudping Huawei,na-mexico-1,"Mexico City 1, Mexico",151
2025-12-15 04:55:48,cloudping Huawei,la-north-2,"Mexico City 2, Mexico",152
2025-12-15 04:55:48,cloudping Huawei,ap-southeast-3,Singapore,192
2025-12-15 04:55:48,cloudping Huawei,ap-southeast-1,"Hong Kong, China",217
2025-12-15 04:55:48,cloudping Huawei,sa-brazil-1,"Sao Paulo, Brazil",226
2025-12-15 04:55:48,cloudping Huawei,ap-southeast-2,"Bangkok, Thailand",240
2025-12-15 04:55:48,cloudping Huawei,la-south-2,"Santiago, Chile",322.5
2025-12-15 04:55:48,cloudping Huawei,af-south-1,"Johannesburg, South Africa",586.5
2025-12-15 04:55:48,cloudping Huawei,cn-east-2,Shanghai 2,233.5
2025-12-15 04:55:48,cloudping Huawei,cn-southwest-2,Guiyang 1,244
2025-12-15 04:55:48,cloudping Huawei,cn-north-1,Beijing 1,406.5
2025-12-15 04:55:48,cloudping Huawei,cn-north-9,Wulanchabu,498
2025-12-15 04:55:48,cloudping Huawei,cn-south-1,Guangzhou,520
2025-12-15 04:55:48,cloudping Huawei,cn-east-3,Shanghai 1,854.5
2025-12-15 04:55:48,cloudping Huawei,cn-north-4,Beijing 4,1390
2025-12-15 05:21:48,cloudping Huawei,la-north-2,"Mexico City 2, Mexico",156
2025-12-15 05:21:48,cloudping Huawei,na-mexico-1,"Mexico City 1, Mexico",173.5
2025-12-15 05:21:48,cloudping Huawei,ap-southeast-1,"Hong Kong, China",211
2025-12-15 05:21:48,cloudping Huawei,ap-southeast-3,Singapore,214.5
2025-12-15 05:21:48,cloudping Huawei,sa-brazil-1,"Sao Paulo, Brazil",223.5
2025-12-15 05:21:48,cloudping Huawei,la-south-2,"Santiago, Chile",235
2025-12-15 05:21:48,cloudping Huawei,ap-southeast-2,"Bangkok, Thailand",270
2025-12-15 05:21:48,cloudping Huawei,af-south-1,"Johannesburg, South Africa",357
2025-12-15 05:21:48,cloudping Huawei,la-north-2,"Mexico City 2, Mexico",156
2025-12-15 05:21:48,cloudping Huawei,na-mexico-1,"Mexico City 1, Mexico",173.5
2025-12-15 05:21:48,cloudping Huawei,ap-southeast-1,"Hong Kong, China",211
2025-12-15 05:21:48,cloudping Huawei,ap-southeast-3,Singapore,214.5
2025-12-15 05:21:48,cloudping Huawei,sa-brazil-1,"Sao Paulo, Brazil",223.5
2025-12-15 05:21:48,cloudping Huawei,la-south-2,"Santiago, Chile",235
2025-12-15 05:21:48,cloudping Huawei,ap-southeast-2,"Bangkok, Thailand",270
2025-12-15 05:21:48,cloudping Huawei,af-south-1,"Johannesburg, South Africa",357
2025-12-15 05:21:48,cloudping Huawei,cn-north-1,Beijing 1,185.5
2025-12-15 05:21:48,cloudping Huawei,cn-east-2,Shanghai 2,229
2025-12-15 05:21:48,cloudping Huawei,cn-southwest-2,Guiyang 1,233.5
2025-12-15 05:21:48,cloudping Huawei,cn-south-1,Guangzhou,238.5
2025-12-15 05:21:48,cloudping Huawei,cn-east-3,Shanghai 1,249.5
2025-12-15 05:21:48,cloudping Huawei,cn-north-4,Beijing 4,276.5
2025-12-15 05:21:48,cloudping Huawei,cn-north-9,Wulanchabu,286.5
2025-12-15 05:47:50,cloudping Huawei,na-mexico-1,"Mexico City 1, Mexico",150
2025-12-15 05:47:50,cloudping Huawei,la-north-2,"Mexico City 2, Mexico",160.5
2025-12-15 05:47:50,cloudping Huawei,ap-southeast-3,Singapore,188.5
2025-12-15 05:47:50,cloudping Huawei,sa-brazil-1,"Sao Paulo, Brazil",221.5
2025-12-15 05:47:50,cloudping Huawei,ap-southeast-1,"Hong Kong, China",231
2025-12-15 05:47:50,cloudping Huawei,ap-southeast-2,"Bangkok, Thailand",236.5
2025-12-15 05:47:50,cloudping Huawei,af-south-1,"Johannesburg, South Africa",241
2025-12-15 05:47:50,cloudping Huawei,la-south-2,"Santiago, Chile",390.5
2025-12-15 05:47:50,cloudping Huawei,na-mexico-1,"Mexico City 1, Mexico",150
2025-12-15 05:47:50,cloudping Huawei,la-north-2,"Mexico City 2, Mexico",160.5
2025-12-15 05:47:50,cloudping Huawei,ap-southeast-3,Singapore,188.5
2025-12-15 05:47:50,cloudping Huawei,sa-brazil-1,"Sao Paulo, Brazil",221.5
2025-12-15 05:47:50,cloudping Huawei,ap-southeast-1,"Hong Kong, China",231
2025-12-15 05:47:50,cloudping Huawei,ap-southeast-2,"Bangkok, Thailand",236.5
2025-12-15 05:47:50,cloudping Huawei,af-south-1,"Johannesburg, South Africa",241
2025-12-15 05:47:50,cloudping Huawei,la-south-2,"Santiago, Chile",390.5
2025-12-15 05:47:50,cloudping Huawei,cn-north-1,Beijing 1,189.5
2025-12-15 05:47:50,cloudping Huawei,cn-east-2,Shanghai 2,215.5
2025-12-15 05:47:50,cloudping Huawei,cn-east-3,Shanghai 1,216.5
2025-12-15 05:47:50,cloudping Huawei,cn-south-1,Guangzhou,233
2025-12-15 05:47:50,cloudping Huawei,cn-north-9,Wulanchabu,235.5
2025-12-15 05:47:50,cloudping Huawei,cn-southwest-2,Guiyang 1,243.5
2025-12-15 05:47:50,cloudping Huawei,cn-north-4,Beijing 4,280.5
2025-12-15 06:13:50,cloudping Huawei,ap-southeast-3,Singapore,191
2025-12-15 06:13:50,cloudping Huawei,na-mexico-1,"Mexico City 1, Mexico",200
2025-12-15 06:13:50,cloudping Huawei,la-north-2,"Mexico City 2, Mexico",200.5
2025-12-15 06:13:50,cloudping Huawei,ap-southeast-1,"Hong Kong, China",230
2025-12-15 06:13:50,cloudping Huawei,sa-brazil-1,"Sao Paulo, Brazil",233.5
2025-12-15 06:13:50,cloudping Huawei,ap-southeast-2,"Bangkok, Thailand",238
2025-12-15 06:13:50,cloudping Huawei,la-south-2,"Santiago, Chile",238.5
2025-12-15 06:13:50,cloudping Huawei,af-south-1,"Johannesburg, South Africa",240
2025-12-15 06:13:50,cloudping Huawei,ap-southeast-3,Singapore,191
2025-12-15 06:13:50,cloudping Huawei,na-mexico-1,"Mexico City 1, Mexico",200
2025-12-15 06:13:50,cloudping Huawei,la-north-2,"Mexico City 2, Mexico",200.5
2025-12-15 06:13:50,cloudping Huawei,ap-southeast-1,"Hong Kong, China",230
2025-12-15 06:13:50,cloudping Huawei,sa-brazil-1,"Sao Paulo, Brazil",233.5
2025-12-15 06:13:50,cloudping Huawei,ap-southeast-2,"Bangkok, Thailand",238
2025-12-15 06:13:50,cloudping Huawei,la-south-2,"Santiago, Chile",238.5
2025-12-15 06:13:50,cloudping Huawei,af-south-1,"Johannesburg, South Africa",240
2025-12-15 06:13:50,cloudping Huawei,cn-east-3,Shanghai 1,221
2025-12-15 06:13:50,cloudping Huawei,cn-north-9,Wulanchabu,226
2025-12-15 06:13:50,cloudping Huawei,cn-north-4,Beijing 4,226.5
2025-12-15 06:13:50,cloudping Huawei,cn-north-1,Beijing 1,235.5
2025-12-15 06:13:50,cloudping Huawei,cn-east-2,Shanghai 2,240.5
2025-12-15 06:13:50,cloudping Huawei,cn-southwest-2,Guiyang 1,274
2025-12-15 06:13:50,cloudping Huawei,cn-south-1,Guangzhou,276
2025-12-15 06:39:48,cloudping Huawei,la-north-2,"Mexico City 2, Mexico",153.5
2025-12-15 06:39:48,cloudping Huawei,na-mexico-1,"Mexico City 1, Mexico",182
2025-12-15 06:39:48,cloudping Huawei,ap-southeast-3,Singapore,188.5
2025-12-15 06:39:48,cloudping Huawei,ap-southeast-1,"Hong Kong, China",227
2025-12-15 06:39:48,cloudping Huawei,la-south-2,"Santiago, Chile",235
2025-12-15 06:39:48,cloudping Huawei,ap-southeast-2,"Bangkok, Thailand",257.5
2025-12-15 06:39:48,cloudping Huawei,sa-brazil-1,"Sao Paulo, Brazil",298.5
2025-12-15 06:39:48,cloudping Huawei,af-south-1,"Johannesburg, South Africa",512.5
2025-12-15 06:39:48,cloudping Huawei,la-north-2,"Mexico City 2, Mexico",153.5
2025-12-15 06:39:48,cloudping Huawei,na-mexico-1,"Mexico City 1, Mexico",182
2025-12-15 06:39:48,cloudping Huawei,ap-southeast-3,Singapore,188.5
2025-12-15 06:39:48,cloudping Huawei,ap-southeast-1,"Hong Kong, China",227
2025-12-15 06:39:48,cloudping Huawei,la-south-2,"Santiago, Chile",235
2025-12-15 06:39:48,cloudping Huawei,ap-southeast-2,"Bangkok, Thailand",257.5
2025-12-15 06:39:48,cloudping Huawei,sa-brazil-1,"Sao Paulo, Brazil",298.5
2025-12-15 06:39:48,cloudping Huawei,af-south-1,"Johannesburg, South Africa",512.5
2025-12-15 06:39:48,cloudping Huawei,cn-north-1,Beijing 1,187
2025-12-15 06:39:48,cloudping Huawei,cn-east-2,Shanghai 2,200
2025-12-15 06:39:48,cloudping Huawei,cn-south-1,Guangzhou,239
2025-12-15 06:39:48,cloudping Huawei,cn-southwest-2,Guiyang 1,262.5
2025-12-15 06:39:48,cloudping Huawei,cn-north-4,Beijing 4,284
2025-12-15 06:39:48,cloudping Huawei,cn-east-3,Shanghai 1,315.5
2025-12-15 06:39:48,cloudping Huawei,cn-north-9,Wulanchabu,335
2025-12-15 07:05:50,cloudping Huawei,la-north-2,"Mexico City 2, Mexico",152.5
2025-12-15 07:05:50,cloudping Huawei,na-mexico-1,"Mexico City 1, Mexico",168
2025-12-15 07:05:50,cloudping Huawei,ap-southeast-3,Singapore,192
2025-12-15 07:05:50,cloudping Huawei,ap-southeast-1,"Hong Kong, China",216.5
2025-12-15 07:05:50,cloudping Huawei,sa-brazil-1,"Sao Paulo, Brazil",225
2025-12-15 07:05:50,cloudping Huawei,ap-southeast-2,"Bangkok, Thailand",239
2025-12-15 07:05:50,cloudping Huawei,la-south-2,"Santiago, Chile",313.5
2025-12-15 07:05:50,cloudping Huawei,af-south-1,"Johannesburg, South Africa",718
2025-12-15 07:05:50,cloudping Huawei,la-north-2,"Mexico City 2, Mexico",152.5
2025-12-15 07:05:50,cloudping Huawei,na-mexico-1,"Mexico City 1, Mexico",168
2025-12-15 07:05:50,cloudping Huawei,ap-southeast-3,Singapore,192
2025-12-15 07:05:50,cloudping Huawei,ap-southeast-1,"Hong Kong, China",216.5
2025-12-15 07:05:50,cloudping Huawei,sa-brazil-1,"Sao Paulo, Brazil",225
2025-12-15 07:05:50,cloudping Huawei,ap-southeast-2,"Bangkok, Thailand",239
2025-12-15 07:05:50,cloudping Huawei,la-south-2,"Santiago, Chile",313.5
2025-12-15 07:05:50,cloudping Huawei,af-south-1,"Johannesburg, South Africa",718
2025-12-15 07:05:50,cloudping Huawei,cn-east-2,Shanghai 2,230.5
2025-12-15 07:05:50,cloudping Huawei,cn-north-4,Beijing 4,232
2025-12-15 07:05:50,cloudping Huawei,cn-south-1,Guangzhou,250.5
2025-12-15 07:05:50,cloudping Huawei,cn-east-3,Shanghai 1,252
2025-12-15 07:05:50,cloudping Huawei,cn-north-1,Beijing 1,258
2025-12-15 07:05:50,cloudping Huawei,cn-southwest-2,Guiyang 1,291
2025-12-15 07:05:50,cloudping Huawei,cn-north-9,Wulanchabu,322
2025-12-15 07:31:49,cloudping Huawei,na-mexico-1,"Mexico City 1, Mexico",160.5
2025-12-15 07:31:49,cloudping Huawei,la-north-2,"Mexico City 2, Mexico",171.5
2025-12-15 07:31:49,cloudping Huawei,ap-southeast-3,Singapore,191
2025-12-15 07:31:49,cloudping Huawei,ap-southeast-1,"Hong Kong, China",215
2025-12-15 07:31:49,cloudping Huawei,la-south-2,"Santiago, Chile",231.5
2025-12-15 07:31:49,cloudping Huawei,sa-brazil-1,"Sao Paulo, Brazil",243
2025-12-15 07:31:49,cloudping Huawei,ap-southeast-2,"Bangkok, Thailand",246
2025-12-15 07:31:49,cloudping Huawei,af-south-1,"Johannesburg, South Africa",257
2025-12-15 07:31:49,cloudping Huawei,na-mexico-1,"Mexico City 1, Mexico",160.5
2025-12-15 07:31:49,cloudping Huawei,la-north-2,"Mexico City 2, Mexico",171.5
2025-12-15 07:31:49,cloudping Huawei,ap-southeast-3,Singapore,191
2025-12-15 07:31:49,cloudping Huawei,ap-southeast-1,"Hong Kong, China",215
2025-12-15 07:31:49,cloudping Huawei,la-south-2,"Santiago, Chile",231.5
2025-12-15 07:31:49,cloudping Huawei,sa-brazil-1,"Sao Paulo, Brazil",243
2025-12-15 07:31:49,cloudping Huawei,ap-southeast-2,"Bangkok, Thailand",246
2025-12-15 07:31:49,cloudping Huawei,af-south-1,"Johannesburg, South Africa",257
2025-12-15 07:31:49,cloudping Huawei,cn-north-1,Beijing 1,217
2025-12-15 07:31:49,cloudping Huawei,cn-north-4,Beijing 4,228.5
2025-12-15 07:31:49,cloudping Huawei,cn-east-3,Shanghai 1,264
2025-12-15 07:31:49,cloudping Huawei,cn-southwest-2,Guiyang 1,266
2025-12-15 07:31:49,cloudping Huawei,cn-north-9,Wulanchabu,270.5
2025-12-15 07:31:49,cloudping Huawei,cn-east-2,Shanghai 2,521.5
2025-12-15 07:31:49,cloudping Huawei,cn-south-1,Guangzhou,914.5
2025-12-15 07:57:51,cloudping Huawei,na-mexico-1,"Mexico City 1, Mexico",145.5
2025-12-15 07:57:51,cloudping Huawei,la-north-2,"Mexico City 2, Mexico",148.5
2025-12-15 07:57:51,cloudping Huawei,ap-southeast-3,Singapore,190
2025-12-15 07:57:51,cloudping Huawei,ap-southeast-1,"Hong Kong, China",216.5
2025-12-15 07:57:51,cloudping Huawei,sa-brazil-1,"Sao Paulo, Brazil",222.5
2025-12-15 07:57:51,cloudping Huawei,af-south-1,"Johannesburg, South Africa",237.5
2025-12-15 07:57:51,cloudping Huawei,ap-southeast-2,"Bangkok, Thailand",248.5
2025-12-15 07:57:51,cloudping Huawei,la-south-2,"Santiago, Chile",321
2025-12-15 07:57:51,cloudping Huawei,na-mexico-1,"Mexico City 1, Mexico",145.5
2025-12-15 07:57:51,cloudping Huawei,la-north-2,"Mexico City 2, Mexico",148.5
2025-12-15 07:57:51,cloudping Huawei,ap-southeast-3,Singapore,190
2025-12-15 07:57:51,cloudping Huawei,ap-southeast-1,"Hong Kong, China",216.5
2025-12-15 07:57:51,cloudping Huawei,sa-brazil-1,"Sao Paulo, Brazil",222.5
2025-12-15 07:57:51,cloudping Huawei,af-south-1,"Johannesburg, South Africa",237.5
2025-12-15 07:57:51,cloudping Huawei,ap-southeast-2,"Bangkok, Thailand",248.5
2025-12-15 07:57:51,cloudping Huawei,la-south-2,"Santiago, Chile",321
2025-12-15 07:57:51,cloudping Huawei,cn-north-1,Beijing 1,204.5
2025-12-15 07:57:51,cloudping Huawei,cn-east-2,Shanghai 2,217
2025-12-15 07:57:51,cloudping Huawei,cn-north-9,Wulanchabu,230
2025-12-15 07:57:51,cloudping Huawei,cn-southwest-2,Guiyang 1,247.5
2025-12-15 07:57:51,cloudping Huawei,cn-north-4,Beijing 4,256.5
2025-12-15 07:57:51,cloudping Huawei,cn-south-1,Guangzhou,269
2025-12-15 07:57:51,cloudping Huawei,cn-east-3,Shanghai 1,306
2025-12-15 08:23:50,cloudping Huawei,na-mexico-1,"Mexico City 1, Mexico",147.5
2025-12-15 08:23:50,cloudping Huawei,la-north-2,"Mexico City 2, Mexico",151
2025-12-15 08:23:50,cloudping Huawei,ap-southeast-1,"Hong Kong, China",218
2025-12-15 08:23:50,cloudping Huawei,ap-southeast-3,Singapore,219.5
2025-12-15 08:23:50,cloudping Huawei,sa-brazil-1,"Sao Paulo, Brazil",221
2025-12-15 08:23:50,cloudping Huawei,la-south-2,"Santiago, Chile",237
2025-12-15 08:23:50,cloudping Huawei,ap-southeast-2,"Bangkok, Thailand",246.5
2025-12-15 08:23:50,cloudping Huawei,af-south-1,"Johannesburg, South Africa",247
2025-12-15 08:23:50,cloudping Huawei,na-mexico-1,"Mexico City 1, Mexico",147.5
2025-12-15 08:23:50,cloudping Huawei,la-north-2,"Mexico City 2, Mexico",151
2025-12-15 08:23:50,cloudping Huawei,ap-southeast-1,"Hong Kong, China",218
2025-12-15 08:23:50,cloudping Huawei,ap-southeast-3,Singapore,219.5
2025-12-15 08:23:50,cloudping Huawei,sa-brazil-1,"Sao Paulo, Brazil",221
2025-12-15 08:23:50,cloudping Huawei,la-south-2,"Santiago, Chile",237
2025-12-15 08:23:50,cloudping Huawei,ap-southeast-2,"Bangkok, Thailand",246.5
2025-12-15 08:23:50,cloudping Huawei,af-south-1,"Johannesburg, South Africa",247
2025-12-15 08:23:50,cloudping Huawei,cn-east-2,Shanghai 2,214
2025-12-15 08:23:50,cloudping Huawei,cn-north-9,Wulanchabu,239.5
2025-12-15 08:23:50,cloudping Huawei,cn-north-1,Beijing 1,247
2025-12-15 08:23:50,cloudping Huawei,cn-north-4,Beijing 4,253.5
2025-12-15 08:23:50,cloudping Huawei,cn-southwest-2,Guiyang 1,302
2025-12-15 08:23:50,cloudping Huawei,cn-east-3,Shanghai 1,536
2025-12-15 08:23:50,cloudping Huawei,cn-south-1,Guangzhou,579
2025-12-15 08:49:50,cloudping Huawei,la-north-2,"Mexico City 2, Mexico",149
2025-12-15 08:49:50,cloudping Huawei,na-mexico-1,"Mexico City 1, Mexico",151
2025-12-15 08:49:50,cloudping Huawei,ap-southeast-3,Singapore,193
2025-12-15 08:49:50,cloudping Huawei,ap-southeast-1,"Hong Kong, China",216.5
2025-12-15 08:49:50,cloudping Huawei,ap-southeast-2,"Bangkok, Thailand",246.5
2025-12-15 08:49:50,cloudping Huawei,sa-brazil-1,"Sao Paulo, Brazil",248
2025-12-15 08:49:50,cloudping Huawei,la-south-2,"Santiago, Chile",268
2025-12-15 08:49:50,cloudping Huawei,af-south-1,"Johannesburg, South Africa",404.5
2025-12-15 08:49:50,cloudping Huawei,la-north-2,"Mexico City 2, Mexico",149
2025-12-15 08:49:50,cloudping Huawei,na-mexico-1,"Mexico City 1, Mexico",151
2025-12-15 08:49:50,cloudping Huawei,ap-southeast-3,Singapore,193
2025-12-15 08:49:50,cloudping Huawei,ap-southeast-1,"Hong Kong, China",216.5
2025-12-15 08:49:50,cloudping Huawei,ap-southeast-2,"Bangkok, Thailand",246.5
2025-12-15 08:49:50,cloudping Huawei,sa-brazil-1,"Sao Paulo, Brazil",248
2025-12-15 08:49:50,cloudping Huawei,la-south-2,"Santiago, Chile",268
2025-12-15 08:49:50,cloudping Huawei,af-south-1,"Johannesburg, South Africa",404.5
2025-12-15 08:49:50,cloudping Huawei,cn-north-1,Beijing 1,190.5
2025-12-15 08:49:50,cloudping Huawei,cn-south-1,Guangzhou,223.5
2025-12-15 08:49:50,cloudping Huawei,cn-east-2,Shanghai 2,228.5
2025-12-15 08:49:50,cloudping Huawei,cn-north-4,Beijing 4,268
2025-12-15 08:49:50,cloudping Huawei,cn-north-9,Wulanchabu,274.5
2025-12-15 08:49:50,cloudping Huawei,cn-east-3,Shanghai 1,308
2025-12-15 08:49:50,cloudping Huawei,cn-southwest-2,Guiyang 1,433.5
2025-12-15 09:15:53,cloudping Huawei,na-mexico-1,"Mexico City 1, Mexico",148.5
2025-12-15 09:15:53,cloudping Huawei,la-north-2,"Mexico City 2, Mexico",149.5
2025-12-15 09:15:53,cloudping Huawei,ap-southeast-1,"Hong Kong, China",212.5
2025-12-15 09:15:53,cloudping Huawei,sa-brazil-1,"Sao Paulo, Brazil",221
2025-12-15 09:15:53,cloudping Huawei,ap-southeast-2,"Bangkok, Thailand",237
2025-12-15 09:15:53,cloudping Huawei,ap-southeast-3,Singapore,247
2025-12-15 09:15:53,cloudping Huawei,af-south-1,"Johannesburg, South Africa",255
2025-12-15 09:15:53,cloudping Huawei,la-south-2,"Santiago, Chile",260
2025-12-15 09:15:53,cloudping Huawei,na-mexico-1,"Mexico City 1, Mexico",148.5
2025-12-15 09:15:53,cloudping Huawei,la-north-2,"Mexico City 2, Mexico",149.5
2025-12-15 09:15:53,cloudping Huawei,ap-southeast-1,"Hong Kong, China",212.5
2025-12-15 09:15:53,cloudping Huawei,sa-brazil-1,"Sao Paulo, Brazil",221
2025-12-15 09:15:53,cloudping Huawei,ap-southeast-2,"Bangkok, Thailand",237
2025-12-15 09:15:53,cloudping Huawei,ap-southeast-3,Singapore,247
2025-12-15 09:15:53,cloudping Huawei,af-south-1,"Johannesburg, South Africa",255
2025-12-15 09:15:53,cloudping Huawei,la-south-2,"Santiago, Chile",260
2025-12-15 09:15:53,cloudping Huawei,cn-north-1,Beijing 1,192.5
2025-12-15 09:15:53,cloudping Huawei,cn-east-3,Shanghai 1,212
2025-12-15 09:15:53,cloudping Huawei,cn-east-2,Shanghai 2,220
2025-12-15 09:15:53,cloudping Huawei,cn-south-1,Guangzhou,233.5
2025-12-15 09:15:53,cloudping Huawei,cn-north-9,Wulanchabu,237
2025-12-15 09:15:53,cloudping Huawei,cn-north-4,Beijing 4,274.5
2025-12-15 09:15:53,cloudping Huawei,cn-southwest-2,Guiyang 1,314
2025-12-15 09:41:50,cloudping Huawei,na-mexico-1,"Mexico City 1, Mexico",146
2025-12-15 09:41:50,cloudping Huawei,la-north-2,"Mexico City 2, Mexico",164
2025-12-15 09:41:50,cloudping Huawei,ap-southeast-3,Singapore,193.5
2025-12-15 09:41:50,cloudping Huawei,sa-brazil-1,"Sao Paulo, Brazil",220
2025-12-15 09:41:50,cloudping Huawei,ap-southeast-1,"Hong Kong, China",225.5
2025-12-15 09:41:50,cloudping Huawei,ap-southeast-2,"Bangkok, Thailand",241.5
2025-12-15 09:41:50,cloudping Huawei,af-south-1,"Johannesburg, South Africa",242
2025-12-15 09:41:50,cloudping Huawei,la-south-2,"Santiago, Chile",258.5
2025-12-15 09:41:50,cloudping Huawei,na-mexico-1,"Mexico City 1, Mexico",146
2025-12-15 09:41:50,cloudping Huawei,la-north-2,"Mexico City 2, Mexico",164
2025-12-15 09:41:50,cloudping Huawei,ap-southeast-3,Singapore,193.5
2025-12-15 09:41:50,cloudping Huawei,sa-brazil-1,"Sao Paulo, Brazil",220
2025-12-15 09:41:50,cloudping Huawei,ap-southeast-1,"Hong Kong, China",225.5
2025-12-15 09:41:50,cloudping Huawei,ap-southeast-2,"Bangkok, Thailand",241.5
2025-12-15 09:41:50,cloudping Huawei,af-south-1,"Johannesburg, South Africa",242
2025-12-15 09:41:50,cloudping Huawei,la-south-2,"Santiago, Chile",258.5
2025-12-15 09:41:50,cloudping Huawei,cn-east-2,Shanghai 2,216.5
2025-12-15 09:41:50,cloudping Huawei,cn-south-1,Guangzhou,228
2025-12-15 09:41:50,cloudping Huawei,cn-north-1,Beijing 1,238.5
2025-12-15 09:41:50,cloudping Huawei,cn-north-4,Beijing 4,255.5
2025-12-15 09:41:50,cloudping Huawei,cn-southwest-2,Guiyang 1,257
2025-12-15 09:41:50,cloudping Huawei,cn-north-9,Wulanchabu,293
2025-12-15 09:41:50,cloudping Huawei,cn-east-3,Shanghai 1,331
2025-12-15 10:07:52,cloudping Huawei,na-mexico-1,"Mexico City 1, Mexico",147
2025-12-15 10:07:52,cloudping Huawei,la-north-2,"Mexico City 2, Mexico",157.5
2025-12-15 10:07:52,cloudping Huawei,ap-southeast-3,Singapore,194
2025-12-15 10:07:52,cloudping Huawei,ap-southeast-1,"Hong Kong, China",215
2025-12-15 10:07:52,cloudping Huawei,sa-brazil-1,"Sao Paulo, Brazil",222
2025-12-15 10:07:52,cloudping Huawei,ap-southeast-2,"Bangkok, Thailand",232
2025-12-15 10:07:52,cloudping Huawei,af-south-1,"Johannesburg, South Africa",245
2025-12-15 10:07:52,cloudping Huawei,la-south-2,"Santiago, Chile",257.5
2025-12-15 10:07:52,cloudping Huawei,na-mexico-1,"Mexico City 1, Mexico",147
2025-12-15 10:07:52,cloudping Huawei,la-north-2,"Mexico City 2, Mexico",157.5
2025-12-15 10:07:52,cloudping Huawei,ap-southeast-3,Singapore,194
2025-12-15 10:07:52,cloudping Huawei,ap-southeast-1,"Hong Kong, China",215
2025-12-15 10:07:52,cloudping Huawei,sa-brazil-1,"Sao Paulo, Brazil",222
2025-12-15 10:07:52,cloudping Huawei,ap-southeast-2,"Bangkok, Thailand",232
2025-12-15 10:07:52,cloudping Huawei,af-south-1,"Johannesburg, South Africa",245
2025-12-15 10:07:52,cloudping Huawei,la-south-2,"Santiago, Chile",257.5
2025-12-15 10:07:52,cloudping Huawei,cn-north-4,Beijing 4,211
2025-12-15 10:07:52,cloudping Huawei,cn-east-3,Shanghai 1,216.5
2025-12-15 10:07:52,cloudping Huawei,cn-north-1,Beijing 1,235.5
2025-12-15 10:07:52,cloudping Huawei,cn-south-1,Guangzhou,236
2025-12-15 10:07:52,cloudping Huawei,cn-southwest-2,Guiyang 1,257
2025-12-15 10:07:52,cloudping Huawei,cn-north-9,Wulanchabu,277
2025-12-15 10:07:52,cloudping Huawei,cn-east-2,Shanghai 2,282.5
2025-12-15 10:33:51,cloudping Huawei,la-north-2,"Mexico City 2, Mexico",145.5
2025-12-15 10:33:51,cloudping Huawei,na-mexico-1,"Mexico City 1, Mexico",152.5
2025-12-15 10:33:51,cloudping Huawei,ap-southeast-3,Singapore,189
2025-12-15 10:33:51,cloudping Huawei,ap-southeast-1,"Hong Kong, China",222
2025-12-15 10:33:51,cloudping Huawei,sa-brazil-1,"Sao Paulo, Brazil",227
2025-12-15 10:33:51,cloudping Huawei,af-south-1,"Johannesburg, South Africa",230
2025-12-15 10:33:51,cloudping Huawei,ap-southeast-2,"Bangkok, Thailand",235.5
2025-12-15 10:33:51,cloudping Huawei,la-south-2,"Santiago, Chile",259.5
2025-12-15 10:33:51,cloudping Huawei,la-north-2,"Mexico City 2, Mexico",145.5
2025-12-15 10:33:51,cloudping Huawei,na-mexico-1,"Mexico City 1, Mexico",152.5
2025-12-15 10:33:51,cloudping Huawei,ap-southeast-3,Singapore,189
2025-12-15 10:33:51,cloudping Huawei,ap-southeast-1,"Hong Kong, China",222
2025-12-15 10:33:51,cloudping Huawei,sa-brazil-1,"Sao Paulo, Brazil",227
2025-12-15 10:33:51,cloudping Huawei,af-south-1,"Johannesburg, South Africa",230
2025-12-15 10:33:51,cloudping Huawei,ap-southeast-2,"Bangkok, Thailand",235.5
2025-12-15 10:33:51,cloudping Huawei,la-south-2,"Santiago, Chile",259.5
2025-12-15 10:33:51,cloudping Huawei,cn-east-2,Shanghai 2,223.5
2025-12-15 10:33:51,cloudping Huawei,cn-south-1,Guangzhou,226
2025-12-15 10:33:51,cloudping Huawei,cn-southwest-2,Guiyang 1,239
2025-12-15 10:33:51,cloudping Huawei,cn-north-1,Beijing 1,246.5
2025-12-15 10:33:51,cloudping Huawei,cn-north-4,Beijing 4,258.5
2025-12-15 10:33:51,cloudping Huawei,cn-north-9,Wulanchabu,283.5
2025-12-15 10:33:51,cloudping Huawei,cn-east-3,Shanghai 1,295
2025-12-15 10:59:52,cloudping Huawei,na-mexico-1,"Mexico City 1, Mexico",144
2025-12-15 10:59:52,cloudping Huawei,la-north-2,"Mexico City 2, Mexico",163.5
2025-12-15 10:59:52,cloudping Huawei,ap-southeast-3,Singapore,190.5
2025-12-15 10:59:52,cloudping Huawei,ap-southeast-1,"Hong Kong, China",216
2025-12-15 10:59:52,cloudping Huawei,sa-brazil-1,"Sao Paulo, Brazil",221.5
2025-12-15 10:59:52,cloudping Huawei,af-south-1,"Johannesburg, South Africa",242
2025-12-15 10:59:52,cloudping Huawei,ap-southeast-2,"Bangkok, Thailand",242.5
2025-12-15 10:59:52,cloudping Huawei,la-south-2,"Santiago, Chile",310
2025-12-15 10:59:52,cloudping Huawei,na-mexico-1,"Mexico City 1, Mexico",144
2025-12-15 10:59:52,cloudping Huawei,la-north-2,"Mexico City 2, Mexico",163.5
2025-12-15 10:59:52,cloudping Huawei,ap-southeast-3,Singapore,190.5
2025-12-15 10:59:52,cloudping Huawei,ap-southeast-1,"Hong Kong, China",216
2025-12-15 10:59:52,cloudping Huawei,sa-brazil-1,"Sao Paulo, Brazil",221.5
2025-12-15 10:59:52,cloudping Huawei,af-south-1,"Johannesburg, South Africa",242
2025-12-15 10:59:52,cloudping Huawei,ap-southeast-2,"Bangkok, Thailand",242.5
2025-12-15 10:59:52,cloudping Huawei,la-south-2,"Santiago, Chile",310
2025-12-15 10:59:52,cloudping Huawei,cn-north-4,Beijing 4,216.5
2025-12-15 10:59:52,cloudping Huawei,cn-south-1,Guangzhou,218.5
2025-12-15 10:59:52,cloudping Huawei,cn-north-1,Beijing 1,229.5
2025-12-15 10:59:52,cloudping Huawei,cn-north-9,Wulanchabu,269
2025-12-15 10:59:52,cloudping Huawei,cn-east-3,Shanghai 1,294.5
2025-12-15 10:59:52,cloudping Huawei,cn-southwest-2,Guiyang 1,296
2025-12-15 10:59:52,cloudping Huawei,cn-east-2,Shanghai 2,449
2025-12-15 11:25:52,cloudping Huawei,na-mexico-1,"Mexico City 1, Mexico",144.5
2025-12-15 11:25:52,cloudping Huawei,la-north-2,"Mexico City 2, Mexico",151
2025-12-15 11:25:52,cloudping Huawei,ap-southeast-3,Singapore,188.5
2025-12-15 11:25:52,cloudping Huawei,ap-southeast-1,"Hong Kong, China",212.5
2025-12-15 11:25:52,cloudping Huawei,sa-brazil-1,"Sao Paulo, Brazil",220.5
2025-12-15 11:25:52,cloudping Huawei,af-south-1,"Johannesburg, South Africa",227.5
2025-12-15 11:25:52,cloudping Huawei,ap-southeast-2,"Bangkok, Thailand",251.5
2025-12-15 11:25:52,cloudping Huawei,la-south-2,"Santiago, Chile",358.5
2025-12-15 11:25:52,cloudping Huawei,na-mexico-1,"Mexico City 1, Mexico",144.5
2025-12-15 11:25:52,cloudping Huawei,la-north-2,"Mexico City 2, Mexico",151
2025-12-15 11:25:52,cloudping Huawei,ap-southeast-3,Singapore,188.5
2025-12-15 11:25:52,cloudping Huawei,ap-southeast-1,"Hong Kong, China",212.5
2025-12-15 11:25:52,cloudping Huawei,sa-brazil-1,"Sao Paulo, Brazil",220.5
2025-12-15 11:25:52,cloudping Huawei,af-south-1,"Johannesburg, South Africa",227.5
2025-12-15 11:25:52,cloudping Huawei,ap-southeast-2,"Bangkok, Thailand",251.5
2025-12-15 11:25:52,cloudping Huawei,la-south-2,"Santiago, Chile",358.5
2025-12-15 11:25:52,cloudping Huawei,cn-north-1,Beijing 1,185
2025-12-15 11:25:52,cloudping Huawei,cn-east-2,Shanghai 2,211.5
2025-12-15 11:25:52,cloudping Huawei,cn-east-3,Shanghai 1,216.5
2025-12-15 11:25:52,cloudping Huawei,cn-southwest-2,Guiyang 1,236
2025-12-15 11:25:52,cloudping Huawei,cn-north-4,Beijing 4,310
2025-12-15 11:25:52,cloudping Huawei,cn-south-1,Guangzhou,570
2025-12-15 11:25:52,cloudping Huawei,cn-north-9,Wulanchabu,627
2025-12-15 11:51:51,cloudping Huawei,na-mexico-1,"Mexico City 1, Mexico",144.5
2025-12-15 11:51:51,cloudping Huawei,la-north-2,"Mexico City 2, Mexico",151
2025-12-15 11:51:51,cloudping Huawei,ap-southeast-3,Singapore,188.5
2025-12-15 11:51:51,cloudping Huawei,sa-brazil-1,"Sao Paulo, Brazil",228
2025-12-15 11:51:51,cloudping Huawei,ap-southeast-1,"Hong Kong, China",228
2025-12-15 11:51:51,cloudping Huawei,af-south-1,"Johannesburg, South Africa",244.5
2025-12-15 11:51:51,cloudping Huawei,la-south-2,"Santiago, Chile",269.5
2025-12-15 11:51:51,cloudping Huawei,ap-southeast-2,"Bangkok, Thailand",317
2025-12-15 11:51:51,cloudping Huawei,na-mexico-1,"Mexico City 1, Mexico",144.5
2025-12-15 11:51:51,cloudping Huawei,la-north-2,"Mexico City 2, Mexico",151
2025-12-15 11:51:51,cloudping Huawei,ap-southeast-3,Singapore,188.5
2025-12-15 11:51:51,cloudping Huawei,sa-brazil-1,"Sao Paulo, Brazil",228
2025-12-15 11:51:51,cloudping Huawei,ap-southeast-1,"Hong Kong, China",228
2025-12-15 11:51:51,cloudping Huawei,af-south-1,"Johannesburg, South Africa",244.5
2025-12-15 11:51:51,cloudping Huawei,la-south-2,"Santiago, Chile",269.5
2025-12-15 11:51:51,cloudping Huawei,ap-southeast-2,"Bangkok, Thailand",317
2025-12-15 11:51:51,cloudping Huawei,cn-east-2,Shanghai 2,219
2025-12-15 11:51:51,cloudping Huawei,cn-east-3,Shanghai 1,233
2025-12-15 11:51:51,cloudping Huawei,cn-north-9,Wulanchabu,235
2025-12-15 11:51:51,cloudping Huawei,cn-south-1,Guangzhou,254
2025-12-15 11:51:51,cloudping Huawei,cn-southwest-2,Guiyang 1,258
2025-12-15 11:51:51,cloudping Huawei,cn-north-1,Beijing 1,274
2025-12-15 11:51:51,cloudping Huawei,cn-north-4,Beijing 4,310
2025-12-15 12:17:51,cloudping Huawei,na-mexico-1,"Mexico City 1, Mexico",147
2025-12-15 12:17:51,cloudping Huawei,la-north-2,"Mexico City 2, Mexico",149
2025-12-15 12:17:51,cloudping Huawei,ap-southeast-3,Singapore,207
2025-12-15 12:17:51,cloudping Huawei,sa-brazil-1,"Sao Paulo, Brazil",222.5
2025-12-15 12:17:51,cloudping Huawei,ap-southeast-1,"Hong Kong, China",225.5
2025-12-15 12:17:51,cloudping Huawei,af-south-1,"Johannesburg, South Africa",246
2025-12-15 12:17:51,cloudping Huawei,ap-southeast-2,"Bangkok, Thailand",272
2025-12-15 12:17:51,cloudping Huawei,la-south-2,"Santiago, Chile",277
2025-12-15 12:17:51,cloudping Huawei,na-mexico-1,"Mexico City 1, Mexico",147
2025-12-15 12:17:51,cloudping Huawei,la-north-2,"Mexico City 2, Mexico",149
2025-12-15 12:17:51,cloudping Huawei,ap-southeast-3,Singapore,207
2025-12-15 12:17:51,cloudping Huawei,sa-brazil-1,"Sao Paulo, Brazil",222.5
2025-12-15 12:17:51,cloudping Huawei,ap-southeast-1,"Hong Kong, China",225.5
2025-12-15 12:17:51,cloudping Huawei,af-south-1,"Johannesburg, South Africa",246
2025-12-15 12:17:51,cloudping Huawei,ap-southeast-2,"Bangkok, Thailand",272
2025-12-15 12:17:51,cloudping Huawei,la-south-2,"Santiago, Chile",277
2025-12-15 12:17:51,cloudping Huawei,cn-east-2,Shanghai 2,200
2025-12-15 12:17:51,cloudping Huawei,cn-east-3,Shanghai 1,221
2025-12-15 12:17:51,cloudping Huawei,cn-north-4,Beijing 4,230.5
2025-12-15 12:17:51,cloudping Huawei,cn-north-9,Wulanchabu,237.5
2025-12-15 12:17:51,cloudping Huawei,cn-southwest-2,Guiyang 1,237.5
2025-12-15 12:17:51,cloudping Huawei,cn-north-1,Beijing 1,252
2025-12-15 12:17:51,cloudping Huawei,cn-south-1,Guangzhou,270.5
2025-12-15 12:43:52,cloudping Huawei,na-mexico-1,"Mexico City 1, Mexico",148
2025-12-15 12:43:52,cloudping Huawei,la-north-2,"Mexico City 2, Mexico",164.5
2025-12-15 12:43:52,cloudping Huawei,ap-southeast-3,Singapore,192
2025-12-15 12:43:52,cloudping Huawei,ap-southeast-1,"Hong Kong, China",226.5
2025-12-15 12:43:52,cloudping Huawei,la-south-2,"Santiago, Chile",231
2025-12-15 12:43:52,cloudping Huawei,ap-southeast-2,"Bangkok, Thailand",236
2025-12-15 12:43:52,cloudping Huawei,af-south-1,"Johannesburg, South Africa",238.5
2025-12-15 12:43:52,cloudping Huawei,sa-brazil-1,"Sao Paulo, Brazil",517.5
2025-12-15 12:43:52,cloudping Huawei,na-mexico-1,"Mexico City 1, Mexico",148
2025-12-15 12:43:52,cloudping Huawei,la-north-2,"Mexico City 2, Mexico",164.5
2025-12-15 12:43:52,cloudping Huawei,ap-southeast-3,Singapore,192
2025-12-15 12:43:52,cloudping Huawei,ap-southeast-1,"Hong Kong, China",226.5
2025-12-15 12:43:52,cloudping Huawei,la-south-2,"Santiago, Chile",231
2025-12-15 12:43:52,cloudping Huawei,ap-southeast-2,"Bangkok, Thailand",236
2025-12-15 12:43:52,cloudping Huawei,af-south-1,"Johannesburg, South Africa",238.5
2025-12-15 12:43:52,cloudping Huawei,sa-brazil-1,"Sao Paulo, Brazil",517.5
2025-12-15 12:43:52,cloudping Huawei,cn-north-1,Beijing 1,196.5
2025-12-15 12:43:52,cloudping Huawei,cn-east-3,Shanghai 1,227
2025-12-15 12:43:52,cloudping Huawei,cn-east-2,Shanghai 2,242.5
2025-12-15 12:43:52,cloudping Huawei,cn-north-9,Wulanchabu,243
2025-12-15 12:43:52,cloudping Huawei,cn-north-4,Beijing 4,276
2025-12-15 12:43:52,cloudping Huawei,cn-southwest-2,Guiyang 1,313
2025-12-15 12:43:52,cloudping Huawei,cn-south-1,Guangzhou,560.5
2025-12-15 13:09:52,cloudping Huawei,la-north-2,"Mexico City 2, Mexico",144.5
2025-12-15 13:09:52,cloudping Huawei,na-mexico-1,"Mexico City 1, Mexico",146
2025-12-15 13:09:52,cloudping Huawei,ap-southeast-3,Singapore,192.5
2025-12-15 13:09:52,cloudping Huawei,sa-brazil-1,"Sao Paulo, Brazil",226
2025-12-15 13:09:52,cloudping Huawei,ap-southeast-1,"Hong Kong, China",228
2025-12-15 13:09:52,cloudping Huawei,ap-southeast-2,"Bangkok, Thailand",241
2025-12-15 13:09:52,cloudping Huawei,la-south-2,"Santiago, Chile",282.5
2025-12-15 13:09:52,cloudping Huawei,af-south-1,"Johannesburg, South Africa",457
2025-12-15 13:09:52,cloudping Huawei,la-north-2,"Mexico City 2, Mexico",144.5
2025-12-15 13:09:52,cloudping Huawei,na-mexico-1,"Mexico City 1, Mexico",146
2025-12-15 13:09:52,cloudping Huawei,ap-southeast-3,Singapore,192.5
2025-12-15 13:09:52,cloudping Huawei,sa-brazil-1,"Sao Paulo, Brazil",226
2025-12-15 13:09:52,cloudping Huawei,ap-southeast-1,"Hong Kong, China",228
2025-12-15 13:09:52,cloudping Huawei,ap-southeast-2,"Bangkok, Thailand",241
2025-12-15 13:09:52,cloudping Huawei,la-south-2,"Santiago, Chile",282.5
2025-12-15 13:09:52,cloudping Huawei,af-south-1,"Johannesburg, South Africa",457
2025-12-15 13:09:52,cloudping Huawei,cn-north-1,Beijing 1,203
2025-12-15 13:09:52,cloudping Huawei,cn-east-2,Shanghai 2,223.5
2025-12-15 13:09:52,cloudping Huawei,cn-east-3,Shanghai 1,231.5
2025-12-15 13:09:52,cloudping Huawei,cn-south-1,Guangzhou,246.5
2025-12-15 13:09:52,cloudping Huawei,cn-north-9,Wulanchabu,247
2025-12-15 13:09:52,cloudping Huawei,cn-southwest-2,Guiyang 1,266.5
2025-12-15 13:09:52,cloudping Huawei,cn-north-4,Beijing 4,278
2025-12-15 13:35:52,cloudping Huawei,na-mexico-1,"Mexico City 1, Mexico",146
2025-12-15 13:35:52,cloudping Huawei,la-north-2,"Mexico City 2, Mexico",151
2025-12-15 13:35:52,cloudping Huawei,ap-southeast-3,Singapore,191
2025-12-15 13:35:52,cloudping Huawei,ap-southeast-1,"Hong Kong, China",217
2025-12-15 13:35:52,cloudping Huawei,sa-brazil-1,"Sao Paulo, Brazil",228.5
2025-12-15 13:35:52,cloudping Huawei,ap-southeast-2,"Bangkok, Thailand",230.5
2025-12-15 13:35:52,cloudping Huawei,af-south-1,"Johannesburg, South Africa",238
2025-12-15 13:35:52,cloudping Huawei,la-south-2,"Santiago, Chile",260.5
2025-12-15 13:35:52,cloudping Huawei,na-mexico-1,"Mexico City 1, Mexico",146
2025-12-15 13:35:52,cloudping Huawei,la-north-2,"Mexico City 2, Mexico",151
2025-12-15 13:35:52,cloudping Huawei,ap-southeast-3,Singapore,191
2025-12-15 13:35:52,cloudping Huawei,ap-southeast-1,"Hong Kong, China",217
2025-12-15 13:35:52,cloudping Huawei,sa-brazil-1,"Sao Paulo, Brazil",228.5
2025-12-15 13:35:52,cloudping Huawei,ap-southeast-2,"Bangkok, Thailand",230.5
2025-12-15 13:35:52,cloudping Huawei,af-south-1,"Johannesburg, South Africa",238
2025-12-15 13:35:52,cloudping Huawei,la-south-2,"Santiago, Chile",260.5
2025-12-15 13:35:52,cloudping Huawei,cn-north-1,Beijing 1,291
2025-12-15 13:35:52,cloudping Huawei,cn-east-3,Shanghai 1,467
2025-12-15 13:35:52,cloudping Huawei,cn-east-2,Shanghai 2,472
2025-12-15 13:35:52,cloudping Huawei,cn-north-4,Beijing 4,948
2025-12-15 13:35:52,cloudping Huawei,cn-south-1,Guangzhou,1019.5
2025-12-15 13:35:52,cloudping Huawei,cn-north-9,Wulanchabu,1105
2025-12-15 13:35:52,cloudping Huawei,cn-southwest-2,Guiyang 1,1385.5
2025-12-15 14:01:53,cloudping Huawei,na-mexico-1,"Mexico City 1, Mexico",192.5
2025-12-15 14:01:53,cloudping Huawei,la-north-2,"Mexico City 2, Mexico",199
2025-12-15 14:01:53,cloudping Huawei,ap-southeast-3,Singapore,200
2025-12-15 14:01:53,cloudping Huawei,ap-southeast-1,"Hong Kong, China",224
2025-12-15 14:01:53,cloudping Huawei,sa-brazil-1,"Sao Paulo, Brazil",227.5
2025-12-15 14:01:53,cloudping Huawei,af-south-1,"Johannesburg, South Africa",238
2025-12-15 14:01:53,cloudping Huawei,ap-southeast-2,"Bangkok, Thailand",242
2025-12-15 14:01:53,cloudping Huawei,la-south-2,"Santiago, Chile",399
2025-12-15 14:01:53,cloudping Huawei,na-mexico-1,"Mexico City 1, Mexico",192.5
2025-12-15 14:01:53,cloudping Huawei,la-north-2,"Mexico City 2, Mexico",199
2025-12-15 14:01:53,cloudping Huawei,ap-southeast-3,Singapore,200
2025-12-15 14:01:53,cloudping Huawei,ap-southeast-1,"Hong Kong, China",224
2025-12-15 14:01:53,cloudping Huawei,sa-brazil-1,"Sao Paulo, Brazil",227.5
2025-12-15 14:01:53,cloudping Huawei,af-south-1,"Johannesburg, South Africa",238
2025-12-15 14:01:53,cloudping Huawei,ap-southeast-2,"Bangkok, Thailand",242
2025-12-15 14:01:53,cloudping Huawei,la-south-2,"Santiago, Chile",399
2025-12-15 14:01:53,cloudping Huawei,cn-east-2,Shanghai 2,217.5
2025-12-15 14:01:53,cloudping Huawei,cn-east-3,Shanghai 1,223.5
2025-12-15 14:01:53,cloudping Huawei,cn-north-1,Beijing 1,229
2025-12-15 14:01:53,cloudping Huawei,cn-southwest-2,Guiyang 1,256.5
2025-12-15 14:01:53,cloudping Huawei,cn-north-9,Wulanchabu,286.5
2025-12-15 14:01:53,cloudping Huawei,cn-south-1,Guangzhou,596
2025-12-15 14:01:53,cloudping Huawei,cn-north-4,Beijing 4,997.5
2025-12-15 14:27:52,cloudping Huawei,na-mexico-1,"Mexico City 1, Mexico",145.5
2025-12-15 14:27:52,cloudping Huawei,la-north-2,"Mexico City 2, Mexico",150
2025-12-15 14:27:52,cloudping Huawei,ap-southeast-3,Singapore,188
2025-12-15 14:27:52,cloudping Huawei,ap-southeast-1,"Hong Kong, China",228
2025-12-15 14:27:52,cloudping Huawei,sa-brazil-1,"Sao Paulo, Brazil",231.5
2025-12-15 14:27:52,cloudping Huawei,af-south-1,"Johannesburg, South Africa",232.5
2025-12-15 14:27:52,cloudping Huawei,ap-southeast-2,"Bangkok, Thailand",244.5
2025-12-15 14:27:52,cloudping Huawei,la-south-2,"Santiago, Chile",272
2025-12-15 14:27:52,cloudping Huawei,na-mexico-1,"Mexico City 1, Mexico",145.5
2025-12-15 14:27:52,cloudping Huawei,la-north-2,"Mexico City 2, Mexico",150
2025-12-15 14:27:52,cloudping Huawei,ap-southeast-3,Singapore,188
2025-12-15 14:27:52,cloudping Huawei,ap-southeast-1,"Hong Kong, China",228
2025-12-15 14:27:52,cloudping Huawei,sa-brazil-1,"Sao Paulo, Brazil",231.5
2025-12-15 14:27:52,cloudping Huawei,af-south-1,"Johannesburg, South Africa",232.5
2025-12-15 14:27:52,cloudping Huawei,ap-southeast-2,"Bangkok, Thailand",244.5
2025-12-15 14:27:52,cloudping Huawei,la-south-2,"Santiago, Chile",272
2025-12-15 14:27:52,cloudping Huawei,cn-east-3,Shanghai 1,239.5
2025-12-15 14:27:52,cloudping Huawei,cn-north-4,Beijing 4,265.5
2025-12-15 14:27:52,cloudping Huawei,cn-north-1,Beijing 1,284
2025-12-15 14:27:52,cloudping Huawei,cn-north-9,Wulanchabu,284.5
2025-12-15 14:27:52,cloudping Huawei,cn-south-1,Guangzhou,409.5
2025-12-15 14:27:52,cloudping Huawei,cn-east-2,Shanghai 2,530.5
2025-12-15 14:27:52,cloudping Huawei,cn-southwest-2,Guiyang 1,671.5
2025-12-15 14:53:53,cloudping Huawei,na-mexico-1,"Mexico City 1, Mexico",145
2025-12-15 14:53:53,cloudping Huawei,la-north-2,"Mexico City 2, Mexico",164.5
2025-12-15 14:53:53,cloudping Huawei,ap-southeast-1,"Hong Kong, China",216
2025-12-15 14:53:53,cloudping Huawei,sa-brazil-1,"Sao Paulo, Brazil",223.5
2025-12-15 14:53:53,cloudping Huawei,ap-southeast-2,"Bangkok, Thailand",235
2025-12-15 14:53:53,cloudping Huawei,ap-southeast-3,Singapore,258.5
2025-12-15 14:53:53,cloudping Huawei,af-south-1,"Johannesburg, South Africa",336
2025-12-15 14:53:53,cloudping Huawei,la-south-2,"Santiago, Chile",450
2025-12-15 14:53:53,cloudping Huawei,na-mexico-1,"Mexico City 1, Mexico",145
2025-12-15 14:53:53,cloudping Huawei,la-north-2,"Mexico City 2, Mexico",164.5
2025-12-15 14:53:53,cloudping Huawei,ap-southeast-1,"Hong Kong, China",216
2025-12-15 14:53:53,cloudping Huawei,sa-brazil-1,"Sao Paulo, Brazil",223.5
2025-12-15 14:53:53,cloudping Huawei,ap-southeast-2,"Bangkok, Thailand",235
2025-12-15 14:53:53,cloudping Huawei,ap-southeast-3,Singapore,258.5
2025-12-15 14:53:53,cloudping Huawei,af-south-1,"Johannesburg, South Africa",336
2025-12-15 14:53:53,cloudping Huawei,la-south-2,"Santiago, Chile",450
2025-12-15 14:53:53,cloudping Huawei,cn-north-1,Beijing 1,249
2025-12-15 14:53:53,cloudping Huawei,cn-east-3,Shanghai 1,251
2025-12-15 14:53:53,cloudping Huawei,cn-south-1,Guangzhou,253
2025-12-15 14:53:53,cloudping Huawei,cn-southwest-2,Guiyang 1,255
2025-12-15 14:53:53,cloudping Huawei,cn-north-9,Wulanchabu,626.5
2025-12-15 14:53:53,cloudping Huawei,cn-north-4,Beijing 4,1080.5
2025-12-15 14:53:53,cloudping Huawei,cn-east-2,Shanghai 2,4089
2025-12-15 15:19:53,cloudping Huawei,na-mexico-1,"Mexico City 1, Mexico",152.5
2025-12-15 15:19:53,cloudping Huawei,la-north-2,"Mexico City 2, Mexico",154.5
2025-12-15 15:19:53,cloudping Huawei,ap-southeast-3,Singapore,193
2025-12-15 15:19:53,cloudping Huawei,ap-southeast-1,"Hong Kong, China",216.5
2025-12-15 15:19:53,cloudping Huawei,sa-brazil-1,"Sao Paulo, Brazil",224
2025-12-15 15:19:53,cloudping Huawei,ap-southeast-2,"Bangkok, Thailand",237
2025-12-15 15:19:53,cloudping Huawei,af-south-1,"Johannesburg, South Africa",297
2025-12-15 15:19:53,cloudping Huawei,la-south-2,"Santiago, Chile",334
2025-12-15 15:19:53,cloudping Huawei,na-mexico-1,"Mexico City 1, Mexico",152.5
2025-12-15 15:19:53,cloudping Huawei,la-north-2,"Mexico City 2, Mexico",154.5
2025-12-15 15:19:53,cloudping Huawei,ap-southeast-3,Singapore,193
2025-12-15 15:19:53,cloudping Huawei,ap-southeast-1,"Hong Kong, China",216.5
2025-12-15 15:19:53,cloudping Huawei,sa-brazil-1,"Sao Paulo, Brazil",224
2025-12-15 15:19:53,cloudping Huawei,ap-southeast-2,"Bangkok, Thailand",237
2025-12-15 15:19:53,cloudping Huawei,af-south-1,"Johannesburg, South Africa",297
2025-12-15 15:19:53,cloudping Huawei,la-south-2,"Santiago, Chile",334
2025-12-15 15:19:53,cloudping Huawei,cn-north-1,Beijing 1,200.5
2025-12-15 15:19:53,cloudping Huawei,cn-east-2,Shanghai 2,227.5
2025-12-15 15:19:53,cloudping Huawei,cn-southwest-2,Guiyang 1,253.5
2025-12-15 15:19:53,cloudping Huawei,cn-east-3,Shanghai 1,259.5
2025-12-15 15:19:53,cloudping Huawei,cn-north-4,Beijing 4,268.5
2025-12-15 15:19:53,cloudping Huawei,cn-south-1,Guangzhou,539.5
2025-12-15 15:19:53,cloudping Huawei,cn-north-9,Wulanchabu,554
2025-12-15 15:45:53,cloudping Huawei,na-mexico-1,"Mexico City 1, Mexico",145
2025-12-15 15:45:53,cloudping Huawei,la-north-2,"Mexico City 2, Mexico",146.5
2025-12-15 15:45:53,cloudping Huawei,ap-southeast-3,Singapore,193
2025-12-15 15:45:53,cloudping Huawei,ap-southeast-1,"Hong Kong, China",218.5
2025-12-15 15:45:53,cloudping Huawei,af-south-1,"Johannesburg, South Africa",228
2025-12-15 15:45:53,cloudping Huawei,sa-brazil-1,"Sao Paulo, Brazil",228.5
2025-12-15 15:45:53,cloudping Huawei,ap-southeast-2,"Bangkok, Thailand",236
2025-12-15 15:45:53,cloudping Huawei,la-south-2,"Santiago, Chile",270.5
2025-12-15 15:45:53,cloudping Huawei,na-mexico-1,"Mexico City 1, Mexico",145
2025-12-15 15:45:53,cloudping Huawei,la-north-2,"Mexico City 2, Mexico",146.5
2025-12-15 15:45:53,cloudping Huawei,ap-southeast-3,Singapore,193
2025-12-15 15:45:53,cloudping Huawei,ap-southeast-1,"Hong Kong, China",218.5
2025-12-15 15:45:53,cloudping Huawei,af-south-1,"Johannesburg, South Africa",228
2025-12-15 15:45:53,cloudping Huawei,sa-brazil-1,"Sao Paulo, Brazil",228.5
2025-12-15 15:45:53,cloudping Huawei,ap-southeast-2,"Bangkok, Thailand",236
2025-12-15 15:45:53,cloudping Huawei,la-south-2,"Santiago, Chile",270.5
2025-12-15 15:45:53,cloudping Huawei,cn-east-2,Shanghai 2,215.5
2025-12-15 15:45:53,cloudping Huawei,cn-east-3,Shanghai 1,254
2025-12-15 15:45:53,cloudping Huawei,cn-southwest-2,Guiyang 1,255
2025-12-15 15:45:53,cloudping Huawei,cn-north-9,Wulanchabu,282
2025-12-15 15:45:53,cloudping Huawei,cn-north-1,Beijing 1,301.5
2025-12-15 15:45:53,cloudping Huawei,cn-north-4,Beijing 4,645
2025-12-15 15:45:53,cloudping Huawei,cn-south-1,Guangzhou,935
2025-12-15 16:11:53,cloudping Huawei,na-mexico-1,"Mexico City 1, Mexico",144.5
2025-12-15 16:11:53,cloudping Huawei,la-north-2,"Mexico City 2, Mexico",158
2025-12-15 16:11:53,cloudping Huawei,ap-southeast-3,Singapore,188
2025-12-15 16:11:53,cloudping Huawei,af-south-1,"Johannesburg, South Africa",231.5
2025-12-15 16:11:53,cloudping Huawei,ap-southeast-1,"Hong Kong, China",234
2025-12-15 16:11:53,cloudping Huawei,ap-southeast-2,"Bangkok, Thailand",237.5
2025-12-15 16:11:53,cloudping Huawei,la-south-2,"Santiago, Chile",297.5
2025-12-15 16:11:53,cloudping Huawei,sa-brazil-1,"Sao Paulo, Brazil",304
2025-12-15 16:11:53,cloudping Huawei,na-mexico-1,"Mexico City 1, Mexico",144.5
2025-12-15 16:11:53,cloudping Huawei,la-north-2,"Mexico City 2, Mexico",158
2025-12-15 16:11:53,cloudping Huawei,ap-southeast-3,Singapore,188
2025-12-15 16:11:53,cloudping Huawei,af-south-1,"Johannesburg, South Africa",231.5
2025-12-15 16:11:53,cloudping Huawei,ap-southeast-1,"Hong Kong, China",234
2025-12-15 16:11:53,cloudping Huawei,ap-southeast-2,"Bangkok, Thailand",237.5
2025-12-15 16:11:53,cloudping Huawei,la-south-2,"Santiago, Chile",297.5
2025-12-15 16:11:53,cloudping Huawei,sa-brazil-1,"Sao Paulo, Brazil",304
2025-12-15 16:11:53,cloudping Huawei,cn-east-3,Shanghai 1,222.5
2025-12-15 16:11:53,cloudping Huawei,cn-north-1,Beijing 1,228.5
2025-12-15 16:11:53,cloudping Huawei,cn-north-4,Beijing 4,232
2025-12-15 16:11:53,cloudping Huawei,cn-north-9,Wulanchabu,238.5
2025-12-15 16:11:53,cloudping Huawei,cn-south-1,Guangzhou,240.5
2025-12-15 16:11:53,cloudping Huawei,cn-east-2,Shanghai 2,540
2025-12-15 16:11:53,cloudping Huawei,cn-southwest-2,Guiyang 1,588
2025-12-15 16:37:53,cloudping Huawei,na-mexico-1,"Mexico City 1, Mexico",146.5
2025-12-15 16:37:53,cloudping Huawei,la-north-2,"Mexico City 2, Mexico",156.5
2025-12-15 16:37:53,cloudping Huawei,ap-southeast-3,Singapore,191.5
2025-12-15 16:37:53,cloudping Huawei,af-south-1,"Johannesburg, South Africa",227
2025-12-15 16:37:53,cloudping Huawei,sa-brazil-1,"Sao Paulo, Brazil",228.5
2025-12-15 16:37:53,cloudping Huawei,ap-southeast-2,"Bangkok, Thailand",230.5
2025-12-15 16:37:53,cloudping Huawei,la-south-2,"Santiago, Chile",253.5
2025-12-15 16:37:53,cloudping Huawei,ap-southeast-1,"Hong Kong, China",434.5
2025-12-15 16:37:53,cloudping Huawei,na-mexico-1,"Mexico City 1, Mexico",146.5
2025-12-15 16:37:53,cloudping Huawei,la-north-2,"Mexico City 2, Mexico",156.5
2025-12-15 16:37:53,cloudping Huawei,ap-southeast-3,Singapore,191.5
2025-12-15 16:37:53,cloudping Huawei,af-south-1,"Johannesburg, South Africa",227
2025-12-15 16:37:53,cloudping Huawei,sa-brazil-1,"Sao Paulo, Brazil",228.5
2025-12-15 16:37:53,cloudping Huawei,ap-southeast-2,"Bangkok, Thailand",230.5
2025-12-15 16:37:53,cloudping Huawei,la-south-2,"Santiago, Chile",253.5
2025-12-15 16:37:53,cloudping Huawei,ap-southeast-1,"Hong Kong, China",434.5
2025-12-15 16:37:53,cloudping Huawei,cn-east-2,Shanghai 2,255.5
2025-12-15 16:37:53,cloudping Huawei,cn-north-1,Beijing 1,281
2025-12-15 16:37:53,cloudping Huawei,cn-east-3,Shanghai 1,595
2025-12-15 16:37:53,cloudping Huawei,cn-southwest-2,Guiyang 1,630.5
2025-12-15 16:37:53,cloudping Huawei,cn-south-1,Guangzhou,1008.5
2025-12-15 16:37:53,cloudping Huawei,cn-north-4,Beijing 4,1773
2025-12-15 16:37:53,cloudping Huawei,cn-north-9,Wulanchabu,3176
2025-12-15 17:03:53,cloudping Huawei,na-mexico-1,"Mexico City 1, Mexico",156
2025-12-15 17:03:53,cloudping Huawei,la-north-2,"Mexico City 2, Mexico",161
2025-12-15 17:03:53,cloudping Huawei,ap-southeast-3,Singapore,202.5
2025-12-15 17:03:53,cloudping Huawei,ap-southeast-1,"Hong Kong, China",223
2025-12-15 17:03:53,cloudping Huawei,ap-southeast-2,"Bangkok, Thailand",235.5
2025-12-15 17:03:53,cloudping Huawei,la-south-2,"Santiago, Chile",257
2025-12-15 17:03:53,cloudping Huawei,sa-brazil-1,"Sao Paulo, Brazil",299.5
2025-12-15 17:03:53,cloudping Huawei,af-south-1,"Johannesburg, South Africa",361
2025-12-15 17:03:53,cloudping Huawei,na-mexico-1,"Mexico City 1, Mexico",156
2025-12-15 17:03:53,cloudping Huawei,la-north-2,"Mexico City 2, Mexico",161
2025-12-15 17:03:53,cloudping Huawei,ap-southeast-3,Singapore,202.5
2025-12-15 17:03:53,cloudping Huawei,ap-southeast-1,"Hong Kong, China",223
2025-12-15 17:03:53,cloudping Huawei,ap-southeast-2,"Bangkok, Thailand",235.5
2025-12-15 17:03:53,cloudping Huawei,la-south-2,"Santiago, Chile",257
2025-12-15 17:03:53,cloudping Huawei,sa-brazil-1,"Sao Paulo, Brazil",299.5
2025-12-15 17:03:53,cloudping Huawei,af-south-1,"Johannesburg, South Africa",361
2025-12-15 17:03:53,cloudping Huawei,cn-north-1,Beijing 1,204.5
2025-12-15 17:03:53,cloudping Huawei,cn-east-3,Shanghai 1,241
2025-12-15 17:03:53,cloudping Huawei,cn-north-9,Wulanchabu,243.5
2025-12-15 17:03:53,cloudping Huawei,cn-east-2,Shanghai 2,254.5
2025-12-15 17:03:53,cloudping Huawei,cn-south-1,Guangzhou,256.5
2025-12-15 17:03:53,cloudping Huawei,cn-southwest-2,Guiyang 1,284
2025-12-15 17:03:53,cloudping Huawei,cn-north-4,Beijing 4,1000
2025-12-15 17:29:53,cloudping Huawei,na-mexico-1,"Mexico City 1, Mexico",146
2025-12-15 17:29:53,cloudping Huawei,la-north-2,"Mexico City 2, Mexico",158
2025-12-15 17:29:53,cloudping Huawei,ap-southeast-3,Singapore,193
2025-12-15 17:29:53,cloudping Huawei,ap-southeast-1,"Hong Kong, China",213
2025-12-15 17:29:53,cloudping Huawei,sa-brazil-1,"Sao Paulo, Brazil",228
2025-12-15 17:29:53,cloudping Huawei,ap-southeast-2,"Bangkok, Thailand",241.5
2025-12-15 17:29:53,cloudping Huawei,af-south-1,"Johannesburg, South Africa",242
2025-12-15 17:29:53,cloudping Huawei,la-south-2,"Santiago, Chile",368.5
2025-12-15 17:29:53,cloudping Huawei,na-mexico-1,"Mexico City 1, Mexico",146
2025-12-15 17:29:53,cloudping Huawei,la-north-2,"Mexico City 2, Mexico",158
2025-12-15 17:29:53,cloudping Huawei,ap-southeast-3,Singapore,193
2025-12-15 17:29:53,cloudping Huawei,ap-southeast-1,"Hong Kong, China",213
2025-12-15 17:29:53,cloudping Huawei,sa-brazil-1,"Sao Paulo, Brazil",228
2025-12-15 17:29:53,cloudping Huawei,ap-southeast-2,"Bangkok, Thailand",241.5
2025-12-15 17:29:53,cloudping Huawei,af-south-1,"Johannesburg, South Africa",242
2025-12-15 17:29:53,cloudping Huawei,la-south-2,"Santiago, Chile",368.5
2025-12-15 17:29:53,cloudping Huawei,cn-southwest-2,Guiyang 1,275.5
2025-12-15 17:29:53,cloudping Huawei,cn-east-2,Shanghai 2,299
2025-12-15 17:29:53,cloudping Huawei,cn-north-9,Wulanchabu,486
2025-12-15 17:29:53,cloudping Huawei,cn-north-4,Beijing 4,529.5
2025-12-15 17:29:53,cloudping Huawei,cn-east-3,Shanghai 1,540.5
2025-12-15 17:29:53,cloudping Huawei,cn-north-1,Beijing 1,570.5
2025-12-15 17:29:53,cloudping Huawei,cn-south-1,Guangzhou,627.5
2025-12-15 17:55:54,cloudping Huawei,na-mexico-1,"Mexico City 1, Mexico",149
2025-12-15 17:55:54,cloudping Huawei,la-north-2,"Mexico City 2, Mexico",152.5
2025-12-15 17:55:54,cloudping Huawei,ap-southeast-3,Singapore,194
2025-12-15 17:55:54,cloudping Huawei,ap-southeast-1,"Hong Kong, China",220.5
2025-12-15 17:55:54,cloudping Huawei,sa-brazil-1,"Sao Paulo, Brazil",224
2025-12-15 17:55:54,cloudping Huawei,ap-southeast-2,"Bangkok, Thailand",232
2025-12-15 17:55:54,cloudping Huawei,af-south-1,"Johannesburg, South Africa",244.5
2025-12-15 17:55:54,cloudping Huawei,la-south-2,"Santiago, Chile",273.5
2025-12-15 17:55:54,cloudping Huawei,na-mexico-1,"Mexico City 1, Mexico",149
2025-12-15 17:55:54,cloudping Huawei,la-north-2,"Mexico City 2, Mexico",152.5
2025-12-15 17:55:54,cloudping Huawei,ap-southeast-3,Singapore,194
2025-12-15 17:55:54,cloudping Huawei,ap-southeast-1,"Hong Kong, China",220.5
2025-12-15 17:55:54,cloudping Huawei,sa-brazil-1,"Sao Paulo, Brazil",224
2025-12-15 17:55:54,cloudping Huawei,ap-southeast-2,"Bangkok, Thailand",232
2025-12-15 17:55:54,cloudping Huawei,af-south-1,"Johannesburg, South Africa",244.5
2025-12-15 17:55:54,cloudping Huawei,la-south-2,"Santiago, Chile",273.5
2025-12-15 17:55:54,cloudping Huawei,cn-east-2,Shanghai 2,211.5
2025-12-15 17:55:54,cloudping Huawei,cn-east-3,Shanghai 1,219.5
2025-12-15 17:55:54,cloudping Huawei,cn-north-4,Beijing 4,227
2025-12-15 17:55:54,cloudping Huawei,cn-south-1,Guangzhou,248
2025-12-15 17:55:54,cloudping Huawei,cn-southwest-2,Guiyang 1,272
2025-12-15 17:55:54,cloudping Huawei,cn-north-1,Beijing 1,275
2025-12-15 17:55:54,cloudping Huawei,cn-north-9,Wulanchabu,282.5
2025-12-15 18:21:55,cloudping Huawei,na-mexico-1,"Mexico City 1, Mexico",145
2025-12-15 18:21:55,cloudping Huawei,la-north-2,"Mexico City 2, Mexico",147
2025-12-15 18:21:55,cloudping Huawei,ap-southeast-3,Singapore,191
2025-12-15 18:21:55,cloudping Huawei,sa-brazil-1,"Sao Paulo, Brazil",218.5
2025-12-15 18:21:55,cloudping Huawei,ap-southeast-1,"Hong Kong, China",230
2025-12-15 18:21:55,cloudping Huawei,af-south-1,"Johannesburg, South Africa",248
2025-12-15 18:21:55,cloudping Huawei,ap-southeast-2,"Bangkok, Thailand",257.5
2025-12-15 18:21:55,cloudping Huawei,la-south-2,"Santiago, Chile",261.5
2025-12-15 18:21:55,cloudping Huawei,na-mexico-1,"Mexico City 1, Mexico",145
2025-12-15 18:21:55,cloudping Huawei,la-north-2,"Mexico City 2, Mexico",147
2025-12-15 18:21:55,cloudping Huawei,ap-southeast-3,Singapore,191
2025-12-15 18:21:55,cloudping Huawei,sa-brazil-1,"Sao Paulo, Brazil",218.5
2025-12-15 18:21:55,cloudping Huawei,ap-southeast-1,"Hong Kong, China",230
2025-12-15 18:21:55,cloudping Huawei,af-south-1,"Johannesburg, South Africa",248
2025-12-15 18:21:55,cloudping Huawei,ap-southeast-2,"Bangkok, Thailand",257.5
2025-12-15 18:21:55,cloudping Huawei,la-south-2,"Santiago, Chile",261.5
2025-12-15 18:21:55,cloudping Huawei,cn-east-2,Shanghai 2,220.5
2025-12-15 18:21:55,cloudping Huawei,cn-east-3,Shanghai 1,221
2025-12-15 18:21:55,cloudping Huawei,cn-north-1,Beijing 1,232
2025-12-15 18:21:55,cloudping Huawei,cn-north-9,Wulanchabu,245
2025-12-15 18:21:55,cloudping Huawei,cn-north-4,Beijing 4,268.5
2025-12-15 18:21:55,cloudping Huawei,cn-southwest-2,Guiyang 1,270
2025-12-15 18:21:55,cloudping Huawei,cn-south-1,Guangzhou,273
2025-12-15 18:47:54,cloudping Huawei,na-mexico-1,"Mexico City 1, Mexico",146
2025-12-15 18:47:54,cloudping Huawei,la-north-2,"Mexico City 2, Mexico",151
2025-12-15 18:47:54,cloudping Huawei,ap-southeast-3,Singapore,188.5
2025-12-15 18:47:54,cloudping Huawei,ap-southeast-1,"Hong Kong, China",220
2025-12-15 18:47:54,cloudping Huawei,sa-brazil-1,"Sao Paulo, Brazil",231.5
2025-12-15 18:47:54,cloudping Huawei,ap-southeast-2,"Bangkok, Thailand",238.5
2025-12-15 18:47:54,cloudping Huawei,af-south-1,"Johannesburg, South Africa",247.5
2025-12-15 18:47:54,cloudping Huawei,la-south-2,"Santiago, Chile",281
2025-12-15 18:47:54,cloudping Huawei,na-mexico-1,"Mexico City 1, Mexico",146
2025-12-15 18:47:54,cloudping Huawei,la-north-2,"Mexico City 2, Mexico",151
2025-12-15 18:47:54,cloudping Huawei,ap-southeast-3,Singapore,188.5
2025-12-15 18:47:54,cloudping Huawei,ap-southeast-1,"Hong Kong, China",220
2025-12-15 18:47:54,cloudping Huawei,sa-brazil-1,"Sao Paulo, Brazil",231.5
2025-12-15 18:47:54,cloudping Huawei,ap-southeast-2,"Bangkok, Thailand",238.5
2025-12-15 18:47:54,cloudping Huawei,af-south-1,"Johannesburg, South Africa",247.5
2025-12-15 18:47:54,cloudping Huawei,la-south-2,"Santiago, Chile",281
2025-12-15 18:47:54,cloudping Huawei,cn-east-2,Shanghai 2,217.5
2025-12-15 18:47:54,cloudping Huawei,cn-north-1,Beijing 1,229.5
2025-12-15 18:47:54,cloudping Huawei,cn-south-1,Guangzhou,237
2025-12-15 18:47:54,cloudping Huawei,cn-north-4,Beijing 4,269
2025-12-15 18:47:54,cloudping Huawei,cn-southwest-2,Guiyang 1,270
2025-12-15 18:47:54,cloudping Huawei,cn-east-3,Shanghai 1,274.5
2025-12-15 18:47:54,cloudping Huawei,cn-north-9,Wulanchabu,295.5
2025-12-15 19:13:54,cloudping Huawei,na-mexico-1,"Mexico City 1, Mexico",154.5
2025-12-15 19:13:54,cloudping Huawei,la-north-2,"Mexico City 2, Mexico",163
2025-12-15 19:13:54,cloudping Huawei,ap-southeast-3,Singapore,187
2025-12-15 19:13:54,cloudping Huawei,sa-brazil-1,"Sao Paulo, Brazil",225
2025-12-15 19:13:54,cloudping Huawei,ap-southeast-1,"Hong Kong, China",228
2025-12-15 19:13:54,cloudping Huawei,af-south-1,"Johannesburg, South Africa",249
2025-12-15 19:13:54,cloudping Huawei,la-south-2,"Santiago, Chile",253.5
2025-12-15 19:13:54,cloudping Huawei,ap-southeast-2,"Bangkok, Thailand",266.5
2025-12-15 19:13:54,cloudping Huawei,na-mexico-1,"Mexico City 1, Mexico",154.5
2025-12-15 19:13:54,cloudping Huawei,la-north-2,"Mexico City 2, Mexico",163
2025-12-15 19:13:54,cloudping Huawei,ap-southeast-3,Singapore,187
2025-12-15 19:13:54,cloudping Huawei,sa-brazil-1,"Sao Paulo, Brazil",225
2025-12-15 19:13:54,cloudping Huawei,ap-southeast-1,"Hong Kong, China",228
2025-12-15 19:13:54,cloudping Huawei,af-south-1,"Johannesburg, South Africa",249
2025-12-15 19:13:54,cloudping Huawei,la-south-2,"Santiago, Chile",253.5
2025-12-15 19:13:54,cloudping Huawei,ap-southeast-2,"Bangkok, Thailand",266.5
2025-12-15 19:13:54,cloudping Huawei,cn-east-3,Shanghai 1,220
2025-12-15 19:13:54,cloudping Huawei,cn-east-2,Shanghai 2,234.5
2025-12-15 19:13:54,cloudping Huawei,cn-north-9,Wulanchabu,245
2025-12-15 19:13:54,cloudping Huawei,cn-south-1,Guangzhou,261
2025-12-15 19:13:54,cloudping Huawei,cn-north-4,Beijing 4,261.5
2025-12-15 19:13:54,cloudping Huawei,cn-southwest-2,Guiyang 1,418
2025-12-15 19:13:54,cloudping Huawei,cn-north-1,Beijing 1,474
2025-12-15 19:39:56,cloudping Huawei,na-mexico-1,"Mexico City 1, Mexico",145.5
2025-12-15 19:39:56,cloudping Huawei,la-north-2,"Mexico City 2, Mexico",155
2025-12-15 19:39:56,cloudping Huawei,ap-southeast-3,Singapore,186
2025-12-15 19:39:56,cloudping Huawei,ap-southeast-1,"Hong Kong, China",217.5
2025-12-15 19:39:56,cloudping Huawei,sa-brazil-1,"Sao Paulo, Brazil",228
2025-12-15 19:39:56,cloudping Huawei,ap-southeast-2,"Bangkok, Thailand",234.5
2025-12-15 19:39:56,cloudping Huawei,af-south-1,"Johannesburg, South Africa",239.5
2025-12-15 19:39:56,cloudping Huawei,la-south-2,"Santiago, Chile",303
2025-12-15 19:39:56,cloudping Huawei,na-mexico-1,"Mexico City 1, Mexico",145.5
2025-12-15 19:39:56,cloudping Huawei,la-north-2,"Mexico City 2, Mexico",155
2025-12-15 19:39:56,cloudping Huawei,ap-southeast-3,Singapore,186
2025-12-15 19:39:56,cloudping Huawei,ap-southeast-1,"Hong Kong, China",217.5
2025-12-15 19:39:56,cloudping Huawei,sa-brazil-1,"Sao Paulo, Brazil",228
2025-12-15 19:39:56,cloudping Huawei,ap-southeast-2,"Bangkok, Thailand",234.5
2025-12-15 19:39:56,cloudping Huawei,af-south-1,"Johannesburg, South Africa",239.5
2025-12-15 19:39:56,cloudping Huawei,la-south-2,"Santiago, Chile",303
2025-12-15 19:39:56,cloudping Huawei,cn-east-2,Shanghai 2,207.5
2025-12-15 19:39:56,cloudping Huawei,cn-east-3,Shanghai 1,219
2025-12-15 19:39:56,cloudping Huawei,cn-south-1,Guangzhou,241
2025-12-15 19:39:56,cloudping Huawei,cn-southwest-2,Guiyang 1,252.5
2025-12-15 19:39:56,cloudping Huawei,cn-north-1,Beijing 1,254.5
2025-12-15 19:39:56,cloudping Huawei,cn-north-4,Beijing 4,261
2025-12-15 19:39:56,cloudping Huawei,cn-north-9,Wulanchabu,359.5
2025-12-15 20:05:54,cloudping Huawei,na-mexico-1,"Mexico City 1, Mexico",143
2025-12-15 20:05:54,cloudping Huawei,la-north-2,"Mexico City 2, Mexico",158.5
2025-12-15 20:05:54,cloudping Huawei,ap-southeast-3,Singapore,203.5
2025-12-15 20:05:54,cloudping Huawei,ap-southeast-1,"Hong Kong, China",219.5
2025-12-15 20:05:54,cloudping Huawei,sa-brazil-1,"Sao Paulo, Brazil",228
2025-12-15 20:05:54,cloudping Huawei,ap-southeast-2,"Bangkok, Thailand",235.5
2025-12-15 20:05:54,cloudping Huawei,af-south-1,"Johannesburg, South Africa",251.5
2025-12-15 20:05:54,cloudping Huawei,la-south-2,"Santiago, Chile",262.5
2025-12-15 20:05:54,cloudping Huawei,na-mexico-1,"Mexico City 1, Mexico",143
2025-12-15 20:05:54,cloudping Huawei,la-north-2,"Mexico City 2, Mexico",158.5
2025-12-15 20:05:54,cloudping Huawei,ap-southeast-3,Singapore,203.5
2025-12-15 20:05:54,cloudping Huawei,ap-southeast-1,"Hong Kong, China",219.5
2025-12-15 20:05:54,cloudping Huawei,sa-brazil-1,"Sao Paulo, Brazil",228
2025-12-15 20:05:54,cloudping Huawei,ap-southeast-2,"Bangkok, Thailand",235.5
2025-12-15 20:05:54,cloudping Huawei,af-south-1,"Johannesburg, South Africa",251.5
2025-12-15 20:05:54,cloudping Huawei,la-south-2,"Santiago, Chile",262.5
2025-12-15 20:05:54,cloudping Huawei,cn-east-3,Shanghai 1,215
2025-12-15 20:05:54,cloudping Huawei,cn-north-4,Beijing 4,221
2025-12-15 20:05:54,cloudping Huawei,cn-north-1,Beijing 1,239.5
2025-12-15 20:05:54,cloudping Huawei,cn-east-2,Shanghai 2,245
2025-12-15 20:05:54,cloudping Huawei,cn-southwest-2,Guiyang 1,246
2025-12-15 20:05:54,cloudping Huawei,cn-south-1,Guangzhou,246
2025-12-15 20:05:54,cloudping Huawei,cn-north-9,Wulanchabu,274
2025-12-15 20:31:54,cloudping Huawei,na-mexico-1,"Mexico City 1, Mexico",143.5
2025-12-15 20:31:54,cloudping Huawei,ap-southeast-1,"Hong Kong, China",223
2025-12-15 20:31:54,cloudping Huawei,sa-brazil-1,"Sao Paulo, Brazil",224
2025-12-15 20:31:54,cloudping Huawei,la-north-2,"Mexico City 2, Mexico",230
2025-12-15 20:31:54,cloudping Huawei,ap-southeast-2,"Bangkok, Thailand",230.5
2025-12-15 20:31:54,cloudping Huawei,af-south-1,"Johannesburg, South Africa",244
2025-12-15 20:31:54,cloudping Huawei,ap-southeast-3,Singapore,254.5
2025-12-15 20:31:54,cloudping Huawei,la-south-2,"Santiago, Chile",277
2025-12-15 20:31:54,cloudping Huawei,na-mexico-1,"Mexico City 1, Mexico",143.5
2025-12-15 20:31:54,cloudping Huawei,ap-southeast-1,"Hong Kong, China",223
2025-12-15 20:31:54,cloudping Huawei,sa-brazil-1,"Sao Paulo, Brazil",224
2025-12-15 20:31:54,cloudping Huawei,la-north-2,"Mexico City 2, Mexico",230
2025-12-15 20:31:54,cloudping Huawei,ap-southeast-2,"Bangkok, Thailand",230.5
2025-12-15 20:31:54,cloudping Huawei,af-south-1,"Johannesburg, South Africa",244
2025-12-15 20:31:54,cloudping Huawei,ap-southeast-3,Singapore,254.5
2025-12-15 20:31:54,cloudping Huawei,la-south-2,"Santiago, Chile",277
2025-12-15 20:31:54,cloudping Huawei,cn-north-1,Beijing 1,213.5
2025-12-15 20:31:54,cloudping Huawei,cn-east-2,Shanghai 2,225.5
2025-12-15 20:31:54,cloudping Huawei,cn-southwest-2,Guiyang 1,245
2025-12-15 20:31:54,cloudping Huawei,cn-south-1,Guangzhou,245
2025-12-15 20:31:54,cloudping Huawei,cn-east-3,Shanghai 1,263
2025-12-15 20:31:54,cloudping Huawei,cn-north-9,Wulanchabu,273
2025-12-15 20:31:54,cloudping Huawei,cn-north-4,Beijing 4,336
2025-12-15 20:57:55,cloudping Huawei,na-mexico-1,"Mexico City 1, Mexico",177.5
2025-12-15 20:57:55,cloudping Huawei,ap-southeast-3,Singapore,195
2025-12-15 20:57:55,cloudping Huawei,la-north-2,"Mexico City 2, Mexico",205.5
2025-12-15 20:57:55,cloudping Huawei,sa-brazil-1,"Sao Paulo, Brazil",226.5
2025-12-15 20:57:55,cloudping Huawei,af-south-1,"Johannesburg, South Africa",227.5
2025-12-15 20:57:55,cloudping Huawei,ap-southeast-1,"Hong Kong, China",230
2025-12-15 20:57:55,cloudping Huawei,ap-southeast-2,"Bangkok, Thailand",239.5
2025-12-15 20:57:55,cloudping Huawei,la-south-2,"Santiago, Chile",266.5
2025-12-15 20:57:55,cloudping Huawei,na-mexico-1,"Mexico City 1, Mexico",177.5
2025-12-15 20:57:55,cloudping Huawei,ap-southeast-3,Singapore,195
2025-12-15 20:57:55,cloudping Huawei,la-north-2,"Mexico City 2, Mexico",205.5
2025-12-15 20:57:55,cloudping Huawei,sa-brazil-1,"Sao Paulo, Brazil",226.5
2025-12-15 20:57:55,cloudping Huawei,af-south-1,"Johannesburg, South Africa",227.5
2025-12-15 20:57:55,cloudping Huawei,ap-southeast-1,"Hong Kong, China",230
2025-12-15 20:57:55,cloudping Huawei,ap-southeast-2,"Bangkok, Thailand",239.5
2025-12-15 20:57:55,cloudping Huawei,la-south-2,"Santiago, Chile",266.5
2025-12-15 20:57:55,cloudping Huawei,cn-east-3,Shanghai 1,227.5
2025-12-15 20:57:55,cloudping Huawei,cn-north-9,Wulanchabu,234
2025-12-15 20:57:55,cloudping Huawei,cn-south-1,Guangzhou,245
2025-12-15 20:57:55,cloudping Huawei,cn-north-1,Beijing 1,248.5
2025-12-15 20:57:55,cloudping Huawei,cn-southwest-2,Guiyang 1,253
2025-12-15 20:57:55,cloudping Huawei,cn-east-2,Shanghai 2,254
2025-12-15 20:57:55,cloudping Huawei,cn-north-4,Beijing 4,261.5
2025-12-15 21:23:55,cloudping Huawei,na-mexico-1,"Mexico City 1, Mexico",142.5
2025-12-15 21:23:55,cloudping Huawei,la-north-2,"Mexico City 2, Mexico",184.5
2025-12-15 21:23:55,cloudping Huawei,ap-southeast-3,Singapore,193.5
2025-12-15 21:23:55,cloudping Huawei,ap-southeast-1,"Hong Kong, China",223.5
2025-12-15 21:23:55,cloudping Huawei,ap-southeast-2,"Bangkok, Thailand",236.5
2025-12-15 21:23:55,cloudping Huawei,af-south-1,"Johannesburg, South Africa",237
2025-12-15 21:23:55,cloudping Huawei,sa-brazil-1,"Sao Paulo, Brazil",245.5
2025-12-15 21:23:55,cloudping Huawei,la-south-2,"Santiago, Chile",420.5
2025-12-15 21:23:55,cloudping Huawei,na-mexico-1,"Mexico City 1, Mexico",142.5
2025-12-15 21:23:55,cloudping Huawei,la-north-2,"Mexico City 2, Mexico",184.5
2025-12-15 21:23:55,cloudping Huawei,ap-southeast-3,Singapore,193.5
2025-12-15 21:23:55,cloudping Huawei,ap-southeast-1,"Hong Kong, China",223.5
2025-12-15 21:23:55,cloudping Huawei,ap-southeast-2,"Bangkok, Thailand",236.5
2025-12-15 21:23:55,cloudping Huawei,af-south-1,"Johannesburg, South Africa",237
2025-12-15 21:23:55,cloudping Huawei,sa-brazil-1,"Sao Paulo, Brazil",245.5
2025-12-15 21:23:55,cloudping Huawei,la-south-2,"Santiago, Chile",420.5
2025-12-15 21:23:55,cloudping Huawei,cn-east-2,Shanghai 2,208.5
2025-12-15 21:23:55,cloudping Huawei,cn-east-3,Shanghai 1,222
2025-12-15 21:23:55,cloudping Huawei,cn-north-4,Beijing 4,226.5
2025-12-15 21:23:55,cloudping Huawei,cn-south-1,Guangzhou,241
2025-12-15 21:23:55,cloudping Huawei,cn-southwest-2,Guiyang 1,253
2025-12-15 21:23:55,cloudping Huawei,cn-north-1,Beijing 1,256
2025-12-15 21:23:55,cloudping Huawei,cn-north-9,Wulanchabu,269.5
2025-12-15 21:49:59,cloudping Huawei,na-mexico-1,"Mexico City 1, Mexico",148
2025-12-15 21:49:59,cloudping Huawei,la-north-2,"Mexico City 2, Mexico",165.5
2025-12-15 21:49:59,cloudping Huawei,ap-southeast-3,Singapore,189.5
2025-12-15 21:49:59,cloudping Huawei,ap-southeast-1,"Hong Kong, China",213
2025-12-15 21:49:59,cloudping Huawei,sa-brazil-1,"Sao Paulo, Brazil",218
2025-12-15 21:49:59,cloudping Huawei,af-south-1,"Johannesburg, South Africa",226
2025-12-15 21:49:59,cloudping Huawei,ap-southeast-2,"Bangkok, Thailand",252
2025-12-15 21:49:59,cloudping Huawei,la-south-2,"Santiago, Chile",269
2025-12-15 21:49:59,cloudping Huawei,na-mexico-1,"Mexico City 1, Mexico",148
2025-12-15 21:49:59,cloudping Huawei,la-north-2,"Mexico City 2, Mexico",165.5
2025-12-15 21:49:59,cloudping Huawei,ap-southeast-3,Singapore,189.5
2025-12-15 21:49:59,cloudping Huawei,ap-southeast-1,"Hong Kong, China",213
2025-12-15 21:49:59,cloudping Huawei,sa-brazil-1,"Sao Paulo, Brazil",218
2025-12-15 21:49:59,cloudping Huawei,af-south-1,"Johannesburg, South Africa",226
2025-12-15 21:49:59,cloudping Huawei,ap-southeast-2,"Bangkok, Thailand",252
2025-12-15 21:49:59,cloudping Huawei,la-south-2,"Santiago, Chile",269
2025-12-15 21:49:59,cloudping Huawei,cn-north-1,Beijing 1,231
2025-12-15 21:49:59,cloudping Huawei,cn-north-9,Wulanchabu,233.5
2025-12-15 21:49:59,cloudping Huawei,cn-southwest-2,Guiyang 1,272
2025-12-15 21:49:59,cloudping Huawei,cn-south-1,Guangzhou,299
2025-12-15 21:49:59,cloudping Huawei,cn-north-4,Beijing 4,362.5
2025-12-15 21:49:59,cloudping Huawei,cn-east-2,Shanghai 2,416
2025-12-15 21:49:59,cloudping Huawei,cn-east-3,Shanghai 1,439
2025-12-15 22:15:57,cloudping Huawei,na-mexico-1,"Mexico City 1, Mexico",143.5
2025-12-15 22:15:57,cloudping Huawei,la-north-2,"Mexico City 2, Mexico",161
2025-12-15 22:15:57,cloudping Huawei,ap-southeast-3,Singapore,191.5
2025-12-15 22:15:57,cloudping Huawei,ap-southeast-1,"Hong Kong, China",219
2025-12-15 22:15:57,cloudping Huawei,sa-brazil-1,"Sao Paulo, Brazil",224
2025-12-15 22:15:57,cloudping Huawei,ap-southeast-2,"Bangkok, Thailand",232.5
2025-12-15 22:15:57,cloudping Huawei,af-south-1,"Johannesburg, South Africa",236.5
2025-12-15 22:15:57,cloudping Huawei,la-south-2,"Santiago, Chile",257
2025-12-15 22:15:57,cloudping Huawei,na-mexico-1,"Mexico City 1, Mexico",143.5
2025-12-15 22:15:57,cloudping Huawei,la-north-2,"Mexico City 2, Mexico",161
2025-12-15 22:15:57,cloudping Huawei,ap-southeast-3,Singapore,191.5
2025-12-15 22:15:57,cloudping Huawei,ap-southeast-1,"Hong Kong, China",219
2025-12-15 22:15:57,cloudping Huawei,sa-brazil-1,"Sao Paulo, Brazil",224
2025-12-15 22:15:57,cloudping Huawei,ap-southeast-2,"Bangkok, Thailand",232.5
2025-12-15 22:15:57,cloudping Huawei,af-south-1,"Johannesburg, South Africa",236.5
2025-12-15 22:15:57,cloudping Huawei,la-south-2,"Santiago, Chile",257
2025-12-15 22:15:57,cloudping Huawei,cn-east-3,Shanghai 1,218
2025-12-15 22:15:57,cloudping Huawei,cn-north-4,Beijing 4,221.5
2025-12-15 22:15:57,cloudping Huawei,cn-south-1,Guangzhou,242.5
2025-12-15 22:15:57,cloudping Huawei,cn-north-1,Beijing 1,242.5
2025-12-15 22:15:57,cloudping Huawei,cn-southwest-2,Guiyang 1,294.5
2025-12-15 22:15:57,cloudping Huawei,cn-north-9,Wulanchabu,305.5
2025-12-15 22:15:57,cloudping Huawei,cn-east-2,Shanghai 2,537
2025-12-15 22:41:56,cloudping Huawei,na-mexico-1,"Mexico City 1, Mexico",146.5
2025-12-15 22:41:56,cloudping Huawei,la-north-2,"Mexico City 2, Mexico",155.5
2025-12-15 22:41:56,cloudping Huawei,ap-southeast-3,Singapore,189
2025-12-15 22:41:56,cloudping Huawei,ap-southeast-1,"Hong Kong, China",223.5
2025-12-15 22:41:56,cloudping Huawei,af-south-1,"Johannesburg, South Africa",242.5
2025-12-15 22:41:56,cloudping Huawei,sa-brazil-1,"Sao Paulo, Brazil",280
2025-12-15 22:41:56,cloudping Huawei,la-south-2,"Santiago, Chile",288.5
2025-12-15 22:41:56,cloudping Huawei,ap-southeast-2,"Bangkok, Thailand",445
2025-12-15 22:41:56,cloudping Huawei,na-mexico-1,"Mexico City 1, Mexico",146.5
2025-12-15 22:41:56,cloudping Huawei,la-north-2,"Mexico City 2, Mexico",155.5
2025-12-15 22:41:56,cloudping Huawei,ap-southeast-3,Singapore,189
2025-12-15 22:41:56,cloudping Huawei,ap-southeast-1,"Hong Kong, China",223.5
2025-12-15 22:41:56,cloudping Huawei,af-south-1,"Johannesburg, South Africa",242.5
2025-12-15 22:41:56,cloudping Huawei,sa-brazil-1,"Sao Paulo, Brazil",280
2025-12-15 22:41:56,cloudping Huawei,la-south-2,"Santiago, Chile",288.5
2025-12-15 22:41:56,cloudping Huawei,ap-southeast-2,"Bangkok, Thailand",445
2025-12-15 22:41:56,cloudping Huawei,cn-east-2,Shanghai 2,213
2025-12-15 22:41:56,cloudping Huawei,cn-east-3,Shanghai 1,221
2025-12-15 22:41:56,cloudping Huawei,cn-north-1,Beijing 1,227.5
2025-12-15 22:41:56,cloudping Huawei,cn-north-4,Beijing 4,229.5
2025-12-15 22:41:56,cloudping Huawei,cn-southwest-2,Guiyang 1,243.5
2025-12-15 22:41:56,cloudping Huawei,cn-south-1,Guangzhou,244.5
2025-12-15 22:41:56,cloudping Huawei,cn-north-9,Wulanchabu,262
2025-12-15 23:07:56,cloudping Huawei,na-mexico-1,"Mexico City 1, Mexico",142.5
2025-12-15 23:07:56,cloudping Huawei,la-north-2,"Mexico City 2, Mexico",150
2025-12-15 23:07:56,cloudping Huawei,ap-southeast-3,Singapore,194.5
2025-12-15 23:07:56,cloudping Huawei,ap-southeast-1,"Hong Kong, China",216.5
2025-12-15 23:07:56,cloudping Huawei,sa-brazil-1,"Sao Paulo, Brazil",223
2025-12-15 23:07:56,cloudping Huawei,af-south-1,"Johannesburg, South Africa",241.5
2025-12-15 23:07:56,cloudping Huawei,ap-southeast-2,"Bangkok, Thailand",246
2025-12-15 23:07:56,cloudping Huawei,la-south-2,"Santiago, Chile",407.5
2025-12-15 23:07:56,cloudping Huawei,na-mexico-1,"Mexico City 1, Mexico",142.5
2025-12-15 23:07:56,cloudping Huawei,la-north-2,"Mexico City 2, Mexico",150
2025-12-15 23:07:56,cloudping Huawei,ap-southeast-3,Singapore,194.5
2025-12-15 23:07:56,cloudping Huawei,ap-southeast-1,"Hong Kong, China",216.5
2025-12-15 23:07:56,cloudping Huawei,sa-brazil-1,"Sao Paulo, Brazil",223
2025-12-15 23:07:56,cloudping Huawei,af-south-1,"Johannesburg, South Africa",241.5
2025-12-15 23:07:56,cloudping Huawei,ap-southeast-2,"Bangkok, Thailand",246
2025-12-15 23:07:56,cloudping Huawei,la-south-2,"Santiago, Chile",407.5
2025-12-15 23:07:56,cloudping Huawei,cn-east-2,Shanghai 2,209
2025-12-15 23:07:56,cloudping Huawei,cn-north-1,Beijing 1,226
2025-12-15 23:07:56,cloudping Huawei,cn-south-1,Guangzhou,244.5
2025-12-15 23:07:56,cloudping Huawei,cn-east-3,Shanghai 1,274
2025-12-15 23:07:56,cloudping Huawei,cn-north-9,Wulanchabu,294
2025-12-15 23:07:56,cloudping Huawei,cn-southwest-2,Guiyang 1,334
2025-12-15 23:07:56,cloudping Huawei,cn-north-4,Beijing 4,417.5
2025-12-15 23:33:57,cloudping Huawei,na-mexico-1,"Mexico City 1, Mexico",147
2025-12-15 23:33:57,cloudping Huawei,la-north-2,"Mexico City 2, Mexico",147.5
2025-12-15 23:33:57,cloudping Huawei,ap-southeast-3,Singapore,210
2025-12-15 23:33:57,cloudping Huawei,ap-southeast-1,"Hong Kong, China",220
2025-12-15 23:33:57,cloudping Huawei,sa-brazil-1,"Sao Paulo, Brazil",222.5
2025-12-15 23:33:57,cloudping Huawei,ap-southeast-2,"Bangkok, Thailand",234
2025-12-15 23:33:57,cloudping Huawei,af-south-1,"Johannesburg, South Africa",254
2025-12-15 23:33:57,cloudping Huawei,la-south-2,"Santiago, Chile",264
2025-12-15 23:33:57,cloudping Huawei,na-mexico-1,"Mexico City 1, Mexico",147
2025-12-15 23:33:57,cloudping Huawei,la-north-2,"Mexico City 2, Mexico",147.5
2025-12-15 23:33:57,cloudping Huawei,ap-southeast-3,Singapore,210
2025-12-15 23:33:57,cloudping Huawei,ap-southeast-1,"Hong Kong, China",220
2025-12-15 23:33:57,cloudping Huawei,sa-brazil-1,"Sao Paulo, Brazil",222.5
2025-12-15 23:33:57,cloudping Huawei,ap-southeast-2,"Bangkok, Thailand",234
2025-12-15 23:33:57,cloudping Huawei,af-south-1,"Johannesburg, South Africa",254
2025-12-15 23:33:57,cloudping Huawei,la-south-2,"Santiago, Chile",264
2025-12-15 23:33:57,cloudping Huawei,cn-east-3,Shanghai 1,203
2025-12-15 23:33:57,cloudping Huawei,cn-east-2,Shanghai 2,210.5
2025-12-15 23:33:57,cloudping Huawei,cn-north-1,Beijing 1,240.5
2025-12-15 23:33:57,cloudping Huawei,cn-south-1,Guangzhou,243
2025-12-15 23:33:57,cloudping Huawei,cn-north-4,Beijing 4,258.5
2025-12-15 23:33:57,cloudping Huawei,cn-southwest-2,Guiyang 1,291.5
2025-12-15 23:33:57,cloudping Huawei,cn-north-9,Wulanchabu,311.5
2025-12-15 23:59:56,cloudping Huawei,na-mexico-1,"Mexico City 1, Mexico",146.5
2025-12-15 23:59:56,cloudping Huawei,la-north-2,"Mexico City 2, Mexico",152
2025-12-15 23:59:56,cloudping Huawei,ap-southeast-3,Singapore,194.5
2025-12-15 23:59:56,cloudping Huawei,ap-southeast-1,"Hong Kong, China",213.5
2025-12-15 23:59:56,cloudping Huawei,sa-brazil-1,"Sao Paulo, Brazil",228.5
2025-12-15 23:59:56,cloudping Huawei,ap-southeast-2,"Bangkok, Thailand",239.5
2025-12-15 23:59:56,cloudping Huawei,af-south-1,"Johannesburg, South Africa",285.5
2025-12-15 23:59:56,cloudping Huawei,la-south-2,"Santiago, Chile",302.5
2025-12-15 23:59:56,cloudping Huawei,na-mexico-1,"Mexico City 1, Mexico",146.5
2025-12-15 23:59:56,cloudping Huawei,la-north-2,"Mexico City 2, Mexico",152
2025-12-15 23:59:56,cloudping Huawei,ap-southeast-3,Singapore,194.5
2025-12-15 23:59:56,cloudping Huawei,ap-southeast-1,"Hong Kong, China",213.5
2025-12-15 23:59:56,cloudping Huawei,sa-brazil-1,"Sao Paulo, Brazil",228.5
2025-12-15 23:59:56,cloudping Huawei,ap-southeast-2,"Bangkok, Thailand",239.5
2025-12-15 23:59:56,cloudping Huawei,af-south-1,"Johannesburg, South Africa",285.5
2025-12-15 23:59:56,cloudping Huawei,la-south-2,"Santiago, Chile",302.5
2025-12-15 23:59:56,cloudping Huawei,cn-east-2,Shanghai 2,227.5
2025-12-15 23:59:56,cloudping Huawei,cn-east-3,Shanghai 1,240
2025-12-15 23:59:56,cloudping Huawei,cn-north-1,Beijing 1,483.5
2025-12-15 23:59:56,cloudping Huawei,cn-north-4,Beijing 4,512.5
2025-12-15 23:59:56,cloudping Huawei,cn-southwest-2,Guiyang 1,514.5
2025-12-15 23:59:56,cloudping Huawei,cn-north-9,Wulanchabu,517.5
2025-12-15 23:59:56,cloudping Huawei,cn-south-1,Guangzhou,519.5
2025-12-16 00:25:57,cloudping Huawei,na-mexico-1,"Mexico City 1, Mexico",143
2025-12-16 00:25:57,cloudping Huawei,la-north-2,"Mexico City 2, Mexico",154.5
2025-12-16 00:25:57,cloudping Huawei,ap-southeast-3,Singapore,187.5
2025-12-16 00:25:57,cloudping Huawei,ap-southeast-1,"Hong Kong, China",216
2025-12-16 00:25:57,cloudping Huawei,sa-brazil-1,"Sao Paulo, Brazil",227.5
2025-12-16 00:25:57,cloudping Huawei,af-south-1,"Johannesburg, South Africa",236
2025-12-16 00:25:57,cloudping Huawei,la-south-2,"Santiago, Chile",254
2025-12-16 00:25:57,cloudping Huawei,ap-southeast-2,"Bangkok, Thailand",261
2025-12-16 00:25:57,cloudping Huawei,na-mexico-1,"Mexico City 1, Mexico",143
2025-12-16 00:25:57,cloudping Huawei,la-north-2,"Mexico City 2, Mexico",154.5
2025-12-16 00:25:57,cloudping Huawei,ap-southeast-3,Singapore,187.5
2025-12-16 00:25:57,cloudping Huawei,ap-southeast-1,"Hong Kong, China",216
2025-12-16 00:25:57,cloudping Huawei,sa-brazil-1,"Sao Paulo, Brazil",227.5
2025-12-16 00:25:57,cloudping Huawei,af-south-1,"Johannesburg, South Africa",236
2025-12-16 00:25:57,cloudping Huawei,la-south-2,"Santiago, Chile",254
2025-12-16 00:25:57,cloudping Huawei,ap-southeast-2,"Bangkok, Thailand",261
2025-12-16 00:25:57,cloudping Huawei,cn-east-2,Shanghai 2,200
2025-12-16 00:25:57,cloudping Huawei,cn-east-3,Shanghai 1,212
2025-12-16 00:25:57,cloudping Huawei,cn-north-9,Wulanchabu,222
2025-12-16 00:25:57,cloudping Huawei,cn-north-1,Beijing 1,223.5
2025-12-16 00:25:57,cloudping Huawei,cn-south-1,Guangzhou,251.5
2025-12-16 00:25:57,cloudping Huawei,cn-southwest-2,Guiyang 1,282.5
2025-12-16 00:25:57,cloudping Huawei,cn-north-4,Beijing 4,297.5
2025-12-16 00:52:01,cloudping Huawei,na-mexico-1,"Mexico City 1, Mexico",151.5
2025-12-16 00:52:01,cloudping Huawei,la-north-2,"Mexico City 2, Mexico",164.5
2025-12-16 00:52:01,cloudping Huawei,ap-southeast-3,Singapore,191
2025-12-16 00:52:01,cloudping Huawei,ap-southeast-1,"Hong Kong, China",230
2025-12-16 00:52:01,cloudping Huawei,ap-southeast-2,"Bangkok, Thailand",237
2025-12-16 00:52:01,cloudping Huawei,la-south-2,"Santiago, Chile",239
2025-12-16 00:52:01,cloudping Huawei,sa-brazil-1,"Sao Paulo, Brazil",266
2025-12-16 00:52:01,cloudping Huawei,af-south-1,"Johannesburg, South Africa",266.5
2025-12-16 00:52:01,cloudping Huawei,na-mexico-1,"Mexico City 1, Mexico",151.5
2025-12-16 00:52:01,cloudping Huawei,la-north-2,"Mexico City 2, Mexico",164.5
2025-12-16 00:52:01,cloudping Huawei,ap-southeast-3,Singapore,191
2025-12-16 00:52:01,cloudping Huawei,ap-southeast-1,"Hong Kong, China",230
2025-12-16 00:52:01,cloudping Huawei,ap-southeast-2,"Bangkok, Thailand",237
2025-12-16 00:52:01,cloudping Huawei,la-south-2,"Santiago, Chile",239
2025-12-16 00:52:01,cloudping Huawei,sa-brazil-1,"Sao Paulo, Brazil",266
2025-12-16 00:52:01,cloudping Huawei,af-south-1,"Johannesburg, South Africa",266.5
2025-12-16 00:52:01,cloudping Huawei,cn-east-3,Shanghai 1,213.5
2025-12-16 00:52:01,cloudping Huawei,cn-north-1,Beijing 1,227.5
2025-12-16 00:52:01,cloudping Huawei,cn-south-1,Guangzhou,233
2025-12-16 00:52:01,cloudping Huawei,cn-east-2,Shanghai 2,238.5
2025-12-16 00:52:01,cloudping Huawei,cn-north-4,Beijing 4,258.5
2025-12-16 00:52:01,cloudping Huawei,cn-north-9,Wulanchabu,267
2025-12-16 00:52:01,cloudping Huawei,cn-southwest-2,Guiyang 1,291.5
2025-12-16 01:17:57,cloudping Huawei,na-mexico-1,"Mexico City 1, Mexico",142.5
2025-12-16 01:17:57,cloudping Huawei,la-north-2,"Mexico City 2, Mexico",150.5
2025-12-16 01:17:57,cloudping Huawei,ap-southeast-3,Singapore,186.5
2025-12-16 01:17:57,cloudping Huawei,ap-southeast-1,"Hong Kong, China",216.5
2025-12-16 01:17:57,cloudping Huawei,sa-brazil-1,"Sao Paulo, Brazil",224
2025-12-16 01:17:57,cloudping Huawei,ap-southeast-2,"Bangkok, Thailand",248.5
2025-12-16 01:17:57,cloudping Huawei,af-south-1,"Johannesburg, South Africa",251
2025-12-16 01:17:57,cloudping Huawei,la-south-2,"Santiago, Chile",271
2025-12-16 01:17:57,cloudping Huawei,na-mexico-1,"Mexico City 1, Mexico",142.5
2025-12-16 01:17:57,cloudping Huawei,la-north-2,"Mexico City 2, Mexico",150.5
2025-12-16 01:17:57,cloudping Huawei,ap-southeast-3,Singapore,186.5
2025-12-16 01:17:57,cloudping Huawei,ap-southeast-1,"Hong Kong, China",216.5
2025-12-16 01:17:57,cloudping Huawei,sa-brazil-1,"Sao Paulo, Brazil",224
2025-12-16 01:17:57,cloudping Huawei,ap-southeast-2,"Bangkok, Thailand",248.5
2025-12-16 01:17:57,cloudping Huawei,af-south-1,"Johannesburg, South Africa",251
2025-12-16 01:17:57,cloudping Huawei,la-south-2,"Santiago, Chile",271
2025-12-16 01:17:57,cloudping Huawei,cn-east-2,Shanghai 2,206.5
2025-12-16 01:17:57,cloudping Huawei,cn-east-3,Shanghai 1,209
2025-12-16 01:17:57,cloudping Huawei,cn-north-9,Wulanchabu,226.5
2025-12-16 01:17:57,cloudping Huawei,cn-north-1,Beijing 1,235
2025-12-16 01:17:57,cloudping Huawei,cn-southwest-2,Guiyang 1,247
2025-12-16 01:17:57,cloudping Huawei,cn-north-4,Beijing 4,260
2025-12-16 01:17:57,cloudping Huawei,cn-south-1,Guangzhou,267
2025-12-16 01:43:59,cloudping Huawei,na-mexico-1,"Mexico City 1, Mexico",150.5
2025-12-16 01:43:59,cloudping Huawei,la-north-2,"Mexico City 2, Mexico",151
2025-12-16 01:43:59,cloudping Huawei,ap-southeast-3,Singapore,190
2025-12-16 01:43:59,cloudping Huawei,sa-brazil-1,"Sao Paulo, Brazil",219
2025-12-16 01:43:59,cloudping Huawei,ap-southeast-1,"Hong Kong, China",223
2025-12-16 01:43:59,cloudping Huawei,af-south-1,"Johannesburg, South Africa",237.5
2025-12-16 01:43:59,cloudping Huawei,ap-southeast-2,"Bangkok, Thailand",243.5
2025-12-16 01:43:59,cloudping Huawei,la-south-2,"Santiago, Chile",297.5
2025-12-16 01:43:59,cloudping Huawei,na-mexico-1,"Mexico City 1, Mexico",150.5
2025-12-16 01:43:59,cloudping Huawei,la-north-2,"Mexico City 2, Mexico",151
2025-12-16 01:43:59,cloudping Huawei,ap-southeast-3,Singapore,190
2025-12-16 01:43:59,cloudping Huawei,sa-brazil-1,"Sao Paulo, Brazil",219
2025-12-16 01:43:59,cloudping Huawei,ap-southeast-1,"Hong Kong, China",223
2025-12-16 01:43:59,cloudping Huawei,af-south-1,"Johannesburg, South Africa",237.5
2025-12-16 01:43:59,cloudping Huawei,ap-southeast-2,"Bangkok, Thailand",243.5
2025-12-16 01:43:59,cloudping Huawei,la-south-2,"Santiago, Chile",297.5
2025-12-16 01:43:59,cloudping Huawei,cn-north-4,Beijing 4,220.5
2025-12-16 01:43:59,cloudping Huawei,cn-north-1,Beijing 1,234.5
2025-12-16 01:43:59,cloudping Huawei,cn-east-2,Shanghai 2,460
2025-12-16 01:43:59,cloudping Huawei,cn-east-3,Shanghai 1,461
2025-12-16 01:43:59,cloudping Huawei,cn-north-9,Wulanchabu,472
2025-12-16 01:43:59,cloudping Huawei,cn-south-1,Guangzhou,483.5
2025-12-16 01:43:59,cloudping Huawei,cn-southwest-2,Guiyang 1,488
2025-12-16 02:09:59,cloudping Huawei,la-north-2,"Mexico City 2, Mexico",153.5
2025-12-16 02:09:59,cloudping Huawei,na-mexico-1,"Mexico City 1, Mexico",166.5
2025-12-16 02:09:59,cloudping Huawei,ap-southeast-3,Singapore,217
2025-12-16 02:09:59,cloudping Huawei,sa-brazil-1,"Sao Paulo, Brazil",225
2025-12-16 02:09:59,cloudping Huawei,ap-southeast-1,"Hong Kong, China",227
2025-12-16 02:09:59,cloudping Huawei,la-south-2,"Santiago, Chile",236
2025-12-16 02:09:59,cloudping Huawei,ap-southeast-2,"Bangkok, Thailand",236.5
2025-12-16 02:09:59,cloudping Huawei,af-south-1,"Johannesburg, South Africa",361
2025-12-16 02:09:59,cloudping Huawei,la-north-2,"Mexico City 2, Mexico",153.5
2025-12-16 02:09:59,cloudping Huawei,na-mexico-1,"Mexico City 1, Mexico",166.5
2025-12-16 02:09:59,cloudping Huawei,ap-southeast-3,Singapore,217
2025-12-16 02:09:59,cloudping Huawei,sa-brazil-1,"Sao Paulo, Brazil",225
2025-12-16 02:09:59,cloudping Huawei,ap-southeast-1,"Hong Kong, China",227
2025-12-16 02:09:59,cloudping Huawei,la-south-2,"Santiago, Chile",236
2025-12-16 02:09:59,cloudping Huawei,ap-southeast-2,"Bangkok, Thailand",236.5
2025-12-16 02:09:59,cloudping Huawei,af-south-1,"Johannesburg, South Africa",361
2025-12-16 02:09:59,cloudping Huawei,cn-east-2,Shanghai 2,404
2025-12-16 02:09:59,cloudping Huawei,cn-east-3,Shanghai 1,442
2025-12-16 02:09:59,cloudping Huawei,cn-southwest-2,Guiyang 1,462
2025-12-16 02:09:59,cloudping Huawei,cn-north-9,Wulanchabu,502
2025-12-16 02:09:59,cloudping Huawei,cn-north-4,Beijing 4,511
2025-12-16 02:09:59,cloudping Huawei,cn-south-1,Guangzhou,524
2025-12-16 02:09:59,cloudping Huawei,cn-north-1,Beijing 1,525.5
2025-12-16 02:35:58,cloudping Huawei,na-mexico-1,"Mexico City 1, Mexico",144.5
2025-12-16 02:35:58,cloudping Huawei,la-north-2,"Mexico City 2, Mexico",157.5
2025-12-16 02:35:58,cloudping Huawei,ap-southeast-3,Singapore,203.5
2025-12-16 02:35:58,cloudping Huawei,ap-southeast-1,"Hong Kong, China",213
2025-12-16 02:35:58,cloudping Huawei,sa-brazil-1,"Sao Paulo, Brazil",225.5
2025-12-16 02:35:58,cloudping Huawei,ap-southeast-2,"Bangkok, Thailand",241
2025-12-16 02:35:58,cloudping Huawei,la-south-2,"Santiago, Chile",279.5
2025-12-16 02:35:58,cloudping Huawei,af-south-1,"Johannesburg, South Africa",376
2025-12-16 02:35:58,cloudping Huawei,na-mexico-1,"Mexico City 1, Mexico",144.5
2025-12-16 02:35:58,cloudping Huawei,la-north-2,"Mexico City 2, Mexico",157.5
2025-12-16 02:35:58,cloudping Huawei,ap-southeast-3,Singapore,203.5
2025-12-16 02:35:58,cloudping Huawei,ap-southeast-1,"Hong Kong, China",213
2025-12-16 02:35:58,cloudping Huawei,sa-brazil-1,"Sao Paulo, Brazil",225.5
2025-12-16 02:35:58,cloudping Huawei,ap-southeast-2,"Bangkok, Thailand",241
2025-12-16 02:35:58,cloudping Huawei,la-south-2,"Santiago, Chile",279.5
2025-12-16 02:35:58,cloudping Huawei,af-south-1,"Johannesburg, South Africa",376
2025-12-16 02:35:58,cloudping Huawei,cn-east-3,Shanghai 1,204
2025-12-16 02:35:58,cloudping Huawei,cn-north-1,Beijing 1,252.5
2025-12-16 02:35:58,cloudping Huawei,cn-north-4,Beijing 4,257.5
2025-12-16 02:35:58,cloudping Huawei,cn-southwest-2,Guiyang 1,271
2025-12-16 02:35:58,cloudping Huawei,cn-east-2,Shanghai 2,280
2025-12-16 02:35:58,cloudping Huawei,cn-north-9,Wulanchabu,306
2025-12-16 02:35:58,cloudping Huawei,cn-south-1,Guangzhou,336
2025-12-16 03:01:59,cloudping Huawei,la-north-2,"Mexico City 2, Mexico",147
2025-12-16 03:01:59,cloudping Huawei,na-mexico-1,"Mexico City 1, Mexico",163
2025-12-16 03:01:59,cloudping Huawei,ap-southeast-3,Singapore,189.5
2025-12-16 03:01:59,cloudping Huawei,ap-southeast-1,"Hong Kong, China",218
2025-12-16 03:01:59,cloudping Huawei,sa-brazil-1,"Sao Paulo, Brazil",226.5
2025-12-16 03:01:59,cloudping Huawei,la-south-2,"Santiago, Chile",230
2025-12-16 03:01:59,cloudping Huawei,ap-southeast-2,"Bangkok, Thailand",244
2025-12-16 03:01:59,cloudping Huawei,af-south-1,"Johannesburg, South Africa",299.5
2025-12-16 03:01:59,cloudping Huawei,la-north-2,"Mexico City 2, Mexico",147
2025-12-16 03:01:59,cloudping Huawei,na-mexico-1,"Mexico City 1, Mexico",163
2025-12-16 03:01:59,cloudping Huawei,ap-southeast-3,Singapore,189.5
2025-12-16 03:01:59,cloudping Huawei,ap-southeast-1,"Hong Kong, China",218
2025-12-16 03:01:59,cloudping Huawei,sa-brazil-1,"Sao Paulo, Brazil",226.5
2025-12-16 03:01:59,cloudping Huawei,la-south-2,"Santiago, Chile",230
2025-12-16 03:01:59,cloudping Huawei,ap-southeast-2,"Bangkok, Thailand",244
2025-12-16 03:01:59,cloudping Huawei,af-south-1,"Johannesburg, South Africa",299.5
2025-12-16 03:01:59,cloudping Huawei,cn-east-2,Shanghai 2,205.5
2025-12-16 03:01:59,cloudping Huawei,cn-north-1,Beijing 1,412.5
2025-12-16 03:01:59,cloudping Huawei,cn-south-1,Guangzhou,472.5
2025-12-16 03:01:59,cloudping Huawei,cn-southwest-2,Guiyang 1,476
2025-12-16 03:01:59,cloudping Huawei,cn-north-9,Wulanchabu,527.5
2025-12-16 03:01:59,cloudping Huawei,cn-east-3,Shanghai 1,600
2025-12-16 03:01:59,cloudping Huawei,cn-north-4,Beijing 4,633
2025-12-16 03:27:59,cloudping Huawei,na-mexico-1,"Mexico City 1, Mexico",144.5
2025-12-16 03:27:59,cloudping Huawei,la-north-2,"Mexico City 2, Mexico",153.5
2025-12-16 03:27:59,cloudping Huawei,ap-southeast-1,"Hong Kong, China",223
2025-12-16 03:27:59,cloudping Huawei,sa-brazil-1,"Sao Paulo, Brazil",224.5
2025-12-16 03:27:59,cloudping Huawei,af-south-1,"Johannesburg, South Africa",228
2025-12-16 03:27:59,cloudping Huawei,la-south-2,"Santiago, Chile",236.5
2025-12-16 03:27:59,cloudping Huawei,ap-southeast-2,"Bangkok, Thailand",241.5
2025-12-16 03:27:59,cloudping Huawei,ap-southeast-3,Singapore,251
2025-12-16 03:27:59,cloudping Huawei,na-mexico-1,"Mexico City 1, Mexico",144.5
2025-12-16 03:27:59,cloudping Huawei,la-north-2,"Mexico City 2, Mexico",153.5
2025-12-16 03:27:59,cloudping Huawei,ap-southeast-1,"Hong Kong, China",223
2025-12-16 03:27:59,cloudping Huawei,sa-brazil-1,"Sao Paulo, Brazil",224.5
2025-12-16 03:27:59,cloudping Huawei,af-south-1,"Johannesburg, South Africa",228
2025-12-16 03:27:59,cloudping Huawei,la-south-2,"Santiago, Chile",236.5
2025-12-16 03:27:59,cloudping Huawei,ap-southeast-2,"Bangkok, Thailand",241.5
2025-12-16 03:27:59,cloudping Huawei,ap-southeast-3,Singapore,251
2025-12-16 03:27:59,cloudping Huawei,cn-north-1,Beijing 1,192
2025-12-16 03:27:59,cloudping Huawei,cn-east-3,Shanghai 1,215.5
2025-12-16 03:27:59,cloudping Huawei,cn-east-2,Shanghai 2,223.5
2025-12-16 03:27:59,cloudping Huawei,cn-south-1,Guangzhou,236.5
2025-12-16 03:27:59,cloudping Huawei,cn-north-4,Beijing 4,264.5
2025-12-16 03:27:59,cloudping Huawei,cn-north-9,Wulanchabu,267
2025-12-16 03:27:59,cloudping Huawei,cn-southwest-2,Guiyang 1,316.5
2025-12-16 03:54:00,cloudping Huawei,na-mexico-1,"Mexico City 1, Mexico",144.5
2025-12-16 03:54:00,cloudping Huawei,la-north-2,"Mexico City 2, Mexico",157
2025-12-16 03:54:00,cloudping Huawei,ap-southeast-3,Singapore,191
2025-12-16 03:54:00,cloudping Huawei,ap-southeast-1,"Hong Kong, China",220.5
2025-12-16 03:54:00,cloudping Huawei,af-south-1,"Johannesburg, South Africa",228.5
2025-12-16 03:54:00,cloudping Huawei,ap-southeast-2,"Bangkok, Thailand",233.5
2025-12-16 03:54:00,cloudping Huawei,la-south-2,"Santiago, Chile",234
2025-12-16 03:54:00,cloudping Huawei,sa-brazil-1,"Sao Paulo, Brazil",241
2025-12-16 03:54:00,cloudping Huawei,na-mexico-1,"Mexico City 1, Mexico",144.5
2025-12-16 03:54:00,cloudping Huawei,la-north-2,"Mexico City 2, Mexico",157
2025-12-16 03:54:00,cloudping Huawei,ap-southeast-3,Singapore,191
2025-12-16 03:54:00,cloudping Huawei,ap-southeast-1,"Hong Kong, China",220.5
2025-12-16 03:54:00,cloudping Huawei,af-south-1,"Johannesburg, South Africa",228.5
2025-12-16 03:54:00,cloudping Huawei,ap-southeast-2,"Bangkok, Thailand",233.5
2025-12-16 03:54:00,cloudping Huawei,la-south-2,"Santiago, Chile",234
2025-12-16 03:54:00,cloudping Huawei,sa-brazil-1,"Sao Paulo, Brazil",241
2025-12-16 03:54:00,cloudping Huawei,cn-north-1,Beijing 1,217
2025-12-16 03:54:00,cloudping Huawei,cn-east-2,Shanghai 2,431.5
2025-12-16 03:54:00,cloudping Huawei,cn-east-3,Shanghai 1,441
2025-12-16 03:54:00,cloudping Huawei,cn-south-1,Guangzhou,447.5
2025-12-16 03:54:00,cloudping Huawei,cn-north-4,Beijing 4,449.5
2025-12-16 03:54:00,cloudping Huawei,cn-north-9,Wulanchabu,502.5
2025-12-16 03:54:00,cloudping Huawei,cn-southwest-2,Guiyang 1,510
2025-12-16 04:20:01,cloudping Huawei,na-mexico-1,"Mexico City 1, Mexico",142
2025-12-16 04:20:01,cloudping Huawei,la-north-2,"Mexico City 2, Mexico",164
2025-12-16 04:20:01,cloudping Huawei,ap-southeast-3,Singapore,186
2025-12-16 04:20:01,cloudping Huawei,ap-southeast-1,"Hong Kong, China",214.5
2025-12-16 04:20:01,cloudping Huawei,sa-brazil-1,"Sao Paulo, Brazil",229
2025-12-16 04:20:01,cloudping Huawei,la-south-2,"Santiago, Chile",238.5
2025-12-16 04:20:01,cloudping Huawei,ap-southeast-2,"Bangkok, Thailand",242.5
2025-12-16 04:20:01,cloudping Huawei,af-south-1,"Johannesburg, South Africa",351.5
2025-12-16 04:20:01,cloudping Huawei,na-mexico-1,"Mexico City 1, Mexico",142
2025-12-16 04:20:01,cloudping Huawei,la-north-2,"Mexico City 2, Mexico",164
2025-12-16 04:20:01,cloudping Huawei,ap-southeast-3,Singapore,186
2025-12-16 04:20:01,cloudping Huawei,ap-southeast-1,"Hong Kong, China",214.5
2025-12-16 04:20:01,cloudping Huawei,sa-brazil-1,"Sao Paulo, Brazil",229
2025-12-16 04:20:01,cloudping Huawei,la-south-2,"Santiago, Chile",238.5
2025-12-16 04:20:01,cloudping Huawei,ap-southeast-2,"Bangkok, Thailand",242.5
2025-12-16 04:20:01,cloudping Huawei,af-south-1,"Johannesburg, South Africa",351.5
2025-12-16 04:20:01,cloudping Huawei,cn-east-3,Shanghai 1,226.5
2025-12-16 04:20:01,cloudping Huawei,cn-south-1,Guangzhou,228.5
2025-12-16 04:20:01,cloudping Huawei,cn-north-1,Beijing 1,233.5
2025-12-16 04:20:01,cloudping Huawei,cn-north-4,Beijing 4,282.5
2025-12-16 04:20:01,cloudping Huawei,cn-southwest-2,Guiyang 1,292
2025-12-16 04:20:01,cloudping Huawei,cn-north-9,Wulanchabu,310
2025-12-16 04:20:01,cloudping Huawei,cn-east-2,Shanghai 2,406.5
2025-12-16 04:46:01,cloudping Huawei,na-mexico-1,"Mexico City 1, Mexico",145.5
2025-12-16 04:46:01,cloudping Huawei,la-north-2,"Mexico City 2, Mexico",152
2025-12-16 04:46:01,cloudping Huawei,ap-southeast-3,Singapore,193.5
2025-12-16 04:46:01,cloudping Huawei,ap-southeast-1,"Hong Kong, China",217.5
2025-12-16 04:46:01,cloudping Huawei,sa-brazil-1,"Sao Paulo, Brazil",225
2025-12-16 04:46:01,cloudping Huawei,af-south-1,"Johannesburg, South Africa",246
2025-12-16 04:46:01,cloudping Huawei,ap-southeast-2,"Bangkok, Thailand",312
2025-12-16 04:46:01,cloudping Huawei,la-south-2,"Santiago, Chile",334
2025-12-16 04:46:01,cloudping Huawei,na-mexico-1,"Mexico City 1, Mexico",145.5
2025-12-16 04:46:01,cloudping Huawei,la-north-2,"Mexico City 2, Mexico",152
2025-12-16 04:46:01,cloudping Huawei,ap-southeast-3,Singapore,193.5
2025-12-16 04:46:01,cloudping Huawei,ap-southeast-1,"Hong Kong, China",217.5
2025-12-16 04:46:01,cloudping Huawei,sa-brazil-1,"Sao Paulo, Brazil",225
2025-12-16 04:46:01,cloudping Huawei,af-south-1,"Johannesburg, South Africa",246
2025-12-16 04:46:01,cloudping Huawei,ap-southeast-2,"Bangkok, Thailand",312
2025-12-16 04:46:01,cloudping Huawei,la-south-2,"Santiago, Chile",334
2025-12-16 04:46:01,cloudping Huawei,cn-north-1,Beijing 1,191
2025-12-16 04:46:01,cloudping Huawei,cn-east-2,Shanghai 2,204
2025-12-16 04:46:01,cloudping Huawei,cn-south-1,Guangzhou,235.5
2025-12-16 04:46:01,cloudping Huawei,cn-southwest-2,Guiyang 1,244.5
2025-12-16 04:46:01,cloudping Huawei,cn-north-9,Wulanchabu,248
2025-12-16 04:46:01,cloudping Huawei,cn-north-4,Beijing 4,261
2025-12-16 04:46:01,cloudping Huawei,cn-east-3,Shanghai 1,285.5
2025-12-16 05:11:59,cloudping Huawei,la-north-2,"Mexico City 2, Mexico",149
2025-12-16 05:11:59,cloudping Huawei,na-mexico-1,"Mexico City 1, Mexico",179
2025-12-16 05:11:59,cloudping Huawei,ap-southeast-3,Singapore,194
2025-12-16 05:11:59,cloudping Huawei,ap-southeast-1,"Hong Kong, China",218
2025-12-16 05:11:59,cloudping Huawei,sa-brazil-1,"Sao Paulo, Brazil",234
2025-12-16 05:11:59,cloudping Huawei,la-south-2,"Santiago, Chile",237
2025-12-16 05:11:59,cloudping Huawei,ap-southeast-2,"Bangkok, Thailand",244
2025-12-16 05:11:59,cloudping Huawei,af-south-1,"Johannesburg, South Africa",266
2025-12-16 05:11:59,cloudping Huawei,la-north-2,"Mexico City 2, Mexico",149
2025-12-16 05:11:59,cloudping Huawei,na-mexico-1,"Mexico City 1, Mexico",179
2025-12-16 05:11:59,cloudping Huawei,ap-southeast-3,Singapore,194
2025-12-16 05:11:59,cloudping Huawei,ap-southeast-1,"Hong Kong, China",218
2025-12-16 05:11:59,cloudping Huawei,sa-brazil-1,"Sao Paulo, Brazil",234
2025-12-16 05:11:59,cloudping Huawei,la-south-2,"Santiago, Chile",237
2025-12-16 05:11:59,cloudping Huawei,ap-southeast-2,"Bangkok, Thailand",244
2025-12-16 05:11:59,cloudping Huawei,af-south-1,"Johannesburg, South Africa",266
2025-12-16 05:11:59,cloudping Huawei,cn-south-1,Guangzhou,226
2025-12-16 05:11:59,cloudping Huawei,cn-north-4,Beijing 4,226.5
2025-12-16 05:11:59,cloudping Huawei,cn-north-1,Beijing 1,241.5
2025-12-16 05:11:59,cloudping Huawei,cn-east-2,Shanghai 2,424
2025-12-16 05:11:59,cloudping Huawei,cn-east-3,Shanghai 1,472.5
2025-12-16 05:11:59,cloudping Huawei,cn-north-9,Wulanchabu,566.5
2025-12-16 05:11:59,cloudping Huawei,cn-southwest-2,Guiyang 1,711.5
2025-12-16 05:37:59,cloudping Huawei,la-north-2,"Mexico City 2, Mexico",149
2025-12-16 05:37:59,cloudping Huawei,na-mexico-1,"Mexico City 1, Mexico",149
2025-12-16 05:37:59,cloudping Huawei,ap-southeast-3,Singapore,187.5
2025-12-16 05:37:59,cloudping Huawei,ap-southeast-1,"Hong Kong, China",219
2025-12-16 05:37:59,cloudping Huawei,sa-brazil-1,"Sao Paulo, Brazil",226
2025-12-16 05:37:59,cloudping Huawei,af-south-1,"Johannesburg, South Africa",234
2025-12-16 05:37:59,cloudping Huawei,la-south-2,"Santiago, Chile",241
2025-12-16 05:37:59,cloudping Huawei,ap-southeast-2,"Bangkok, Thailand",248
2025-12-16 05:37:59,cloudping Huawei,la-north-2,"Mexico City 2, Mexico",149
2025-12-16 05:37:59,cloudping Huawei,na-mexico-1,"Mexico City 1, Mexico",149
2025-12-16 05:37:59,cloudping Huawei,ap-southeast-3,Singapore,187.5
2025-12-16 05:37:59,cloudping Huawei,ap-southeast-1,"Hong Kong, China",219
2025-12-16 05:37:59,cloudping Huawei,sa-brazil-1,"Sao Paulo, Brazil",226
2025-12-16 05:37:59,cloudping Huawei,af-south-1,"Johannesburg, South Africa",234
2025-12-16 05:37:59,cloudping Huawei,la-south-2,"Santiago, Chile",241
2025-12-16 05:37:59,cloudping Huawei,ap-southeast-2,"Bangkok, Thailand",248
2025-12-16 05:37:59,cloudping Huawei,cn-east-2,Shanghai 2,224.5
2025-12-16 05:37:59,cloudping Huawei,cn-north-1,Beijing 1,380.5
2025-12-16 05:37:59,cloudping Huawei,cn-north-9,Wulanchabu,484.5
2025-12-16 05:37:59,cloudping Huawei,cn-south-1,Guangzhou,520.5
2025-12-16 05:37:59,cloudping Huawei,cn-north-4,Beijing 4,541
2025-12-16 05:37:59,cloudping Huawei,cn-southwest-2,Guiyang 1,554.5
2025-12-16 05:37:59,cloudping Huawei,cn-east-3,Shanghai 1,980.5
2025-12-16 06:04:00,cloudping Huawei,na-mexico-1,"Mexico City 1, Mexico",149
2025-12-16 06:04:00,cloudping Huawei,la-north-2,"Mexico City 2, Mexico",151.5
2025-12-16 06:04:00,cloudping Huawei,ap-southeast-3,Singapore,194
2025-12-16 06:04:00,cloudping Huawei,ap-southeast-1,"Hong Kong, China",219.5
2025-12-16 06:04:00,cloudping Huawei,sa-brazil-1,"Sao Paulo, Brazil",229.5
2025-12-16 06:04:00,cloudping Huawei,la-south-2,"Santiago, Chile",237.5
2025-12-16 06:04:00,cloudping Huawei,ap-southeast-2,"Bangkok, Thailand",240
2025-12-16 06:04:00,cloudping Huawei,af-south-1,"Johannesburg, South Africa",346.5
2025-12-16 06:04:00,cloudping Huawei,na-mexico-1,"Mexico City 1, Mexico",149
2025-12-16 06:04:00,cloudping Huawei,la-north-2,"Mexico City 2, Mexico",151.5
2025-12-16 06:04:00,cloudping Huawei,ap-southeast-3,Singapore,194
2025-12-16 06:04:00,cloudping Huawei,ap-southeast-1,"Hong Kong, China",219.5
2025-12-16 06:04:00,cloudping Huawei,sa-brazil-1,"Sao Paulo, Brazil",229.5
2025-12-16 06:04:00,cloudping Huawei,la-south-2,"Santiago, Chile",237.5
2025-12-16 06:04:00,cloudping Huawei,ap-southeast-2,"Bangkok, Thailand",240
2025-12-16 06:04:00,cloudping Huawei,af-south-1,"Johannesburg, South Africa",346.5
2025-12-16 06:04:00,cloudping Huawei,cn-north-1,Beijing 1,199.5
2025-12-16 06:04:00,cloudping Huawei,cn-east-3,Shanghai 1,225
2025-12-16 06:04:00,cloudping Huawei,cn-east-2,Shanghai 2,226.5
2025-12-16 06:04:00,cloudping Huawei,cn-southwest-2,Guiyang 1,244
2025-12-16 06:04:00,cloudping Huawei,cn-south-1,Guangzhou,560
2025-12-16 06:04:00,cloudping Huawei,cn-north-4,Beijing 4,620.5
2025-12-16 06:04:00,cloudping Huawei,cn-north-9,Wulanchabu,641
2025-12-16 06:30:02,cloudping Huawei,la-north-2,"Mexico City 2, Mexico",156.5
2025-12-16 06:30:02,cloudping Huawei,na-mexico-1,"Mexico City 1, Mexico",174
2025-12-16 06:30:02,cloudping Huawei,ap-southeast-3,Singapore,186.5
2025-12-16 06:30:02,cloudping Huawei,ap-southeast-1,"Hong Kong, China",216
2025-12-16 06:30:02,cloudping Huawei,sa-brazil-1,"Sao Paulo, Brazil",223
2025-12-16 06:30:02,cloudping Huawei,la-south-2,"Santiago, Chile",234.5
2025-12-16 06:30:02,cloudping Huawei,ap-southeast-2,"Bangkok, Thailand",262
2025-12-16 06:30:02,cloudping Huawei,af-south-1,"Johannesburg, South Africa",293.5
2025-12-16 06:30:02,cloudping Huawei,la-north-2,"Mexico City 2, Mexico",156.5
2025-12-16 06:30:02,cloudping Huawei,na-mexico-1,"Mexico City 1, Mexico",174
2025-12-16 06:30:02,cloudping Huawei,ap-southeast-3,Singapore,186.5
2025-12-16 06:30:02,cloudping Huawei,ap-southeast-1,"Hong Kong, China",216
2025-12-16 06:30:02,cloudping Huawei,sa-brazil-1,"Sao Paulo, Brazil",223
2025-12-16 06:30:02,cloudping Huawei,la-south-2,"Santiago, Chile",234.5
2025-12-16 06:30:02,cloudping Huawei,ap-southeast-2,"Bangkok, Thailand",262
2025-12-16 06:30:02,cloudping Huawei,af-south-1,"Johannesburg, South Africa",293.5
2025-12-16 06:30:02,cloudping Huawei,cn-south-1,Guangzhou,233
2025-12-16 06:30:02,cloudping Huawei,cn-east-3,Shanghai 1,241.5
2025-12-16 06:30:02,cloudping Huawei,cn-north-4,Beijing 4,258.5
2025-12-16 06:30:02,cloudping Huawei,cn-north-9,Wulanchabu,264
2025-12-16 06:30:02,cloudping Huawei,cn-north-1,Beijing 1,297
2025-12-16 06:30:02,cloudping Huawei,cn-southwest-2,Guiyang 1,314
2025-12-16 06:30:02,cloudping Huawei,cn-east-2,Shanghai 2,541
2025-12-16 06:56:01,cloudping Huawei,la-north-2,"Mexico City 2, Mexico",168.5
2025-12-16 06:56:01,cloudping Huawei,ap-southeast-3,Singapore,210.5
2025-12-16 06:56:01,cloudping Huawei,ap-southeast-1,"Hong Kong, China",219
2025-12-16 06:56:01,cloudping Huawei,sa-brazil-1,"Sao Paulo, Brazil",224
2025-12-16 06:56:01,cloudping Huawei,af-south-1,"Johannesburg, South Africa",237.5
2025-12-16 06:56:01,cloudping Huawei,ap-southeast-2,"Bangkok, Thailand",240.5
2025-12-16 06:56:01,cloudping Huawei,la-south-2,"Santiago, Chile",249.5
2025-12-16 06:56:01,cloudping Huawei,na-mexico-1,"Mexico City 1, Mexico",269
2025-12-16 06:56:01,cloudping Huawei,la-north-2,"Mexico City 2, Mexico",168.5
2025-12-16 06:56:01,cloudping Huawei,ap-southeast-3,Singapore,210.5
2025-12-16 06:56:01,cloudping Huawei,ap-southeast-1,"Hong Kong, China",219
2025-12-16 06:56:01,cloudping Huawei,sa-brazil-1,"Sao Paulo, Brazil",224
2025-12-16 06:56:01,cloudping Huawei,af-south-1,"Johannesburg, South Africa",237.5
2025-12-16 06:56:01,cloudping Huawei,ap-southeast-2,"Bangkok, Thailand",240.5
2025-12-16 06:56:01,cloudping Huawei,la-south-2,"Santiago, Chile",249.5
2025-12-16 06:56:01,cloudping Huawei,na-mexico-1,"Mexico City 1, Mexico",269
2025-12-16 06:56:01,cloudping Huawei,cn-east-3,Shanghai 1,210.5
2025-12-16 06:56:01,cloudping Huawei,cn-south-1,Guangzhou,221.5
2025-12-16 06:56:01,cloudping Huawei,cn-east-2,Shanghai 2,243
2025-12-16 06:56:01,cloudping Huawei,cn-southwest-2,Guiyang 1,256
2025-12-16 06:56:01,cloudping Huawei,cn-north-1,Beijing 1,274.5
2025-12-16 06:56:01,cloudping Huawei,cn-north-4,Beijing 4,277
2025-12-16 06:56:01,cloudping Huawei,cn-north-9,Wulanchabu,281
2025-12-16 07:22:00,cloudping Huawei,la-north-2,"Mexico City 2, Mexico",173.5
2025-12-16 07:22:00,cloudping Huawei,ap-southeast-3,Singapore,190.5
2025-12-16 07:22:00,cloudping Huawei,sa-brazil-1,"Sao Paulo, Brazil",219
2025-12-16 07:22:00,cloudping Huawei,ap-southeast-1,"Hong Kong, China",228.5
2025-12-16 07:22:00,cloudping Huawei,af-south-1,"Johannesburg, South Africa",233.5
2025-12-16 07:22:00,cloudping Huawei,la-south-2,"Santiago, Chile",238
2025-12-16 07:22:00,cloudping Huawei,na-mexico-1,"Mexico City 1, Mexico",248.5
2025-12-16 07:22:00,cloudping Huawei,ap-southeast-2,"Bangkok, Thailand",253.5
2025-12-16 07:22:00,cloudping Huawei,la-north-2,"Mexico City 2, Mexico",173.5
2025-12-16 07:22:00,cloudping Huawei,ap-southeast-3,Singapore,190.5
2025-12-16 07:22:00,cloudping Huawei,sa-brazil-1,"Sao Paulo, Brazil",219
2025-12-16 07:22:00,cloudping Huawei,ap-southeast-1,"Hong Kong, China",228.5
2025-12-16 07:22:00,cloudping Huawei,af-south-1,"Johannesburg, South Africa",233.5
2025-12-16 07:22:00,cloudping Huawei,la-south-2,"Santiago, Chile",238
2025-12-16 07:22:00,cloudping Huawei,na-mexico-1,"Mexico City 1, Mexico",248.5
2025-12-16 07:22:00,cloudping Huawei,ap-southeast-2,"Bangkok, Thailand",253.5
2025-12-16 07:22:00,cloudping Huawei,cn-north-4,Beijing 4,214
2025-12-16 07:22:00,cloudping Huawei,cn-east-2,Shanghai 2,230
2025-12-16 07:22:00,cloudping Huawei,cn-east-3,Shanghai 1,245.5
2025-12-16 07:22:00,cloudping Huawei,cn-south-1,Guangzhou,245.5
2025-12-16 07:22:00,cloudping Huawei,cn-southwest-2,Guiyang 1,263
2025-12-16 07:22:00,cloudping Huawei,cn-north-1,Beijing 1,272
2025-12-16 07:22:00,cloudping Huawei,cn-north-9,Wulanchabu,291
2025-12-16 07:48:00,cloudping Huawei,la-north-2,"Mexico City 2, Mexico",155.5
2025-12-16 07:48:00,cloudping Huawei,na-mexico-1,"Mexico City 1, Mexico",174.5
2025-12-16 07:48:00,cloudping Huawei,ap-southeast-3,Singapore,186.5
2025-12-16 07:48:00,cloudping Huawei,ap-southeast-1,"Hong Kong, China",213.5
2025-12-16 07:48:00,cloudping Huawei,sa-brazil-1,"Sao Paulo, Brazil",226.5
2025-12-16 07:48:00,cloudping Huawei,la-south-2,"Santiago, Chile",237.5
2025-12-16 07:48:00,cloudping Huawei,af-south-1,"Johannesburg, South Africa",248
2025-12-16 07:48:00,cloudping Huawei,ap-southeast-2,"Bangkok, Thailand",249.5
2025-12-16 07:48:00,cloudping Huawei,la-north-2,"Mexico City 2, Mexico",155.5
2025-12-16 07:48:00,cloudping Huawei,na-mexico-1,"Mexico City 1, Mexico",174.5
2025-12-16 07:48:00,cloudping Huawei,ap-southeast-3,Singapore,186.5
2025-12-16 07:48:00,cloudping Huawei,ap-southeast-1,"Hong Kong, China",213.5
2025-12-16 07:48:00,cloudping Huawei,sa-brazil-1,"Sao Paulo, Brazil",226.5
2025-12-16 07:48:00,cloudping Huawei,la-south-2,"Santiago, Chile",237.5
2025-12-16 07:48:00,cloudping Huawei,af-south-1,"Johannesburg, South Africa",248
2025-12-16 07:48:00,cloudping Huawei,ap-southeast-2,"Bangkok, Thailand",249.5
2025-12-16 07:48:00,cloudping Huawei,cn-east-3,Shanghai 1,243.5
2025-12-16 07:48:00,cloudping Huawei,cn-east-2,Shanghai 2,247
2025-12-16 07:48:00,cloudping Huawei,cn-north-4,Beijing 4,443.5
2025-12-16 07:48:00,cloudping Huawei,cn-north-1,Beijing 1,458
2025-12-16 07:48:00,cloudping Huawei,cn-south-1,Guangzhou,477
2025-12-16 07:48:00,cloudping Huawei,cn-north-9,Wulanchabu,537
2025-12-16 07:48:00,cloudping Huawei,cn-southwest-2,Guiyang 1,689
2025-12-16 08:14:00,cloudping Huawei,la-north-2,"Mexico City 2, Mexico",143.5
2025-12-16 08:14:00,cloudping Huawei,na-mexico-1,"Mexico City 1, Mexico",146
2025-12-16 08:14:00,cloudping Huawei,sa-brazil-1,"Sao Paulo, Brazil",221.5
2025-12-16 08:14:00,cloudping Huawei,af-south-1,"Johannesburg, South Africa",233
2025-12-16 08:14:00,cloudping Huawei,la-south-2,"Santiago, Chile",241
2025-12-16 08:14:00,cloudping Huawei,ap-southeast-2,"Bangkok, Thailand",250
2025-12-16 08:14:00,cloudping Huawei,ap-southeast-1,"Hong Kong, China",274.5
2025-12-16 08:14:00,cloudping Huawei,ap-southeast-3,Singapore,332
2025-12-16 08:14:00,cloudping Huawei,la-north-2,"Mexico City 2, Mexico",143.5
2025-12-16 08:14:00,cloudping Huawei,na-mexico-1,"Mexico City 1, Mexico",146
2025-12-16 08:14:00,cloudping Huawei,sa-brazil-1,"Sao Paulo, Brazil",221.5
2025-12-16 08:14:00,cloudping Huawei,af-south-1,"Johannesburg, South Africa",233
2025-12-16 08:14:00,cloudping Huawei,la-south-2,"Santiago, Chile",241
2025-12-16 08:14:00,cloudping Huawei,ap-southeast-2,"Bangkok, Thailand",250
2025-12-16 08:14:00,cloudping Huawei,ap-southeast-1,"Hong Kong, China",274.5
2025-12-16 08:14:00,cloudping Huawei,ap-southeast-3,Singapore,332
2025-12-16 08:14:00,cloudping Huawei,cn-east-3,Shanghai 1,211
2025-12-16 08:14:00,cloudping Huawei,cn-north-1,Beijing 1,227
2025-12-16 08:14:00,cloudping Huawei,cn-south-1,Guangzhou,234.5
2025-12-16 08:14:00,cloudping Huawei,cn-north-4,Beijing 4,237
2025-12-16 08:14:00,cloudping Huawei,cn-east-2,Shanghai 2,260
2025-12-16 08:14:00,cloudping Huawei,cn-north-9,Wulanchabu,285.5
2025-12-16 08:14:00,cloudping Huawei,cn-southwest-2,Guiyang 1,597.5
2025-12-16 08:40:02,cloudping Huawei,la-north-2,"Mexico City 2, Mexico",146.5
2025-12-16 08:40:02,cloudping Huawei,na-mexico-1,"Mexico City 1, Mexico",146.5
2025-12-16 08:40:02,cloudping Huawei,ap-southeast-3,Singapore,186
2025-12-16 08:40:02,cloudping Huawei,sa-brazil-1,"Sao Paulo, Brazil",223
2025-12-16 08:40:02,cloudping Huawei,af-south-1,"Johannesburg, South Africa",228.5
2025-12-16 08:40:02,cloudping Huawei,ap-southeast-2,"Bangkok, Thailand",235
2025-12-16 08:40:02,cloudping Huawei,ap-southeast-1,"Hong Kong, China",250.5
2025-12-16 08:40:02,cloudping Huawei,la-south-2,"Santiago, Chile",357
2025-12-16 08:40:02,cloudping Huawei,la-north-2,"Mexico City 2, Mexico",146.5
2025-12-16 08:40:02,cloudping Huawei,na-mexico-1,"Mexico City 1, Mexico",146.5
2025-12-16 08:40:02,cloudping Huawei,ap-southeast-3,Singapore,186
2025-12-16 08:40:02,cloudping Huawei,sa-brazil-1,"Sao Paulo, Brazil",223
2025-12-16 08:40:02,cloudping Huawei,af-south-1,"Johannesburg, South Africa",228.5
2025-12-16 08:40:02,cloudping Huawei,ap-southeast-2,"Bangkok, Thailand",235
2025-12-16 08:40:02,cloudping Huawei,ap-southeast-1,"Hong Kong, China",250.5
2025-12-16 08:40:02,cloudping Huawei,la-south-2,"Santiago, Chile",357
2025-12-16 08:40:02,cloudping Huawei,cn-north-1,Beijing 1,191.5
2025-12-16 08:40:02,cloudping Huawei,cn-east-3,Shanghai 1,217.5
2025-12-16 08:40:02,cloudping Huawei,cn-north-9,Wulanchabu,234.5
2025-12-16 08:40:02,cloudping Huawei,cn-south-1,Guangzhou,238.5
2025-12-16 08:40:02,cloudping Huawei,cn-east-2,Shanghai 2,241.5
2025-12-16 08:40:02,cloudping Huawei,cn-southwest-2,Guiyang 1,254.5
2025-12-16 08:40:02,cloudping Huawei,cn-north-4,Beijing 4,615
2025-12-16 09:06:00,cloudping Huawei,na-mexico-1,"Mexico City 1, Mexico",150.5
2025-12-16 09:06:00,cloudping Huawei,la-north-2,"Mexico City 2, Mexico",194.5
2025-12-16 09:06:00,cloudping Huawei,ap-southeast-3,Singapore,197
2025-12-16 09:06:00,cloudping Huawei,sa-brazil-1,"Sao Paulo, Brazil",221
2025-12-16 09:06:00,cloudping Huawei,la-south-2,"Santiago, Chile",233.5
2025-12-16 09:06:00,cloudping Huawei,af-south-1,"Johannesburg, South Africa",241.5
2025-12-16 09:06:00,cloudping Huawei,ap-southeast-2,"Bangkok, Thailand",245.5
2025-12-16 09:06:00,cloudping Huawei,ap-southeast-1,"Hong Kong, China",288.5
2025-12-16 09:06:00,cloudping Huawei,na-mexico-1,"Mexico City 1, Mexico",150.5
2025-12-16 09:06:00,cloudping Huawei,la-north-2,"Mexico City 2, Mexico",194.5
2025-12-16 09:06:00,cloudping Huawei,ap-southeast-3,Singapore,197
2025-12-16 09:06:00,cloudping Huawei,sa-brazil-1,"Sao Paulo, Brazil",221
2025-12-16 09:06:00,cloudping Huawei,la-south-2,"Santiago, Chile",233.5
2025-12-16 09:06:00,cloudping Huawei,af-south-1,"Johannesburg, South Africa",241.5
2025-12-16 09:06:00,cloudping Huawei,ap-southeast-2,"Bangkok, Thailand",245.5
2025-12-16 09:06:00,cloudping Huawei,ap-southeast-1,"Hong Kong, China",288.5
2025-12-16 09:06:00,cloudping Huawei,cn-east-3,Shanghai 1,213
2025-12-16 09:06:00,cloudping Huawei,cn-east-2,Shanghai 2,219
2025-12-16 09:06:00,cloudping Huawei,cn-north-4,Beijing 4,262.5
2025-12-16 09:06:00,cloudping Huawei,cn-north-9,Wulanchabu,272.5
2025-12-16 09:06:00,cloudping Huawei,cn-north-1,Beijing 1,289
2025-12-16 09:06:00,cloudping Huawei,cn-southwest-2,Guiyang 1,290.5
2025-12-16 09:06:00,cloudping Huawei,cn-south-1,Guangzhou,871.5
2025-12-16 09:32:01,cloudping Huawei,na-mexico-1,"Mexico City 1, Mexico",161.5
2025-12-16 09:32:01,cloudping Huawei,la-north-2,"Mexico City 2, Mexico",164
2025-12-16 09:32:01,cloudping Huawei,ap-southeast-3,Singapore,189.5
2025-12-16 09:32:01,cloudping Huawei,sa-brazil-1,"Sao Paulo, Brazil",226.5
2025-12-16 09:32:01,cloudping Huawei,la-south-2,"Santiago, Chile",233
2025-12-16 09:32:01,cloudping Huawei,ap-southeast-2,"Bangkok, Thailand",234
2025-12-16 09:32:01,cloudping Huawei,af-south-1,"Johannesburg, South Africa",251.5
2025-12-16 09:32:01,cloudping Huawei,ap-southeast-1,"Hong Kong, China",303
2025-12-16 09:32:01,cloudping Huawei,na-mexico-1,"Mexico City 1, Mexico",161.5
2025-12-16 09:32:01,cloudping Huawei,la-north-2,"Mexico City 2, Mexico",164
2025-12-16 09:32:01,cloudping Huawei,ap-southeast-3,Singapore,189.5
2025-12-16 09:32:01,cloudping Huawei,sa-brazil-1,"Sao Paulo, Brazil",226.5
2025-12-16 09:32:01,cloudping Huawei,la-south-2,"Santiago, Chile",233
2025-12-16 09:32:01,cloudping Huawei,ap-southeast-2,"Bangkok, Thailand",234
2025-12-16 09:32:01,cloudping Huawei,af-south-1,"Johannesburg, South Africa",251.5
2025-12-16 09:32:01,cloudping Huawei,ap-southeast-1,"Hong Kong, China",303
2025-12-16 09:32:01,cloudping Huawei,cn-north-1,Beijing 1,191
2025-12-16 09:32:01,cloudping Huawei,cn-east-3,Shanghai 1,220.5
2025-12-16 09:32:01,cloudping Huawei,cn-north-9,Wulanchabu,223
2025-12-16 09:32:01,cloudping Huawei,cn-east-2,Shanghai 2,228.5
2025-12-16 09:32:01,cloudping Huawei,cn-southwest-2,Guiyang 1,242.5
2025-12-16 09:32:01,cloudping Huawei,cn-north-4,Beijing 4,250.5
2025-12-16 09:32:01,cloudping Huawei,cn-south-1,Guangzhou,260.5
2025-12-16 09:58:02,cloudping Huawei,la-north-2,"Mexico City 2, Mexico",146
2025-12-16 09:58:02,cloudping Huawei,na-mexico-1,"Mexico City 1, Mexico",146.5
2025-12-16 09:58:02,cloudping Huawei,ap-southeast-3,Singapore,192.5
2025-12-16 09:58:02,cloudping Huawei,sa-brazil-1,"Sao Paulo, Brazil",226.5
2025-12-16 09:58:02,cloudping Huawei,la-south-2,"Santiago, Chile",228.5
2025-12-16 09:58:02,cloudping Huawei,ap-southeast-2,"Bangkok, Thailand",241
2025-12-16 09:58:02,cloudping Huawei,af-south-1,"Johannesburg, South Africa",246.5
2025-12-16 09:58:02,cloudping Huawei,ap-southeast-1,"Hong Kong, China",306.5
2025-12-16 09:58:02,cloudping Huawei,la-north-2,"Mexico City 2, Mexico",146
2025-12-16 09:58:02,cloudping Huawei,na-mexico-1,"Mexico City 1, Mexico",146.5
2025-12-16 09:58:02,cloudping Huawei,ap-southeast-3,Singapore,192.5
2025-12-16 09:58:02,cloudping Huawei,sa-brazil-1,"Sao Paulo, Brazil",226.5
2025-12-16 09:58:02,cloudping Huawei,la-south-2,"Santiago, Chile",228.5
2025-12-16 09:58:02,cloudping Huawei,ap-southeast-2,"Bangkok, Thailand",241
2025-12-16 09:58:02,cloudping Huawei,af-south-1,"Johannesburg, South Africa",246.5
2025-12-16 09:58:02,cloudping Huawei,ap-southeast-1,"Hong Kong, China",306.5
2025-12-16 09:58:02,cloudping Huawei,cn-east-2,Shanghai 2,216
2025-12-16 09:58:02,cloudping Huawei,cn-east-3,Shanghai 1,221.5
2025-12-16 09:58:02,cloudping Huawei,cn-north-4,Beijing 4,222.5
2025-12-16 09:58:02,cloudping Huawei,cn-north-1,Beijing 1,237
2025-12-16 09:58:02,cloudping Huawei,cn-north-9,Wulanchabu,239.5
2025-12-16 09:58:02,cloudping Huawei,cn-south-1,Guangzhou,242
2025-12-16 09:58:02,cloudping Huawei,cn-southwest-2,Guiyang 1,264.5
2025-12-16 10:24:02,cloudping Huawei,la-north-2,"Mexico City 2, Mexico",146.5
2025-12-16 10:24:02,cloudping Huawei,na-mexico-1,"Mexico City 1, Mexico",155.5
2025-12-16 10:24:02,cloudping Huawei,ap-southeast-3,Singapore,191.5
2025-12-16 10:24:02,cloudping Huawei,ap-southeast-1,"Hong Kong, China",221.5
2025-12-16 10:24:02,cloudping Huawei,af-south-1,"Johannesburg, South Africa",233
2025-12-16 10:24:02,cloudping Huawei,ap-southeast-2,"Bangkok, Thailand",242.5
2025-12-16 10:24:02,cloudping Huawei,la-south-2,"Santiago, Chile",279
2025-12-16 10:24:02,cloudping Huawei,sa-brazil-1,"Sao Paulo, Brazil",400
2025-12-16 10:24:02,cloudping Huawei,la-north-2,"Mexico City 2, Mexico",146.5
2025-12-16 10:24:02,cloudping Huawei,na-mexico-1,"Mexico City 1, Mexico",155.5
2025-12-16 10:24:02,cloudping Huawei,ap-southeast-3,Singapore,191.5
2025-12-16 10:24:02,cloudping Huawei,ap-southeast-1,"Hong Kong, China",221.5
2025-12-16 10:24:02,cloudping Huawei,af-south-1,"Johannesburg, South Africa",233
2025-12-16 10:24:02,cloudping Huawei,ap-southeast-2,"Bangkok, Thailand",242.5
2025-12-16 10:24:02,cloudping Huawei,la-south-2,"Santiago, Chile",279
2025-12-16 10:24:02,cloudping Huawei,sa-brazil-1,"Sao Paulo, Brazil",400
2025-12-16 10:24:02,cloudping Huawei,cn-east-2,Shanghai 2,206.5
2025-12-16 10:24:02,cloudping Huawei,cn-south-1,Guangzhou,235
2025-12-16 10:24:02,cloudping Huawei,cn-north-4,Beijing 4,259
2025-12-16 10:24:02,cloudping Huawei,cn-north-9,Wulanchabu,271
2025-12-16 10:24:02,cloudping Huawei,cn-north-1,Beijing 1,272.5
2025-12-16 10:24:02,cloudping Huawei,cn-southwest-2,Guiyang 1,290.5
2025-12-16 10:24:02,cloudping Huawei,cn-east-3,Shanghai 1,304.5
2025-12-16 10:50:02,cloudping Huawei,na-mexico-1,"Mexico City 1, Mexico",144
2025-12-16 10:50:02,cloudping Huawei,la-north-2,"Mexico City 2, Mexico",146
2025-12-16 10:50:02,cloudping Huawei,ap-southeast-3,Singapore,201
2025-12-16 10:50:02,cloudping Huawei,sa-brazil-1,"Sao Paulo, Brazil",227
2025-12-16 10:50:02,cloudping Huawei,af-south-1,"Johannesburg, South Africa",228
2025-12-16 10:50:02,cloudping Huawei,ap-southeast-1,"Hong Kong, China",230
2025-12-16 10:50:02,cloudping Huawei,ap-southeast-2,"Bangkok, Thailand",239
2025-12-16 10:50:02,cloudping Huawei,la-south-2,"Santiago, Chile",248
2025-12-16 10:50:02,cloudping Huawei,na-mexico-1,"Mexico City 1, Mexico",144
2025-12-16 10:50:02,cloudping Huawei,la-north-2,"Mexico City 2, Mexico",146
2025-12-16 10:50:02,cloudping Huawei,ap-southeast-3,Singapore,201
2025-12-16 10:50:02,cloudping Huawei,sa-brazil-1,"Sao Paulo, Brazil",227
2025-12-16 10:50:02,cloudping Huawei,af-south-1,"Johannesburg, South Africa",228
2025-12-16 10:50:02,cloudping Huawei,ap-southeast-1,"Hong Kong, China",230
2025-12-16 10:50:02,cloudping Huawei,ap-southeast-2,"Bangkok, Thailand",239
2025-12-16 10:50:02,cloudping Huawei,la-south-2,"Santiago, Chile",248
2025-12-16 10:50:02,cloudping Huawei,cn-east-2,Shanghai 2,206
2025-12-16 10:50:02,cloudping Huawei,cn-east-3,Shanghai 1,222
2025-12-16 10:50:02,cloudping Huawei,cn-south-1,Guangzhou,227
2025-12-16 10:50:02,cloudping Huawei,cn-southwest-2,Guiyang 1,257.5
2025-12-16 10:50:02,cloudping Huawei,cn-north-9,Wulanchabu,260
2025-12-16 10:50:02,cloudping Huawei,cn-north-4,Beijing 4,264.5
2025-12-16 10:50:02,cloudping Huawei,cn-north-1,Beijing 1,273
2025-12-16 11:16:02,cloudping Huawei,na-mexico-1,"Mexico City 1, Mexico",148
2025-12-16 11:16:02,cloudping Huawei,la-north-2,"Mexico City 2, Mexico",152
2025-12-16 11:16:02,cloudping Huawei,ap-southeast-3,Singapore,192
2025-12-16 11:16:02,cloudping Huawei,ap-southeast-1,"Hong Kong, China",226.5
2025-12-16 11:16:02,cloudping Huawei,sa-brazil-1,"Sao Paulo, Brazil",228
2025-12-16 11:16:02,cloudping Huawei,la-south-2,"Santiago, Chile",231
2025-12-16 11:16:02,cloudping Huawei,ap-southeast-2,"Bangkok, Thailand",242.5
2025-12-16 11:16:02,cloudping Huawei,af-south-1,"Johannesburg, South Africa",246.5
2025-12-16 11:16:02,cloudping Huawei,na-mexico-1,"Mexico City 1, Mexico",148
2025-12-16 11:16:02,cloudping Huawei,la-north-2,"Mexico City 2, Mexico",152
2025-12-16 11:16:02,cloudping Huawei,ap-southeast-3,Singapore,192
2025-12-16 11:16:02,cloudping Huawei,ap-southeast-1,"Hong Kong, China",226.5
2025-12-16 11:16:02,cloudping Huawei,sa-brazil-1,"Sao Paulo, Brazil",228
2025-12-16 11:16:02,cloudping Huawei,la-south-2,"Santiago, Chile",231
2025-12-16 11:16:02,cloudping Huawei,ap-southeast-2,"Bangkok, Thailand",242.5
2025-12-16 11:16:02,cloudping Huawei,af-south-1,"Johannesburg, South Africa",246.5
2025-12-16 11:16:02,cloudping Huawei,cn-east-2,Shanghai 2,222
2025-12-16 11:16:02,cloudping Huawei,cn-east-3,Shanghai 1,230.5
2025-12-16 11:16:02,cloudping Huawei,cn-north-1,Beijing 1,231.5
2025-12-16 11:16:02,cloudping Huawei,cn-southwest-2,Guiyang 1,245
2025-12-16 11:16:02,cloudping Huawei,cn-south-1,Guangzhou,255
2025-12-16 11:16:02,cloudping Huawei,cn-north-4,Beijing 4,259.5
2025-12-16 11:16:02,cloudping Huawei,cn-north-9,Wulanchabu,975
2025-12-16 11:42:02,cloudping Huawei,na-mexico-1,"Mexico City 1, Mexico",145
2025-12-16 11:42:02,cloudping Huawei,la-north-2,"Mexico City 2, Mexico",148
2025-12-16 11:42:02,cloudping Huawei,ap-southeast-3,Singapore,202.5
2025-12-16 11:42:02,cloudping Huawei,sa-brazil-1,"Sao Paulo, Brazil",225
2025-12-16 11:42:02,cloudping Huawei,af-south-1,"Johannesburg, South Africa",227.5
2025-12-16 11:42:02,cloudping Huawei,ap-southeast-1,"Hong Kong, China",230
2025-12-16 11:42:02,cloudping Huawei,la-south-2,"Santiago, Chile",237.5
2025-12-16 11:42:02,cloudping Huawei,ap-southeast-2,"Bangkok, Thailand",258
2025-12-16 11:42:02,cloudping Huawei,na-mexico-1,"Mexico City 1, Mexico",145
2025-12-16 11:42:02,cloudping Huawei,la-north-2,"Mexico City 2, Mexico",148
2025-12-16 11:42:02,cloudping Huawei,ap-southeast-3,Singapore,202.5
2025-12-16 11:42:02,cloudping Huawei,sa-brazil-1,"Sao Paulo, Brazil",225
2025-12-16 11:42:02,cloudping Huawei,af-south-1,"Johannesburg, South Africa",227.5
2025-12-16 11:42:02,cloudping Huawei,ap-southeast-1,"Hong Kong, China",230
2025-12-16 11:42:02,cloudping Huawei,la-south-2,"Santiago, Chile",237.5
2025-12-16 11:42:02,cloudping Huawei,ap-southeast-2,"Bangkok, Thailand",258
2025-12-16 11:42:02,cloudping Huawei,cn-east-3,Shanghai 1,216
2025-12-16 11:42:02,cloudping Huawei,cn-east-2,Shanghai 2,228.5
2025-12-16 11:42:02,cloudping Huawei,cn-north-1,Beijing 1,236
2025-12-16 11:42:02,cloudping Huawei,cn-south-1,Guangzhou,238.5
2025-12-16 11:42:02,cloudping Huawei,cn-north-4,Beijing 4,540.5
2025-12-16 11:42:02,cloudping Huawei,cn-southwest-2,Guiyang 1,556
2025-12-16 11:42:02,cloudping Huawei,cn-north-9,Wulanchabu,887
2025-12-16 12:08:03,cloudping Huawei,na-mexico-1,"Mexico City 1, Mexico",146.5
2025-12-16 12:08:03,cloudping Huawei,la-north-2,"Mexico City 2, Mexico",148.5
2025-12-16 12:08:03,cloudping Huawei,ap-southeast-3,Singapore,214.5
2025-12-16 12:08:03,cloudping Huawei,ap-southeast-1,"Hong Kong, China",218.5
2025-12-16 12:08:03,cloudping Huawei,sa-brazil-1,"Sao Paulo, Brazil",230.5
2025-12-16 12:08:03,cloudping Huawei,ap-southeast-2,"Bangkok, Thailand",243.5
2025-12-16 12:08:03,cloudping Huawei,af-south-1,"Johannesburg, South Africa",246
2025-12-16 12:08:03,cloudping Huawei,la-south-2,"Santiago, Chile",248.5
2025-12-16 12:08:03,cloudping Huawei,na-mexico-1,"Mexico City 1, Mexico",146.5
2025-12-16 12:08:03,cloudping Huawei,la-north-2,"Mexico City 2, Mexico",148.5
2025-12-16 12:08:03,cloudping Huawei,ap-southeast-3,Singapore,214.5
2025-12-16 12:08:03,cloudping Huawei,ap-southeast-1,"Hong Kong, China",218.5
2025-12-16 12:08:03,cloudping Huawei,sa-brazil-1,"Sao Paulo, Brazil",230.5
2025-12-16 12:08:03,cloudping Huawei,ap-southeast-2,"Bangkok, Thailand",243.5
2025-12-16 12:08:03,cloudping Huawei,af-south-1,"Johannesburg, South Africa",246
2025-12-16 12:08:03,cloudping Huawei,la-south-2,"Santiago, Chile",248.5
2025-12-16 12:08:03,cloudping Huawei,cn-east-2,Shanghai 2,217.5
2025-12-16 12:08:03,cloudping Huawei,cn-north-1,Beijing 1,247.5
2025-12-16 12:08:03,cloudping Huawei,cn-north-4,Beijing 4,254
2025-12-16 12:08:03,cloudping Huawei,cn-north-9,Wulanchabu,274
2025-12-16 12:08:03,cloudping Huawei,cn-east-3,Shanghai 1,277.5
2025-12-16 12:08:03,cloudping Huawei,cn-south-1,Guangzhou,569.5
2025-12-16 12:08:03,cloudping Huawei,cn-southwest-2,Guiyang 1,630
2025-12-16 12:34:04,cloudping Huawei,la-north-2,"Mexico City 2, Mexico",146.5
2025-12-16 12:34:04,cloudping Huawei,na-mexico-1,"Mexico City 1, Mexico",147
2025-12-16 12:34:04,cloudping Huawei,ap-southeast-3,Singapore,189
2025-12-16 12:34:04,cloudping Huawei,ap-southeast-1,"Hong Kong, China",222.5
2025-12-16 12:34:04,cloudping Huawei,sa-brazil-1,"Sao Paulo, Brazil",224
2025-12-16 12:34:04,cloudping Huawei,ap-southeast-2,"Bangkok, Thailand",239
2025-12-16 12:34:04,cloudping Huawei,la-south-2,"Santiago, Chile",248.5
2025-12-16 12:34:04,cloudping Huawei,af-south-1,"Johannesburg, South Africa",308
2025-12-16 12:34:04,cloudping Huawei,la-north-2,"Mexico City 2, Mexico",146.5
2025-12-16 12:34:04,cloudping Huawei,na-mexico-1,"Mexico City 1, Mexico",147
2025-12-16 12:34:04,cloudping Huawei,ap-southeast-3,Singapore,189
2025-12-16 12:34:04,cloudping Huawei,ap-southeast-1,"Hong Kong, China",222.5
2025-12-16 12:34:04,cloudping Huawei,sa-brazil-1,"Sao Paulo, Brazil",224
2025-12-16 12:34:04,cloudping Huawei,ap-southeast-2,"Bangkok, Thailand",239
2025-12-16 12:34:04,cloudping Huawei,la-south-2,"Santiago, Chile",248.5
2025-12-16 12:34:04,cloudping Huawei,af-south-1,"Johannesburg, South Africa",308
2025-12-16 12:34:04,cloudping Huawei,cn-north-1,Beijing 1,209.5
2025-12-16 12:34:04,cloudping Huawei,cn-south-1,Guangzhou,228
2025-12-16 12:34:04,cloudping Huawei,cn-north-9,Wulanchabu,228.5
2025-12-16 12:34:04,cloudping Huawei,cn-southwest-2,Guiyang 1,257
2025-12-16 12:34:04,cloudping Huawei,cn-east-3,Shanghai 1,343
2025-12-16 12:34:04,cloudping Huawei,cn-east-2,Shanghai 2,528.5
2025-12-16 12:34:04,cloudping Huawei,cn-north-4,Beijing 4,544
2025-12-16 13:00:03,cloudping Huawei,na-mexico-1,"Mexico City 1, Mexico",144
2025-12-16 13:00:03,cloudping Huawei,la-north-2,"Mexico City 2, Mexico",170.5
2025-12-16 13:00:03,cloudping Huawei,ap-southeast-3,Singapore,190
2025-12-16 13:00:03,cloudping Huawei,sa-brazil-1,"Sao Paulo, Brazil",217
2025-12-16 13:00:03,cloudping Huawei,ap-southeast-1,"Hong Kong, China",219
2025-12-16 13:00:03,cloudping Huawei,af-south-1,"Johannesburg, South Africa",240.5
2025-12-16 13:00:03,cloudping Huawei,ap-southeast-2,"Bangkok, Thailand",247.5
2025-12-16 13:00:03,cloudping Huawei,la-south-2,"Santiago, Chile",270
2025-12-16 13:00:03,cloudping Huawei,na-mexico-1,"Mexico City 1, Mexico",144
2025-12-16 13:00:03,cloudping Huawei,la-north-2,"Mexico City 2, Mexico",170.5
2025-12-16 13:00:03,cloudping Huawei,ap-southeast-3,Singapore,190
2025-12-16 13:00:03,cloudping Huawei,sa-brazil-1,"Sao Paulo, Brazil",217
2025-12-16 13:00:03,cloudping Huawei,ap-southeast-1,"Hong Kong, China",219
2025-12-16 13:00:03,cloudping Huawei,af-south-1,"Johannesburg, South Africa",240.5
2025-12-16 13:00:03,cloudping Huawei,ap-southeast-2,"Bangkok, Thailand",247.5
2025-12-16 13:00:03,cloudping Huawei,la-south-2,"Santiago, Chile",270
2025-12-16 13:00:03,cloudping Huawei,cn-north-4,Beijing 4,223.5
2025-12-16 13:00:03,cloudping Huawei,cn-east-2,Shanghai 2,226.5
2025-12-16 13:00:03,cloudping Huawei,cn-south-1,Guangzhou,240.5
2025-12-16 13:00:03,cloudping Huawei,cn-east-3,Shanghai 1,241
2025-12-16 13:00:03,cloudping Huawei,cn-north-1,Beijing 1,252
2025-12-16 13:00:03,cloudping Huawei,cn-southwest-2,Guiyang 1,255.5
2025-12-16 13:00:03,cloudping Huawei,cn-north-9,Wulanchabu,273.5
2025-12-16 13:26:04,cloudping Huawei,la-north-2,"Mexico City 2, Mexico",144
2025-12-16 13:26:04,cloudping Huawei,na-mexico-1,"Mexico City 1, Mexico",147
2025-12-16 13:26:04,cloudping Huawei,ap-southeast-3,Singapore,189
2025-12-16 13:26:04,cloudping Huawei,ap-southeast-1,"Hong Kong, China",212.5
2025-12-16 13:26:04,cloudping Huawei,sa-brazil-1,"Sao Paulo, Brazil",225.5
2025-12-16 13:26:04,cloudping Huawei,ap-southeast-2,"Bangkok, Thailand",240
2025-12-16 13:26:04,cloudping Huawei,af-south-1,"Johannesburg, South Africa",241
2025-12-16 13:26:04,cloudping Huawei,la-south-2,"Santiago, Chile",242
2025-12-16 13:26:04,cloudping Huawei,la-north-2,"Mexico City 2, Mexico",144
2025-12-16 13:26:04,cloudping Huawei,na-mexico-1,"Mexico City 1, Mexico",147
2025-12-16 13:26:04,cloudping Huawei,ap-southeast-3,Singapore,189
2025-12-16 13:26:04,cloudping Huawei,ap-southeast-1,"Hong Kong, China",212.5
2025-12-16 13:26:04,cloudping Huawei,sa-brazil-1,"Sao Paulo, Brazil",225.5
2025-12-16 13:26:04,cloudping Huawei,ap-southeast-2,"Bangkok, Thailand",240
2025-12-16 13:26:04,cloudping Huawei,af-south-1,"Johannesburg, South Africa",241
2025-12-16 13:26:04,cloudping Huawei,la-south-2,"Santiago, Chile",242
2025-12-16 13:26:04,cloudping Huawei,cn-east-2,Shanghai 2,212.5
2025-12-16 13:26:04,cloudping Huawei,cn-north-9,Wulanchabu,237.5
2025-12-16 13:26:04,cloudping Huawei,cn-north-1,Beijing 1,239.5
2025-12-16 13:26:04,cloudping Huawei,cn-south-1,Guangzhou,259.5
2025-12-16 13:26:04,cloudping Huawei,cn-north-4,Beijing 4,551
2025-12-16 13:26:04,cloudping Huawei,cn-southwest-2,Guiyang 1,606
2025-12-16 13:26:04,cloudping Huawei,cn-east-3,Shanghai 1,623
2025-12-16 13:52:04,cloudping Huawei,la-north-2,"Mexico City 2, Mexico",144
2025-12-16 13:52:04,cloudping Huawei,na-mexico-1,"Mexico City 1, Mexico",151
2025-12-16 13:52:04,cloudping Huawei,ap-southeast-3,Singapore,188
2025-12-16 13:52:04,cloudping Huawei,ap-southeast-1,"Hong Kong, China",220.5
2025-12-16 13:52:04,cloudping Huawei,sa-brazil-1,"Sao Paulo, Brazil",225.5
2025-12-16 13:52:04,cloudping Huawei,af-south-1,"Johannesburg, South Africa",240
2025-12-16 13:52:04,cloudping Huawei,ap-southeast-2,"Bangkok, Thailand",246
2025-12-16 13:52:04,cloudping Huawei,la-south-2,"Santiago, Chile",310
2025-12-16 13:52:04,cloudping Huawei,la-north-2,"Mexico City 2, Mexico",144
2025-12-16 13:52:04,cloudping Huawei,na-mexico-1,"Mexico City 1, Mexico",151
2025-12-16 13:52:04,cloudping Huawei,ap-southeast-3,Singapore,188
2025-12-16 13:52:04,cloudping Huawei,ap-southeast-1,"Hong Kong, China",220.5
2025-12-16 13:52:04,cloudping Huawei,sa-brazil-1,"Sao Paulo, Brazil",225.5
2025-12-16 13:52:04,cloudping Huawei,af-south-1,"Johannesburg, South Africa",240
2025-12-16 13:52:04,cloudping Huawei,ap-southeast-2,"Bangkok, Thailand",246
2025-12-16 13:52:04,cloudping Huawei,la-south-2,"Santiago, Chile",310
2025-12-16 13:52:04,cloudping Huawei,cn-north-1,Beijing 1,195
2025-12-16 13:52:04,cloudping Huawei,cn-east-2,Shanghai 2,215
2025-12-16 13:52:04,cloudping Huawei,cn-east-3,Shanghai 1,215
2025-12-16 13:52:04,cloudping Huawei,cn-south-1,Guangzhou,243.5
2025-12-16 13:52:04,cloudping Huawei,cn-southwest-2,Guiyang 1,249
2025-12-16 13:52:04,cloudping Huawei,cn-north-4,Beijing 4,270
2025-12-16 13:52:04,cloudping Huawei,cn-north-9,Wulanchabu,333.5
2025-12-16 14:18:04,cloudping Huawei,na-mexico-1,"Mexico City 1, Mexico",145
2025-12-16 14:18:04,cloudping Huawei,la-north-2,"Mexico City 2, Mexico",156.5
2025-12-16 14:18:04,cloudping Huawei,ap-southeast-3,Singapore,207
2025-12-16 14:18:04,cloudping Huawei,ap-southeast-1,"Hong Kong, China",214.5
2025-12-16 14:18:04,cloudping Huawei,sa-brazil-1,"Sao Paulo, Brazil",224.5
2025-12-16 14:18:04,cloudping Huawei,la-south-2,"Santiago, Chile",242
2025-12-16 14:18:04,cloudping Huawei,ap-southeast-2,"Bangkok, Thailand",247.5
2025-12-16 14:18:04,cloudping Huawei,af-south-1,"Johannesburg, South Africa",349
2025-12-16 14:18:04,cloudping Huawei,na-mexico-1,"Mexico City 1, Mexico",145
2025-12-16 14:18:04,cloudping Huawei,la-north-2,"Mexico City 2, Mexico",156.5
2025-12-16 14:18:04,cloudping Huawei,ap-southeast-3,Singapore,207
2025-12-16 14:18:04,cloudping Huawei,ap-southeast-1,"Hong Kong, China",214.5
2025-12-16 14:18:04,cloudping Huawei,sa-brazil-1,"Sao Paulo, Brazil",224.5
2025-12-16 14:18:04,cloudping Huawei,la-south-2,"Santiago, Chile",242
2025-12-16 14:18:04,cloudping Huawei,ap-southeast-2,"Bangkok, Thailand",247.5
2025-12-16 14:18:04,cloudping Huawei,af-south-1,"Johannesburg, South Africa",349
2025-12-16 14:18:04,cloudping Huawei,cn-south-1,Guangzhou,226.5
2025-12-16 14:18:04,cloudping Huawei,cn-southwest-2,Guiyang 1,247
2025-12-16 14:18:04,cloudping Huawei,cn-north-4,Beijing 4,256.5
2025-12-16 14:18:04,cloudping Huawei,cn-north-9,Wulanchabu,276
2025-12-16 14:18:04,cloudping Huawei,cn-east-2,Shanghai 2,510
2025-12-16 14:18:04,cloudping Huawei,cn-east-3,Shanghai 1,522.5
2025-12-16 14:18:04,cloudping Huawei,cn-north-1,Beijing 1,950
2025-12-16 14:44:05,cloudping Huawei,na-mexico-1,"Mexico City 1, Mexico",143.5
2025-12-16 14:44:05,cloudping Huawei,la-north-2,"Mexico City 2, Mexico",179.5
2025-12-16 14:44:05,cloudping Huawei,ap-southeast-3,Singapore,188.5
2025-12-16 14:44:05,cloudping Huawei,ap-southeast-1,"Hong Kong, China",222.5
2025-12-16 14:44:05,cloudping Huawei,sa-brazil-1,"Sao Paulo, Brazil",229
2025-12-16 14:44:05,cloudping Huawei,af-south-1,"Johannesburg, South Africa",241.5
2025-12-16 14:44:05,cloudping Huawei,la-south-2,"Santiago, Chile",249.5
2025-12-16 14:44:05,cloudping Huawei,ap-southeast-2,"Bangkok, Thailand",250
2025-12-16 14:44:05,cloudping Huawei,na-mexico-1,"Mexico City 1, Mexico",143.5
2025-12-16 14:44:05,cloudping Huawei,la-north-2,"Mexico City 2, Mexico",179.5
2025-12-16 14:44:05,cloudping Huawei,ap-southeast-3,Singapore,188.5
2025-12-16 14:44:05,cloudping Huawei,ap-southeast-1,"Hong Kong, China",222.5
2025-12-16 14:44:05,cloudping Huawei,sa-brazil-1,"Sao Paulo, Brazil",229
2025-12-16 14:44:05,cloudping Huawei,af-south-1,"Johannesburg, South Africa",241.5
2025-12-16 14:44:05,cloudping Huawei,la-south-2,"Santiago, Chile",249.5
2025-12-16 14:44:05,cloudping Huawei,ap-southeast-2,"Bangkok, Thailand",250
2025-12-16 14:44:05,cloudping Huawei,cn-east-2,Shanghai 2,217
2025-12-16 14:44:05,cloudping Huawei,cn-east-3,Shanghai 1,224.5
2025-12-16 14:44:05,cloudping Huawei,cn-south-1,Guangzhou,242.5
2025-12-16 14:44:05,cloudping Huawei,cn-north-1,Beijing 1,248.5
2025-12-16 14:44:05,cloudping Huawei,cn-southwest-2,Guiyang 1,255
2025-12-16 14:44:05,cloudping Huawei,cn-north-4,Beijing 4,265
2025-12-16 14:44:05,cloudping Huawei,cn-north-9,Wulanchabu,272.5
2025-12-16 15:10:05,cloudping Huawei,la-north-2,"Mexico City 2, Mexico",161.5
2025-12-16 15:10:05,cloudping Huawei,na-mexico-1,"Mexico City 1, Mexico",167
2025-12-16 15:10:05,cloudping Huawei,ap-southeast-3,Singapore,206
2025-12-16 15:10:05,cloudping Huawei,ap-southeast-1,"Hong Kong, China",216
2025-12-16 15:10:05,cloudping Huawei,sa-brazil-1,"Sao Paulo, Brazil",220.5
2025-12-16 15:10:05,cloudping Huawei,af-south-1,"Johannesburg, South Africa",227
2025-12-16 15:10:05,cloudping Huawei,la-south-2,"Santiago, Chile",236
2025-12-16 15:10:05,cloudping Huawei,ap-southeast-2,"Bangkok, Thailand",237.5
2025-12-16 15:10:05,cloudping Huawei,la-north-2,"Mexico City 2, Mexico",161.5
2025-12-16 15:10:05,cloudping Huawei,na-mexico-1,"Mexico City 1, Mexico",167
2025-12-16 15:10:05,cloudping Huawei,ap-southeast-3,Singapore,206
2025-12-16 15:10:05,cloudping Huawei,ap-southeast-1,"Hong Kong, China",216
2025-12-16 15:10:05,cloudping Huawei,sa-brazil-1,"Sao Paulo, Brazil",220.5
2025-12-16 15:10:05,cloudping Huawei,af-south-1,"Johannesburg, South Africa",227
2025-12-16 15:10:05,cloudping Huawei,la-south-2,"Santiago, Chile",236
2025-12-16 15:10:05,cloudping Huawei,ap-southeast-2,"Bangkok, Thailand",237.5
2025-12-16 15:10:05,cloudping Huawei,cn-north-1,Beijing 1,200.5
2025-12-16 15:10:05,cloudping Huawei,cn-east-2,Shanghai 2,212
2025-12-16 15:10:05,cloudping Huawei,cn-east-3,Shanghai 1,214
2025-12-16 15:10:05,cloudping Huawei,cn-south-1,Guangzhou,226.5
2025-12-16 15:10:05,cloudping Huawei,cn-north-9,Wulanchabu,269.5
2025-12-16 15:10:05,cloudping Huawei,cn-north-4,Beijing 4,634
2025-12-16 15:10:05,cloudping Huawei,cn-southwest-2,Guiyang 1,725
2025-12-16 15:36:07,cloudping Huawei,na-mexico-1,"Mexico City 1, Mexico",145
2025-12-16 15:36:07,cloudping Huawei,la-north-2,"Mexico City 2, Mexico",150.5
2025-12-16 15:36:07,cloudping Huawei,ap-southeast-3,Singapore,187
2025-12-16 15:36:07,cloudping Huawei,ap-southeast-1,"Hong Kong, China",232.5
2025-12-16 15:36:07,cloudping Huawei,sa-brazil-1,"Sao Paulo, Brazil",233.5
2025-12-16 15:36:07,cloudping Huawei,ap-southeast-2,"Bangkok, Thailand",235
2025-12-16 15:36:07,cloudping Huawei,la-south-2,"Santiago, Chile",237.5
2025-12-16 15:36:07,cloudping Huawei,af-south-1,"Johannesburg, South Africa",243
2025-12-16 15:36:07,cloudping Huawei,na-mexico-1,"Mexico City 1, Mexico",145
2025-12-16 15:36:07,cloudping Huawei,la-north-2,"Mexico City 2, Mexico",150.5
2025-12-16 15:36:07,cloudping Huawei,ap-southeast-3,Singapore,187
2025-12-16 15:36:07,cloudping Huawei,ap-southeast-1,"Hong Kong, China",232.5
2025-12-16 15:36:07,cloudping Huawei,sa-brazil-1,"Sao Paulo, Brazil",233.5
2025-12-16 15:36:07,cloudping Huawei,ap-southeast-2,"Bangkok, Thailand",235
2025-12-16 15:36:07,cloudping Huawei,la-south-2,"Santiago, Chile",237.5
2025-12-16 15:36:07,cloudping Huawei,af-south-1,"Johannesburg, South Africa",243
2025-12-16 15:36:07,cloudping Huawei,cn-east-2,Shanghai 2,221.5
2025-12-16 15:36:07,cloudping Huawei,cn-north-1,Beijing 1,229
2025-12-16 15:36:07,cloudping Huawei,cn-east-3,Shanghai 1,229.5
2025-12-16 15:36:07,cloudping Huawei,cn-north-4,Beijing 4,273.5
2025-12-16 15:36:07,cloudping Huawei,cn-north-9,Wulanchabu,285.5
2025-12-16 15:36:07,cloudping Huawei,cn-south-1,Guangzhou,293.5
2025-12-16 15:36:07,cloudping Huawei,cn-southwest-2,Guiyang 1,705.5
2025-12-16 16:02:06,cloudping Huawei,na-mexico-1,"Mexico City 1, Mexico",146.5
2025-12-16 16:02:06,cloudping Huawei,la-north-2,"Mexico City 2, Mexico",152.5
2025-12-16 16:02:06,cloudping Huawei,ap-southeast-3,Singapore,190.5
2025-12-16 16:02:06,cloudping Huawei,ap-southeast-1,"Hong Kong, China",218
2025-12-16 16:02:06,cloudping Huawei,sa-brazil-1,"Sao Paulo, Brazil",224
2025-12-16 16:02:06,cloudping Huawei,ap-southeast-2,"Bangkok, Thailand",249.5
2025-12-16 16:02:06,cloudping Huawei,la-south-2,"Santiago, Chile",249.5
2025-12-16 16:02:06,cloudping Huawei,af-south-1,"Johannesburg, South Africa",423.5
2025-12-16 16:02:06,cloudping Huawei,na-mexico-1,"Mexico City 1, Mexico",146.5
2025-12-16 16:02:06,cloudping Huawei,la-north-2,"Mexico City 2, Mexico",152.5
2025-12-16 16:02:06,cloudping Huawei,ap-southeast-3,Singapore,190.5
2025-12-16 16:02:06,cloudping Huawei,ap-southeast-1,"Hong Kong, China",218
2025-12-16 16:02:06,cloudping Huawei,sa-brazil-1,"Sao Paulo, Brazil",224
2025-12-16 16:02:06,cloudping Huawei,ap-southeast-2,"Bangkok, Thailand",249.5
2025-12-16 16:02:06,cloudping Huawei,la-south-2,"Santiago, Chile",249.5
2025-12-16 16:02:06,cloudping Huawei,af-south-1,"Johannesburg, South Africa",423.5
2025-12-16 16:02:06,cloudping Huawei,cn-north-9,Wulanchabu,237.5
2025-12-16 16:02:06,cloudping Huawei,cn-north-1,Beijing 1,244
2025-12-16 16:02:06,cloudping Huawei,cn-north-4,Beijing 4,259.5
2025-12-16 16:02:06,cloudping Huawei,cn-southwest-2,Guiyang 1,270.5
2025-12-16 16:02:06,cloudping Huawei,cn-east-2,Shanghai 2,345
2025-12-16 16:02:06,cloudping Huawei,cn-east-3,Shanghai 1,517
2025-12-16 16:02:06,cloudping Huawei,cn-south-1,Guangzhou,539.5
2025-12-16 16:28:06,cloudping Huawei,la-north-2,"Mexico City 2, Mexico",146.5
2025-12-16 16:28:06,cloudping Huawei,na-mexico-1,"Mexico City 1, Mexico",147.5
2025-12-16 16:28:06,cloudping Huawei,ap-southeast-1,"Hong Kong, China",219
2025-12-16 16:28:06,cloudping Huawei,sa-brazil-1,"Sao Paulo, Brazil",228
2025-12-16 16:28:06,cloudping Huawei,la-south-2,"Santiago, Chile",234.5
2025-12-16 16:28:06,cloudping Huawei,ap-southeast-2,"Bangkok, Thailand",236.5
2025-12-16 16:28:06,cloudping Huawei,af-south-1,"Johannesburg, South Africa",244.5
2025-12-16 16:28:06,cloudping Huawei,ap-southeast-3,Singapore,275
2025-12-16 16:28:06,cloudping Huawei,la-north-2,"Mexico City 2, Mexico",146.5
2025-12-16 16:28:06,cloudping Huawei,na-mexico-1,"Mexico City 1, Mexico",147.5
2025-12-16 16:28:06,cloudping Huawei,ap-southeast-1,"Hong Kong, China",219
2025-12-16 16:28:06,cloudping Huawei,sa-brazil-1,"Sao Paulo, Brazil",228
2025-12-16 16:28:06,cloudping Huawei,la-south-2,"Santiago, Chile",234.5
2025-12-16 16:28:06,cloudping Huawei,ap-southeast-2,"Bangkok, Thailand",236.5
2025-12-16 16:28:06,cloudping Huawei,af-south-1,"Johannesburg, South Africa",244.5
2025-12-16 16:28:06,cloudping Huawei,ap-southeast-3,Singapore,275
2025-12-16 16:28:06,cloudping Huawei,cn-east-3,Shanghai 1,216.5
2025-12-16 16:28:06,cloudping Huawei,cn-east-2,Shanghai 2,228.5
2025-12-16 16:28:06,cloudping Huawei,cn-south-1,Guangzhou,232
2025-12-16 16:28:06,cloudping Huawei,cn-north-1,Beijing 1,232
2025-12-16 16:28:06,cloudping Huawei,cn-north-4,Beijing 4,258
2025-12-16 16:28:06,cloudping Huawei,cn-southwest-2,Guiyang 1,613
2025-12-16 16:28:06,cloudping Huawei,cn-north-9,Wulanchabu,639
2025-12-16 16:54:07,cloudping Huawei,na-mexico-1,"Mexico City 1, Mexico",147.5
2025-12-16 16:54:07,cloudping Huawei,la-north-2,"Mexico City 2, Mexico",172
2025-12-16 16:54:07,cloudping Huawei,ap-southeast-3,Singapore,189.5
2025-12-16 16:54:07,cloudping Huawei,ap-southeast-1,"Hong Kong, China",216
2025-12-16 16:54:07,cloudping Huawei,sa-brazil-1,"Sao Paulo, Brazil",228.5
2025-12-16 16:54:07,cloudping Huawei,ap-southeast-2,"Bangkok, Thailand",239
2025-12-16 16:54:07,cloudping Huawei,la-south-2,"Santiago, Chile",259
2025-12-16 16:54:07,cloudping Huawei,af-south-1,"Johannesburg, South Africa",321.5
2025-12-16 16:54:07,cloudping Huawei,na-mexico-1,"Mexico City 1, Mexico",147.5
2025-12-16 16:54:07,cloudping Huawei,la-north-2,"Mexico City 2, Mexico",172
2025-12-16 16:54:07,cloudping Huawei,ap-southeast-3,Singapore,189.5
2025-12-16 16:54:07,cloudping Huawei,ap-southeast-1,"Hong Kong, China",216
2025-12-16 16:54:07,cloudping Huawei,sa-brazil-1,"Sao Paulo, Brazil",228.5
2025-12-16 16:54:07,cloudping Huawei,ap-southeast-2,"Bangkok, Thailand",239
2025-12-16 16:54:07,cloudping Huawei,la-south-2,"Santiago, Chile",259
2025-12-16 16:54:07,cloudping Huawei,af-south-1,"Johannesburg, South Africa",321.5
2025-12-16 16:54:07,cloudping Huawei,cn-east-2,Shanghai 2,213
2025-12-16 16:54:07,cloudping Huawei,cn-south-1,Guangzhou,258
2025-12-16 16:54:07,cloudping Huawei,cn-north-9,Wulanchabu,272.5
2025-12-16 16:54:07,cloudping Huawei,cn-southwest-2,Guiyang 1,324.5
2025-12-16 16:54:07,cloudping Huawei,cn-north-1,Beijing 1,484.5
2025-12-16 16:54:07,cloudping Huawei,cn-north-4,Beijing 4,548
2025-12-16 16:54:07,cloudping Huawei,cn-east-3,Shanghai 1,552.5
2025-12-16 17:20:07,cloudping Huawei,la-north-2,"Mexico City 2, Mexico",145
2025-12-16 17:20:07,cloudping Huawei,na-mexico-1,"Mexico City 1, Mexico",145.5
2025-12-16 17:20:07,cloudping Huawei,ap-southeast-3,Singapore,190
2025-12-16 17:20:07,cloudping Huawei,ap-southeast-1,"Hong Kong, China",226
2025-12-16 17:20:07,cloudping Huawei,ap-southeast-2,"Bangkok, Thailand",235
2025-12-16 17:20:07,cloudping Huawei,sa-brazil-1,"Sao Paulo, Brazil",239.5
2025-12-16 17:20:07,cloudping Huawei,af-south-1,"Johannesburg, South Africa",260.5
2025-12-16 17:20:07,cloudping Huawei,la-south-2,"Santiago, Chile",317.5
2025-12-16 17:20:07,cloudping Huawei,la-north-2,"Mexico City 2, Mexico",145
2025-12-16 17:20:07,cloudping Huawei,na-mexico-1,"Mexico City 1, Mexico",145.5
2025-12-16 17:20:07,cloudping Huawei,ap-southeast-3,Singapore,190
2025-12-16 17:20:07,cloudping Huawei,ap-southeast-1,"Hong Kong, China",226
2025-12-16 17:20:07,cloudping Huawei,ap-southeast-2,"Bangkok, Thailand",235
2025-12-16 17:20:07,cloudping Huawei,sa-brazil-1,"Sao Paulo, Brazil",239.5
2025-12-16 17:20:07,cloudping Huawei,af-south-1,"Johannesburg, South Africa",260.5
2025-12-16 17:20:07,cloudping Huawei,la-south-2,"Santiago, Chile",317.5
2025-12-16 17:20:07,cloudping Huawei,cn-east-3,Shanghai 1,223
2025-12-16 17:20:07,cloudping Huawei,cn-north-9,Wulanchabu,226.5
2025-12-16 17:20:07,cloudping Huawei,cn-east-2,Shanghai 2,237.5
2025-12-16 17:20:07,cloudping Huawei,cn-south-1,Guangzhou,248
2025-12-16 17:20:07,cloudping Huawei,cn-north-4,Beijing 4,269.5
2025-12-16 17:20:07,cloudping Huawei,cn-southwest-2,Guiyang 1,278.5
2025-12-16 17:20:07,cloudping Huawei,cn-north-1,Beijing 1,289
2025-12-16 17:46:07,cloudping Huawei,na-mexico-1,"Mexico City 1, Mexico",142.5
2025-12-16 17:46:07,cloudping Huawei,la-north-2,"Mexico City 2, Mexico",158.5
2025-12-16 17:46:07,cloudping Huawei,ap-southeast-3,Singapore,194.5
2025-12-16 17:46:07,cloudping Huawei,ap-southeast-1,"Hong Kong, China",220.5
2025-12-16 17:46:07,cloudping Huawei,af-south-1,"Johannesburg, South Africa",228
2025-12-16 17:46:07,cloudping Huawei,sa-brazil-1,"Sao Paulo, Brazil",232
2025-12-16 17:46:07,cloudping Huawei,ap-southeast-2,"Bangkok, Thailand",237
2025-12-16 17:46:07,cloudping Huawei,la-south-2,"Santiago, Chile",299
2025-12-16 17:46:07,cloudping Huawei,na-mexico-1,"Mexico City 1, Mexico",142.5
2025-12-16 17:46:07,cloudping Huawei,la-north-2,"Mexico City 2, Mexico",158.5
2025-12-16 17:46:07,cloudping Huawei,ap-southeast-3,Singapore,194.5
2025-12-16 17:46:07,cloudping Huawei,ap-southeast-1,"Hong Kong, China",220.5
2025-12-16 17:46:07,cloudping Huawei,af-south-1,"Johannesburg, South Africa",228
2025-12-16 17:46:07,cloudping Huawei,sa-brazil-1,"Sao Paulo, Brazil",232
2025-12-16 17:46:07,cloudping Huawei,ap-southeast-2,"Bangkok, Thailand",237
2025-12-16 17:46:07,cloudping Huawei,la-south-2,"Santiago, Chile",299
2025-12-16 17:46:07,cloudping Huawei,cn-east-3,Shanghai 1,206.5
2025-12-16 17:46:07,cloudping Huawei,cn-east-2,Shanghai 2,221.5
2025-12-16 17:46:07,cloudping Huawei,cn-north-1,Beijing 1,230.5
2025-12-16 17:46:07,cloudping Huawei,cn-south-1,Guangzhou,235.5
2025-12-16 17:46:07,cloudping Huawei,cn-north-9,Wulanchabu,276.5
2025-12-16 17:46:07,cloudping Huawei,cn-southwest-2,Guiyang 1,308
2025-12-16 17:46:07,cloudping Huawei,cn-north-4,Beijing 4,608.5
2025-12-16 18:12:08,cloudping Huawei,la-north-2,"Mexico City 2, Mexico",144.5
2025-12-16 18:12:08,cloudping Huawei,na-mexico-1,"Mexico City 1, Mexico",146.5
2025-12-16 18:12:08,cloudping Huawei,ap-southeast-3,Singapore,186.5
2025-12-16 18:12:08,cloudping Huawei,ap-southeast-1,"Hong Kong, China",225.5
2025-12-16 18:12:08,cloudping Huawei,sa-brazil-1,"Sao Paulo, Brazil",228.5
2025-12-16 18:12:08,cloudping Huawei,ap-southeast-2,"Bangkok, Thailand",236
2025-12-16 18:12:08,cloudping Huawei,la-south-2,"Santiago, Chile",241
2025-12-16 18:12:08,cloudping Huawei,af-south-1,"Johannesburg, South Africa",420
2025-12-16 18:12:08,cloudping Huawei,la-north-2,"Mexico City 2, Mexico",144.5
2025-12-16 18:12:08,cloudping Huawei,na-mexico-1,"Mexico City 1, Mexico",146.5
2025-12-16 18:12:08,cloudping Huawei,ap-southeast-3,Singapore,186.5
2025-12-16 18:12:08,cloudping Huawei,ap-southeast-1,"Hong Kong, China",225.5
2025-12-16 18:12:08,cloudping Huawei,sa-brazil-1,"Sao Paulo, Brazil",228.5
2025-12-16 18:12:08,cloudping Huawei,ap-southeast-2,"Bangkok, Thailand",236
2025-12-16 18:12:08,cloudping Huawei,la-south-2,"Santiago, Chile",241
2025-12-16 18:12:08,cloudping Huawei,af-south-1,"Johannesburg, South Africa",420
2025-12-16 18:12:08,cloudping Huawei,cn-north-4,Beijing 4,225.5
2025-12-16 18:12:08,cloudping Huawei,cn-north-1,Beijing 1,227
2025-12-16 18:12:08,cloudping Huawei,cn-south-1,Guangzhou,233
2025-12-16 18:12:08,cloudping Huawei,cn-east-2,Shanghai 2,244
2025-12-16 18:12:08,cloudping Huawei,cn-southwest-2,Guiyang 1,269.5
2025-12-16 18:12:08,cloudping Huawei,cn-north-9,Wulanchabu,289.5
2025-12-16 18:12:08,cloudping Huawei,cn-east-3,Shanghai 1,294
2025-12-16 18:38:08,cloudping Huawei,na-mexico-1,"Mexico City 1, Mexico",149
2025-12-16 18:38:08,cloudping Huawei,la-north-2,"Mexico City 2, Mexico",149.5
2025-12-16 18:38:08,cloudping Huawei,ap-southeast-3,Singapore,203
2025-12-16 18:38:08,cloudping Huawei,ap-southeast-1,"Hong Kong, China",219
2025-12-16 18:38:08,cloudping Huawei,sa-brazil-1,"Sao Paulo, Brazil",222
2025-12-16 18:38:08,cloudping Huawei,af-south-1,"Johannesburg, South Africa",227.5
2025-12-16 18:38:08,cloudping Huawei,la-south-2,"Santiago, Chile",238.5
2025-12-16 18:38:08,cloudping Huawei,ap-southeast-2,"Bangkok, Thailand",244.5
2025-12-16 18:38:08,cloudping Huawei,na-mexico-1,"Mexico City 1, Mexico",149
2025-12-16 18:38:08,cloudping Huawei,la-north-2,"Mexico City 2, Mexico",149.5
2025-12-16 18:38:08,cloudping Huawei,ap-southeast-3,Singapore,203
2025-12-16 18:38:08,cloudping Huawei,ap-southeast-1,"Hong Kong, China",219
2025-12-16 18:38:08,cloudping Huawei,sa-brazil-1,"Sao Paulo, Brazil",222
2025-12-16 18:38:08,cloudping Huawei,af-south-1,"Johannesburg, South Africa",227.5
2025-12-16 18:38:08,cloudping Huawei,la-south-2,"Santiago, Chile",238.5
2025-12-16 18:38:08,cloudping Huawei,ap-southeast-2,"Bangkok, Thailand",244.5
2025-12-16 18:38:08,cloudping Huawei,cn-east-2,Shanghai 2,221
2025-12-16 18:38:08,cloudping Huawei,cn-north-1,Beijing 1,231.5
2025-12-16 18:38:08,cloudping Huawei,cn-southwest-2,Guiyang 1,252
2025-12-16 18:38:08,cloudping Huawei,cn-north-4,Beijing 4,262
2025-12-16 18:38:08,cloudping Huawei,cn-south-1,Guangzhou,267.5
2025-12-16 18:38:08,cloudping Huawei,cn-north-9,Wulanchabu,289.5
2025-12-16 18:38:08,cloudping Huawei,cn-east-3,Shanghai 1,306
2025-12-16 19:04:08,cloudping Huawei,la-north-2,"Mexico City 2, Mexico",144
2025-12-16 19:04:08,cloudping Huawei,na-mexico-1,"Mexico City 1, Mexico",151.5
2025-12-16 19:04:08,cloudping Huawei,sa-brazil-1,"Sao Paulo, Brazil",219
2025-12-16 19:04:08,cloudping Huawei,ap-southeast-3,Singapore,221
2025-12-16 19:04:08,cloudping Huawei,ap-southeast-1,"Hong Kong, China",229.5
2025-12-16 19:04:08,cloudping Huawei,ap-southeast-2,"Bangkok, Thailand",234.5
2025-12-16 19:04:08,cloudping Huawei,la-south-2,"Santiago, Chile",247.5
2025-12-16 19:04:08,cloudping Huawei,af-south-1,"Johannesburg, South Africa",305
2025-12-16 19:04:08,cloudping Huawei,la-north-2,"Mexico City 2, Mexico",144
2025-12-16 19:04:08,cloudping Huawei,na-mexico-1,"Mexico City 1, Mexico",151.5
2025-12-16 19:04:08,cloudping Huawei,sa-brazil-1,"Sao Paulo, Brazil",219
2025-12-16 19:04:08,cloudping Huawei,ap-southeast-3,Singapore,221
2025-12-16 19:04:08,cloudping Huawei,ap-southeast-1,"Hong Kong, China",229.5
2025-12-16 19:04:08,cloudping Huawei,ap-southeast-2,"Bangkok, Thailand",234.5
2025-12-16 19:04:08,cloudping Huawei,la-south-2,"Santiago, Chile",247.5
2025-12-16 19:04:08,cloudping Huawei,af-south-1,"Johannesburg, South Africa",305
2025-12-16 19:04:08,cloudping Huawei,cn-east-3,Shanghai 1,221
2025-12-16 19:04:08,cloudping Huawei,cn-south-1,Guangzhou,230.5
2025-12-16 19:04:08,cloudping Huawei,cn-east-2,Shanghai 2,234.5
2025-12-16 19:04:08,cloudping Huawei,cn-north-1,Beijing 1,245.5
2025-12-16 19:04:08,cloudping Huawei,cn-north-4,Beijing 4,248.5
2025-12-16 19:04:08,cloudping Huawei,cn-southwest-2,Guiyang 1,290.5
2025-12-16 19:04:08,cloudping Huawei,cn-north-9,Wulanchabu,342
2025-12-16 19:30:09,cloudping Huawei,na-mexico-1,"Mexico City 1, Mexico",149.5
2025-12-16 19:30:09,cloudping Huawei,la-north-2,"Mexico City 2, Mexico",165
2025-12-16 19:30:09,cloudping Huawei,ap-southeast-3,Singapore,192
2025-12-16 19:30:09,cloudping Huawei,ap-southeast-1,"Hong Kong, China",214.5
2025-12-16 19:30:09,cloudping Huawei,sa-brazil-1,"Sao Paulo, Brazil",227
2025-12-16 19:30:09,cloudping Huawei,ap-southeast-2,"Bangkok, Thailand",243
2025-12-16 19:30:09,cloudping Huawei,af-south-1,"Johannesburg, South Africa",246.5
2025-12-16 19:30:09,cloudping Huawei,la-south-2,"Santiago, Chile",253
2025-12-16 19:30:09,cloudping Huawei,na-mexico-1,"Mexico City 1, Mexico",149.5
2025-12-16 19:30:09,cloudping Huawei,la-north-2,"Mexico City 2, Mexico",165
2025-12-16 19:30:09,cloudping Huawei,ap-southeast-3,Singapore,192
2025-12-16 19:30:09,cloudping Huawei,ap-southeast-1,"Hong Kong, China",214.5
2025-12-16 19:30:09,cloudping Huawei,sa-brazil-1,"Sao Paulo, Brazil",227
2025-12-16 19:30:09,cloudping Huawei,ap-southeast-2,"Bangkok, Thailand",243
2025-12-16 19:30:09,cloudping Huawei,af-south-1,"Johannesburg, South Africa",246.5
2025-12-16 19:30:09,cloudping Huawei,la-south-2,"Santiago, Chile",253
2025-12-16 19:30:09,cloudping Huawei,cn-north-1,Beijing 1,184.5
2025-12-16 19:30:09,cloudping Huawei,cn-east-3,Shanghai 1,212.5
2025-12-16 19:30:09,cloudping Huawei,cn-south-1,Guangzhou,228.5
2025-12-16 19:30:09,cloudping Huawei,cn-east-2,Shanghai 2,230
2025-12-16 19:30:09,cloudping Huawei,cn-north-9,Wulanchabu,243.5
2025-12-16 19:30:09,cloudping Huawei,cn-southwest-2,Guiyang 1,244.5
2025-12-16 19:30:09,cloudping Huawei,cn-north-4,Beijing 4,275
2025-12-16 19:56:09,cloudping Huawei,la-north-2,"Mexico City 2, Mexico",144
2025-12-16 19:56:09,cloudping Huawei,na-mexico-1,"Mexico City 1, Mexico",147.5
2025-12-16 19:56:09,cloudping Huawei,ap-southeast-3,Singapore,191.5
2025-12-16 19:56:09,cloudping Huawei,ap-southeast-1,"Hong Kong, China",216.5
2025-12-16 19:56:09,cloudping Huawei,af-south-1,"Johannesburg, South Africa",227.5
2025-12-16 19:56:09,cloudping Huawei,sa-brazil-1,"Sao Paulo, Brazil",228.5
2025-12-16 19:56:09,cloudping Huawei,ap-southeast-2,"Bangkok, Thailand",240
2025-12-16 19:56:09,cloudping Huawei,la-south-2,"Santiago, Chile",262
2025-12-16 19:56:09,cloudping Huawei,la-north-2,"Mexico City 2, Mexico",144
2025-12-16 19:56:09,cloudping Huawei,na-mexico-1,"Mexico City 1, Mexico",147.5
2025-12-16 19:56:09,cloudping Huawei,ap-southeast-3,Singapore,191.5
2025-12-16 19:56:09,cloudping Huawei,ap-southeast-1,"Hong Kong, China",216.5
2025-12-16 19:56:09,cloudping Huawei,af-south-1,"Johannesburg, South Africa",227.5
2025-12-16 19:56:09,cloudping Huawei,sa-brazil-1,"Sao Paulo, Brazil",228.5
2025-12-16 19:56:09,cloudping Huawei,ap-southeast-2,"Bangkok, Thailand",240
2025-12-16 19:56:09,cloudping Huawei,la-south-2,"Santiago, Chile",262
2025-12-16 19:56:09,cloudping Huawei,cn-east-3,Shanghai 1,215
2025-12-16 19:56:09,cloudping Huawei,cn-east-2,Shanghai 2,215
2025-12-16 19:56:09,cloudping Huawei,cn-south-1,Guangzhou,218
2025-12-16 19:56:09,cloudping Huawei,cn-north-4,Beijing 4,222
2025-12-16 19:56:09,cloudping Huawei,cn-north-1,Beijing 1,229
2025-12-16 19:56:09,cloudping Huawei,cn-southwest-2,Guiyang 1,251
2025-12-16 19:56:09,cloudping Huawei,cn-north-9,Wulanchabu,291.5
2025-12-16 20:22:09,cloudping Huawei,na-mexico-1,"Mexico City 1, Mexico",146
2025-12-16 20:22:09,cloudping Huawei,la-north-2,"Mexico City 2, Mexico",150
2025-12-16 20:22:09,cloudping Huawei,ap-southeast-3,Singapore,191.5
2025-12-16 20:22:09,cloudping Huawei,sa-brazil-1,"Sao Paulo, Brazil",228.5
2025-12-16 20:22:09,cloudping Huawei,af-south-1,"Johannesburg, South Africa",250.5
2025-12-16 20:22:09,cloudping Huawei,ap-southeast-2,"Bangkok, Thailand",258
2025-12-16 20:22:09,cloudping Huawei,la-south-2,"Santiago, Chile",266.5
2025-12-16 20:22:09,cloudping Huawei,ap-southeast-1,"Hong Kong, China",270.5
2025-12-16 20:22:09,cloudping Huawei,na-mexico-1,"Mexico City 1, Mexico",146
2025-12-16 20:22:09,cloudping Huawei,la-north-2,"Mexico City 2, Mexico",150
2025-12-16 20:22:09,cloudping Huawei,ap-southeast-3,Singapore,191.5
2025-12-16 20:22:09,cloudping Huawei,sa-brazil-1,"Sao Paulo, Brazil",228.5
2025-12-16 20:22:09,cloudping Huawei,af-south-1,"Johannesburg, South Africa",250.5
2025-12-16 20:22:09,cloudping Huawei,ap-southeast-2,"Bangkok, Thailand",258
2025-12-16 20:22:09,cloudping Huawei,la-south-2,"Santiago, Chile",266.5
2025-12-16 20:22:09,cloudping Huawei,ap-southeast-1,"Hong Kong, China",270.5
2025-12-16 20:22:09,cloudping Huawei,cn-north-1,Beijing 1,190.5
2025-12-16 20:22:09,cloudping Huawei,cn-east-2,Shanghai 2,206
2025-12-16 20:22:09,cloudping Huawei,cn-east-3,Shanghai 1,209
2025-12-16 20:22:09,cloudping Huawei,cn-south-1,Guangzhou,229.5
2025-12-16 20:22:09,cloudping Huawei,cn-southwest-2,Guiyang 1,265.5
2025-12-16 20:22:09,cloudping Huawei,cn-north-9,Wulanchabu,305.5
2025-12-16 20:22:09,cloudping Huawei,cn-north-4,Beijing 4,350
2025-12-16 20:48:10,cloudping Huawei,la-north-2,"Mexico City 2, Mexico",144
2025-12-16 20:48:10,cloudping Huawei,na-mexico-1,"Mexico City 1, Mexico",144
2025-12-16 20:48:10,cloudping Huawei,ap-southeast-3,Singapore,186.5
2025-12-16 20:48:10,cloudping Huawei,ap-southeast-1,"Hong Kong, China",220
2025-12-16 20:48:10,cloudping Huawei,la-south-2,"Santiago, Chile",228
2025-12-16 20:48:10,cloudping Huawei,sa-brazil-1,"Sao Paulo, Brazil",232.5
2025-12-16 20:48:10,cloudping Huawei,ap-southeast-2,"Bangkok, Thailand",237.5
2025-12-16 20:48:10,cloudping Huawei,af-south-1,"Johannesburg, South Africa",247
2025-12-16 20:48:10,cloudping Huawei,la-north-2,"Mexico City 2, Mexico",144
2025-12-16 20:48:10,cloudping Huawei,na-mexico-1,"Mexico City 1, Mexico",144
2025-12-16 20:48:10,cloudping Huawei,ap-southeast-3,Singapore,186.5
2025-12-16 20:48:10,cloudping Huawei,ap-southeast-1,"Hong Kong, China",220
2025-12-16 20:48:10,cloudping Huawei,la-south-2,"Santiago, Chile",228
2025-12-16 20:48:10,cloudping Huawei,sa-brazil-1,"Sao Paulo, Brazil",232.5
2025-12-16 20:48:10,cloudping Huawei,ap-southeast-2,"Bangkok, Thailand",237.5
2025-12-16 20:48:10,cloudping Huawei,af-south-1,"Johannesburg, South Africa",247
2025-12-16 20:48:10,cloudping Huawei,cn-east-2,Shanghai 2,208.5
2025-12-16 20:48:10,cloudping Huawei,cn-east-3,Shanghai 1,212.5
2025-12-16 20:48:10,cloudping Huawei,cn-north-1,Beijing 1,225.5
2025-12-16 20:48:10,cloudping Huawei,cn-north-9,Wulanchabu,234
2025-12-16 20:48:10,cloudping Huawei,cn-south-1,Guangzhou,254
2025-12-16 20:48:10,cloudping Huawei,cn-north-4,Beijing 4,261.5
2025-12-16 20:48:10,cloudping Huawei,cn-southwest-2,Guiyang 1,270.5
2025-12-16 21:14:11,cloudping Huawei,na-mexico-1,"Mexico City 1, Mexico",148
2025-12-16 21:14:11,cloudping Huawei,la-north-2,"Mexico City 2, Mexico",150
2025-12-16 21:14:11,cloudping Huawei,ap-southeast-3,Singapore,191.5
2025-12-16 21:14:11,cloudping Huawei,ap-southeast-1,"Hong Kong, China",219.5
2025-12-16 21:14:11,cloudping Huawei,sa-brazil-1,"Sao Paulo, Brazil",245
2025-12-16 21:14:11,cloudping Huawei,ap-southeast-2,"Bangkok, Thailand",258.5
2025-12-16 21:14:11,cloudping Huawei,af-south-1,"Johannesburg, South Africa",279.5
2025-12-16 21:14:11,cloudping Huawei,la-south-2,"Santiago, Chile",325.5
2025-12-16 21:14:11,cloudping Huawei,na-mexico-1,"Mexico City 1, Mexico",148
2025-12-16 21:14:11,cloudping Huawei,la-north-2,"Mexico City 2, Mexico",150
2025-12-16 21:14:11,cloudping Huawei,ap-southeast-3,Singapore,191.5
2025-12-16 21:14:11,cloudping Huawei,ap-southeast-1,"Hong Kong, China",219.5
2025-12-16 21:14:11,cloudping Huawei,sa-brazil-1,"Sao Paulo, Brazil",245
2025-12-16 21:14:11,cloudping Huawei,ap-southeast-2,"Bangkok, Thailand",258.5
2025-12-16 21:14:11,cloudping Huawei,af-south-1,"Johannesburg, South Africa",279.5
2025-12-16 21:14:11,cloudping Huawei,la-south-2,"Santiago, Chile",325.5
2025-12-16 21:14:11,cloudping Huawei,cn-east-3,Shanghai 1,206
2025-12-16 21:14:11,cloudping Huawei,cn-east-2,Shanghai 2,214.5
2025-12-16 21:14:11,cloudping Huawei,cn-north-1,Beijing 1,230.5
2025-12-16 21:14:11,cloudping Huawei,cn-southwest-2,Guiyang 1,252.5
2025-12-16 21:14:11,cloudping Huawei,cn-north-4,Beijing 4,264
2025-12-16 21:14:11,cloudping Huawei,cn-north-9,Wulanchabu,285
2025-12-16 21:14:11,cloudping Huawei,cn-south-1,Guangzhou,296
2025-12-16 21:40:18,cloudping Huawei,na-mexico-1,"Mexico City 1, Mexico",149
2025-12-16 21:40:18,cloudping Huawei,la-north-2,"Mexico City 2, Mexico",153
2025-12-16 21:40:18,cloudping Huawei,ap-southeast-3,Singapore,193
2025-12-16 21:40:18,cloudping Huawei,ap-southeast-1,"Hong Kong, China",220
2025-12-16 21:40:18,cloudping Huawei,sa-brazil-1,"Sao Paulo, Brazil",223
2025-12-16 21:40:18,cloudping Huawei,la-south-2,"Santiago, Chile",245
2025-12-16 21:40:18,cloudping Huawei,af-south-1,"Johannesburg, South Africa",248
2025-12-16 21:40:18,cloudping Huawei,ap-southeast-2,"Bangkok, Thailand",252
2025-12-16 21:40:18,cloudping Huawei,na-mexico-1,"Mexico City 1, Mexico",149
2025-12-16 21:40:18,cloudping Huawei,la-north-2,"Mexico City 2, Mexico",153
2025-12-16 21:40:18,cloudping Huawei,ap-southeast-3,Singapore,193
2025-12-16 21:40:18,cloudping Huawei,ap-southeast-1,"Hong Kong, China",220
2025-12-16 21:40:18,cloudping Huawei,sa-brazil-1,"Sao Paulo, Brazil",223
2025-12-16 21:40:18,cloudping Huawei,la-south-2,"Santiago, Chile",245
2025-12-16 21:40:18,cloudping Huawei,af-south-1,"Johannesburg, South Africa",248
2025-12-16 21:40:18,cloudping Huawei,ap-southeast-2,"Bangkok, Thailand",252
2025-12-16 21:40:18,cloudping Huawei,cn-east-2,Shanghai 2,212.5
2025-12-16 21:40:18,cloudping Huawei,cn-east-3,Shanghai 1,227
2025-12-16 21:40:18,cloudping Huawei,cn-south-1,Guangzhou,227.5
2025-12-16 21:40:18,cloudping Huawei,cn-southwest-2,Guiyang 1,255.5
2025-12-16 21:40:18,cloudping Huawei,cn-north-4,Beijing 4,436
2025-12-16 21:40:18,cloudping Huawei,cn-north-1,Beijing 1,508
2025-12-16 21:40:18,cloudping Huawei,cn-north-9,Wulanchabu,530.5
2025-12-16 22:06:11,cloudping Huawei,na-mexico-1,"Mexico City 1, Mexico",146
2025-12-16 22:06:11,cloudping Huawei,la-north-2,"Mexico City 2, Mexico",150
2025-12-16 22:06:11,cloudping Huawei,ap-southeast-3,Singapore,192
2025-12-16 22:06:11,cloudping Huawei,ap-southeast-1,"Hong Kong, China",217
2025-12-16 22:06:11,cloudping Huawei,sa-brazil-1,"Sao Paulo, Brazil",225
2025-12-16 22:06:11,cloudping Huawei,ap-southeast-2,"Bangkok, Thailand",236
2025-12-16 22:06:11,cloudping Huawei,af-south-1,"Johannesburg, South Africa",249
2025-12-16 22:06:11,cloudping Huawei,la-south-2,"Santiago, Chile",383.5
2025-12-16 22:06:11,cloudping Huawei,na-mexico-1,"Mexico City 1, Mexico",146
2025-12-16 22:06:11,cloudping Huawei,la-north-2,"Mexico City 2, Mexico",150
2025-12-16 22:06:11,cloudping Huawei,ap-southeast-3,Singapore,192
2025-12-16 22:06:11,cloudping Huawei,ap-southeast-1,"Hong Kong, China",217
2025-12-16 22:06:11,cloudping Huawei,sa-brazil-1,"Sao Paulo, Brazil",225
2025-12-16 22:06:11,cloudping Huawei,ap-southeast-2,"Bangkok, Thailand",236
2025-12-16 22:06:11,cloudping Huawei,af-south-1,"Johannesburg, South Africa",249
2025-12-16 22:06:11,cloudping Huawei,la-south-2,"Santiago, Chile",383.5
2025-12-16 22:06:11,cloudping Huawei,cn-east-2,Shanghai 2,215
2025-12-16 22:06:11,cloudping Huawei,cn-north-9,Wulanchabu,223
2025-12-16 22:06:11,cloudping Huawei,cn-north-1,Beijing 1,231.5
2025-12-16 22:06:11,cloudping Huawei,cn-south-1,Guangzhou,245
2025-12-16 22:06:11,cloudping Huawei,cn-east-3,Shanghai 1,278
2025-12-16 22:06:11,cloudping Huawei,cn-southwest-2,Guiyang 1,285
2025-12-16 22:06:11,cloudping Huawei,cn-north-4,Beijing 4,302
2025-12-16 22:32:13,cloudping Huawei,na-mexico-1,"Mexico City 1, Mexico",142
2025-12-16 22:32:13,cloudping Huawei,la-north-2,"Mexico City 2, Mexico",145.5
2025-12-16 22:32:13,cloudping Huawei,ap-southeast-3,Singapore,191
2025-12-16 22:32:13,cloudping Huawei,ap-southeast-1,"Hong Kong, China",214.5
2025-12-16 22:32:13,cloudping Huawei,af-south-1,"Johannesburg, South Africa",235.5
2025-12-16 22:32:13,cloudping Huawei,ap-southeast-2,"Bangkok, Thailand",239.5
2025-12-16 22:32:13,cloudping Huawei,la-south-2,"Santiago, Chile",240
2025-12-16 22:32:13,cloudping Huawei,sa-brazil-1,"Sao Paulo, Brazil",243
2025-12-16 22:32:13,cloudping Huawei,na-mexico-1,"Mexico City 1, Mexico",142
2025-12-16 22:32:13,cloudping Huawei,la-north-2,"Mexico City 2, Mexico",145.5
2025-12-16 22:32:13,cloudping Huawei,ap-southeast-3,Singapore,191
2025-12-16 22:32:13,cloudping Huawei,ap-southeast-1,"Hong Kong, China",214.5
2025-12-16 22:32:13,cloudping Huawei,af-south-1,"Johannesburg, South Africa",235.5
2025-12-16 22:32:13,cloudping Huawei,ap-southeast-2,"Bangkok, Thailand",239.5
2025-12-16 22:32:13,cloudping Huawei,la-south-2,"Santiago, Chile",240
2025-12-16 22:32:13,cloudping Huawei,sa-brazil-1,"Sao Paulo, Brazil",243
2025-12-16 22:32:13,cloudping Huawei,cn-north-1,Beijing 1,190.5
2025-12-16 22:32:13,cloudping Huawei,cn-east-2,Shanghai 2,208.5
2025-12-16 22:32:13,cloudping Huawei,cn-east-3,Shanghai 1,231
2025-12-16 22:32:13,cloudping Huawei,cn-south-1,Guangzhou,236.5
2025-12-16 22:32:13,cloudping Huawei,cn-north-4,Beijing 4,266.5
2025-12-16 22:32:13,cloudping Huawei,cn-southwest-2,Guiyang 1,270
2025-12-16 22:32:13,cloudping Huawei,cn-north-9,Wulanchabu,275.5
2025-12-16 22:58:13,cloudping Huawei,na-mexico-1,"Mexico City 1, Mexico",146.5
2025-12-16 22:58:13,cloudping Huawei,la-north-2,"Mexico City 2, Mexico",149.5
2025-12-16 22:58:13,cloudping Huawei,ap-southeast-3,Singapore,201
2025-12-16 22:58:13,cloudping Huawei,ap-southeast-1,"Hong Kong, China",216.5
2025-12-16 22:58:13,cloudping Huawei,sa-brazil-1,"Sao Paulo, Brazil",219
2025-12-16 22:58:13,cloudping Huawei,ap-southeast-2,"Bangkok, Thailand",226.5
2025-12-16 22:58:13,cloudping Huawei,af-south-1,"Johannesburg, South Africa",242
2025-12-16 22:58:13,cloudping Huawei,la-south-2,"Santiago, Chile",253
2025-12-16 22:58:13,cloudping Huawei,na-mexico-1,"Mexico City 1, Mexico",146.5
2025-12-16 22:58:13,cloudping Huawei,la-north-2,"Mexico City 2, Mexico",149.5
2025-12-16 22:58:13,cloudping Huawei,ap-southeast-3,Singapore,201
2025-12-16 22:58:13,cloudping Huawei,ap-southeast-1,"Hong Kong, China",216.5
2025-12-16 22:58:13,cloudping Huawei,sa-brazil-1,"Sao Paulo, Brazil",219
2025-12-16 22:58:13,cloudping Huawei,ap-southeast-2,"Bangkok, Thailand",226.5
2025-12-16 22:58:13,cloudping Huawei,af-south-1,"Johannesburg, South Africa",242
2025-12-16 22:58:13,cloudping Huawei,la-south-2,"Santiago, Chile",253
2025-12-16 22:58:13,cloudping Huawei,cn-east-3,Shanghai 1,202.5
2025-12-16 22:58:13,cloudping Huawei,cn-east-2,Shanghai 2,205
2025-12-16 22:58:13,cloudping Huawei,cn-south-1,Guangzhou,232.5
2025-12-16 22:58:13,cloudping Huawei,cn-north-9,Wulanchabu,234
2025-12-16 22:58:13,cloudping Huawei,cn-southwest-2,Guiyang 1,242
2025-12-16 22:58:13,cloudping Huawei,cn-north-4,Beijing 4,257
2025-12-16 22:58:13,cloudping Huawei,cn-north-1,Beijing 1,289
2025-12-16 23:24:13,cloudping Huawei,la-north-2,"Mexico City 2, Mexico",149.5
2025-12-16 23:24:13,cloudping Huawei,na-mexico-1,"Mexico City 1, Mexico",152.5
2025-12-16 23:24:13,cloudping Huawei,ap-southeast-3,Singapore,192
2025-12-16 23:24:13,cloudping Huawei,sa-brazil-1,"Sao Paulo, Brazil",227
2025-12-16 23:24:13,cloudping Huawei,af-south-1,"Johannesburg, South Africa",227.5
2025-12-16 23:24:13,cloudping Huawei,ap-southeast-1,"Hong Kong, China",230.5
2025-12-16 23:24:13,cloudping Huawei,ap-southeast-2,"Bangkok, Thailand",236.5
2025-12-16 23:24:13,cloudping Huawei,la-south-2,"Santiago, Chile",248
2025-12-16 23:24:13,cloudping Huawei,la-north-2,"Mexico City 2, Mexico",149.5
2025-12-16 23:24:13,cloudping Huawei,na-mexico-1,"Mexico City 1, Mexico",152.5
2025-12-16 23:24:13,cloudping Huawei,ap-southeast-3,Singapore,192
2025-12-16 23:24:13,cloudping Huawei,sa-brazil-1,"Sao Paulo, Brazil",227
2025-12-16 23:24:13,cloudping Huawei,af-south-1,"Johannesburg, South Africa",227.5
2025-12-16 23:24:13,cloudping Huawei,ap-southeast-1,"Hong Kong, China",230.5
2025-12-16 23:24:13,cloudping Huawei,ap-southeast-2,"Bangkok, Thailand",236.5
2025-12-16 23:24:13,cloudping Huawei,la-south-2,"Santiago, Chile",248
2025-12-16 23:24:13,cloudping Huawei,cn-east-2,Shanghai 2,227
2025-12-16 23:24:13,cloudping Huawei,cn-east-3,Shanghai 1,242
2025-12-16 23:24:13,cloudping Huawei,cn-southwest-2,Guiyang 1,265.5
2025-12-16 23:24:13,cloudping Huawei,cn-north-4,Beijing 4,430.5
2025-12-16 23:24:13,cloudping Huawei,cn-south-1,Guangzhou,468
2025-12-16 23:24:13,cloudping Huawei,cn-north-9,Wulanchabu,473.5
2025-12-16 23:24:13,cloudping Huawei,cn-north-1,Beijing 1,480
2025-12-16 23:50:12,cloudping Huawei,na-mexico-1,"Mexico City 1, Mexico",145
2025-12-16 23:50:12,cloudping Huawei,la-north-2,"Mexico City 2, Mexico",151
2025-12-16 23:50:12,cloudping Huawei,ap-southeast-3,Singapore,193.5
2025-12-16 23:50:12,cloudping Huawei,ap-southeast-1,"Hong Kong, China",226.5
2025-12-16 23:50:12,cloudping Huawei,sa-brazil-1,"Sao Paulo, Brazil",229.5
2025-12-16 23:50:12,cloudping Huawei,af-south-1,"Johannesburg, South Africa",232.5
2025-12-16 23:50:12,cloudping Huawei,ap-southeast-2,"Bangkok, Thailand",240
2025-12-16 23:50:12,cloudping Huawei,la-south-2,"Santiago, Chile",371
2025-12-16 23:50:12,cloudping Huawei,na-mexico-1,"Mexico City 1, Mexico",145
2025-12-16 23:50:12,cloudping Huawei,la-north-2,"Mexico City 2, Mexico",151
2025-12-16 23:50:12,cloudping Huawei,ap-southeast-3,Singapore,193.5
2025-12-16 23:50:12,cloudping Huawei,ap-southeast-1,"Hong Kong, China",226.5
2025-12-16 23:50:12,cloudping Huawei,sa-brazil-1,"Sao Paulo, Brazil",229.5
2025-12-16 23:50:12,cloudping Huawei,af-south-1,"Johannesburg, South Africa",232.5
2025-12-16 23:50:12,cloudping Huawei,ap-southeast-2,"Bangkok, Thailand",240
2025-12-16 23:50:12,cloudping Huawei,la-south-2,"Santiago, Chile",371
2025-12-16 23:50:12,cloudping Huawei,cn-east-2,Shanghai 2,297.5
2025-12-16 23:50:12,cloudping Huawei,cn-south-1,Guangzhou,464.5
2025-12-16 23:50:12,cloudping Huawei,cn-north-1,Beijing 1,468.5
2025-12-16 23:50:12,cloudping Huawei,cn-north-9,Wulanchabu,504
2025-12-16 23:50:12,cloudping Huawei,cn-north-4,Beijing 4,508
2025-12-16 23:50:12,cloudping Huawei,cn-southwest-2,Guiyang 1,514.5
2025-12-16 23:50:12,cloudping Huawei,cn-east-3,Shanghai 1,538.5
2025-12-17 00:16:13,cloudping Huawei,la-north-2,"Mexico City 2, Mexico",145.5
2025-12-17 00:16:13,cloudping Huawei,na-mexico-1,"Mexico City 1, Mexico",148.5
2025-12-17 00:16:13,cloudping Huawei,ap-southeast-3,Singapore,188
2025-12-17 00:16:13,cloudping Huawei,ap-southeast-1,"Hong Kong, China",213
2025-12-17 00:16:13,cloudping Huawei,sa-brazil-1,"Sao Paulo, Brazil",222.5
2025-12-17 00:16:13,cloudping Huawei,af-south-1,"Johannesburg, South Africa",228
2025-12-17 00:16:13,cloudping Huawei,ap-southeast-2,"Bangkok, Thailand",232.5
2025-12-17 00:16:13,cloudping Huawei,la-south-2,"Santiago, Chile",254
2025-12-17 00:16:13,cloudping Huawei,la-north-2,"Mexico City 2, Mexico",145.5
2025-12-17 00:16:13,cloudping Huawei,na-mexico-1,"Mexico City 1, Mexico",148.5
2025-12-17 00:16:13,cloudping Huawei,ap-southeast-3,Singapore,188
2025-12-17 00:16:13,cloudping Huawei,ap-southeast-1,"Hong Kong, China",213
2025-12-17 00:16:13,cloudping Huawei,sa-brazil-1,"Sao Paulo, Brazil",222.5
2025-12-17 00:16:13,cloudping Huawei,af-south-1,"Johannesburg, South Africa",228
2025-12-17 00:16:13,cloudping Huawei,ap-southeast-2,"Bangkok, Thailand",232.5
2025-12-17 00:16:13,cloudping Huawei,la-south-2,"Santiago, Chile",254
2025-12-17 00:16:13,cloudping Huawei,cn-north-1,Beijing 1,184
2025-12-17 00:16:13,cloudping Huawei,cn-east-3,Shanghai 1,201
2025-12-17 00:16:13,cloudping Huawei,cn-east-2,Shanghai 2,213
2025-12-17 00:16:13,cloudping Huawei,cn-south-1,Guangzhou,226
2025-12-17 00:16:13,cloudping Huawei,cn-southwest-2,Guiyang 1,248
2025-12-17 00:16:13,cloudping Huawei,cn-north-4,Beijing 4,271
2025-12-17 00:16:13,cloudping Huawei,cn-north-9,Wulanchabu,275.5
2025-12-17 00:42:14,cloudping Huawei,na-mexico-1,"Mexico City 1, Mexico",149
2025-12-17 00:42:14,cloudping Huawei,la-north-2,"Mexico City 2, Mexico",189.5
2025-12-17 00:42:14,cloudping Huawei,ap-southeast-1,"Hong Kong, China",218
2025-12-17 00:42:14,cloudping Huawei,sa-brazil-1,"Sao Paulo, Brazil",223.5
2025-12-17 00:42:14,cloudping Huawei,ap-southeast-2,"Bangkok, Thailand",230.5
2025-12-17 00:42:14,cloudping Huawei,la-south-2,"Santiago, Chile",237
2025-12-17 00:42:14,cloudping Huawei,af-south-1,"Johannesburg, South Africa",245
2025-12-17 00:42:14,cloudping Huawei,ap-southeast-3,Singapore,272.5
2025-12-17 00:42:14,cloudping Huawei,na-mexico-1,"Mexico City 1, Mexico",149
2025-12-17 00:42:14,cloudping Huawei,la-north-2,"Mexico City 2, Mexico",189.5
2025-12-17 00:42:14,cloudping Huawei,ap-southeast-1,"Hong Kong, China",218
2025-12-17 00:42:14,cloudping Huawei,sa-brazil-1,"Sao Paulo, Brazil",223.5
2025-12-17 00:42:14,cloudping Huawei,ap-southeast-2,"Bangkok, Thailand",230.5
2025-12-17 00:42:14,cloudping Huawei,la-south-2,"Santiago, Chile",237
2025-12-17 00:42:14,cloudping Huawei,af-south-1,"Johannesburg, South Africa",245
2025-12-17 00:42:14,cloudping Huawei,ap-southeast-3,Singapore,272.5
2025-12-17 00:42:14,cloudping Huawei,cn-north-4,Beijing 4,225.5
2025-12-17 00:42:14,cloudping Huawei,cn-north-1,Beijing 1,230.5
2025-12-17 00:42:14,cloudping Huawei,cn-north-9,Wulanchabu,319.5
2025-12-17 00:42:14,cloudping Huawei,cn-east-3,Shanghai 1,458.5
2025-12-17 00:42:14,cloudping Huawei,cn-south-1,Guangzhou,486.5
2025-12-17 00:42:14,cloudping Huawei,cn-east-2,Shanghai 2,499
2025-12-17 00:42:14,cloudping Huawei,cn-southwest-2,Guiyang 1,512.5
2025-12-17 01:08:16,cloudping Huawei,la-north-2,"Mexico City 2, Mexico",143.5
2025-12-17 01:08:16,cloudping Huawei,na-mexico-1,"Mexico City 1, Mexico",149.5
2025-12-17 01:08:16,cloudping Huawei,ap-southeast-1,"Hong Kong, China",215.5
2025-12-17 01:08:16,cloudping Huawei,ap-southeast-3,Singapore,216.5
2025-12-17 01:08:16,cloudping Huawei,sa-brazil-1,"Sao Paulo, Brazil",223.5
2025-12-17 01:08:16,cloudping Huawei,ap-southeast-2,"Bangkok, Thailand",238.5
2025-12-17 01:08:16,cloudping Huawei,la-south-2,"Santiago, Chile",289
2025-12-17 01:08:16,cloudping Huawei,af-south-1,"Johannesburg, South Africa",295
2025-12-17 01:08:16,cloudping Huawei,la-north-2,"Mexico City 2, Mexico",143.5
2025-12-17 01:08:16,cloudping Huawei,na-mexico-1,"Mexico City 1, Mexico",149.5
2025-12-17 01:08:16,cloudping Huawei,ap-southeast-1,"Hong Kong, China",215.5
2025-12-17 01:08:16,cloudping Huawei,ap-southeast-3,Singapore,216.5
2025-12-17 01:08:16,cloudping Huawei,sa-brazil-1,"Sao Paulo, Brazil",223.5
2025-12-17 01:08:16,cloudping Huawei,ap-southeast-2,"Bangkok, Thailand",238.5
2025-12-17 01:08:16,cloudping Huawei,la-south-2,"Santiago, Chile",289
2025-12-17 01:08:16,cloudping Huawei,af-south-1,"Johannesburg, South Africa",295
2025-12-17 01:08:16,cloudping Huawei,cn-east-2,Shanghai 2,200.5
2025-12-17 01:08:16,cloudping Huawei,cn-east-3,Shanghai 1,212
2025-12-17 01:08:16,cloudping Huawei,cn-southwest-2,Guiyang 1,256
2025-12-17 01:08:16,cloudping Huawei,cn-south-1,Guangzhou,261
2025-12-17 01:08:16,cloudping Huawei,cn-north-9,Wulanchabu,292.5
2025-12-17 01:08:16,cloudping Huawei,cn-north-1,Beijing 1,432.5
2025-12-17 01:08:16,cloudping Huawei,cn-north-4,Beijing 4,508
2025-12-17 01:34:14,cloudping Huawei,na-mexico-1,"Mexico City 1, Mexico",146
2025-12-17 01:34:14,cloudping Huawei,la-north-2,"Mexico City 2, Mexico",151
2025-12-17 01:34:14,cloudping Huawei,ap-southeast-3,Singapore,191.5
2025-12-17 01:34:14,cloudping Huawei,ap-southeast-1,"Hong Kong, China",212.5
2025-12-17 01:34:14,cloudping Huawei,sa-brazil-1,"Sao Paulo, Brazil",217.5
2025-12-17 01:34:14,cloudping Huawei,ap-southeast-2,"Bangkok, Thailand",235
2025-12-17 01:34:14,cloudping Huawei,la-south-2,"Santiago, Chile",237.5
2025-12-17 01:34:14,cloudping Huawei,af-south-1,"Johannesburg, South Africa",279.5
2025-12-17 01:34:14,cloudping Huawei,na-mexico-1,"Mexico City 1, Mexico",146
2025-12-17 01:34:14,cloudping Huawei,la-north-2,"Mexico City 2, Mexico",151
2025-12-17 01:34:14,cloudping Huawei,ap-southeast-3,Singapore,191.5
2025-12-17 01:34:14,cloudping Huawei,ap-southeast-1,"Hong Kong, China",212.5
2025-12-17 01:34:14,cloudping Huawei,sa-brazil-1,"Sao Paulo, Brazil",217.5
2025-12-17 01:34:14,cloudping Huawei,ap-southeast-2,"Bangkok, Thailand",235
2025-12-17 01:34:14,cloudping Huawei,la-south-2,"Santiago, Chile",237.5
2025-12-17 01:34:14,cloudping Huawei,af-south-1,"Johannesburg, South Africa",279.5
2025-12-17 01:34:14,cloudping Huawei,cn-east-3,Shanghai 1,214
2025-12-17 01:34:14,cloudping Huawei,cn-east-2,Shanghai 2,230
2025-12-17 01:34:14,cloudping Huawei,cn-north-1,Beijing 1,232.5
2025-12-17 01:34:14,cloudping Huawei,cn-north-4,Beijing 4,262
2025-12-17 01:34:14,cloudping Huawei,cn-south-1,Guangzhou,268
2025-12-17 01:34:14,cloudping Huawei,cn-southwest-2,Guiyang 1,268.5
2025-12-17 01:34:14,cloudping Huawei,cn-north-9,Wulanchabu,281.5
2025-12-17 02:00:14,cloudping Huawei,na-mexico-1,"Mexico City 1, Mexico",149.5
2025-12-17 02:00:14,cloudping Huawei,ap-southeast-3,Singapore,185
2025-12-17 02:00:14,cloudping Huawei,la-north-2,"Mexico City 2, Mexico",185
2025-12-17 02:00:14,cloudping Huawei,ap-southeast-1,"Hong Kong, China",229.5
2025-12-17 02:00:14,cloudping Huawei,sa-brazil-1,"Sao Paulo, Brazil",230.5
2025-12-17 02:00:14,cloudping Huawei,ap-southeast-2,"Bangkok, Thailand",234.5
2025-12-17 02:00:14,cloudping Huawei,la-south-2,"Santiago, Chile",235
2025-12-17 02:00:14,cloudping Huawei,af-south-1,"Johannesburg, South Africa",267.5
2025-12-17 02:00:14,cloudping Huawei,na-mexico-1,"Mexico City 1, Mexico",149.5
2025-12-17 02:00:14,cloudping Huawei,ap-southeast-3,Singapore,185
2025-12-17 02:00:14,cloudping Huawei,la-north-2,"Mexico City 2, Mexico",185
2025-12-17 02:00:14,cloudping Huawei,ap-southeast-1,"Hong Kong, China",229.5
2025-12-17 02:00:14,cloudping Huawei,sa-brazil-1,"Sao Paulo, Brazil",230.5
2025-12-17 02:00:14,cloudping Huawei,ap-southeast-2,"Bangkok, Thailand",234.5
2025-12-17 02:00:14,cloudping Huawei,la-south-2,"Santiago, Chile",235
2025-12-17 02:00:14,cloudping Huawei,af-south-1,"Johannesburg, South Africa",267.5
2025-12-17 02:00:14,cloudping Huawei,cn-east-2,Shanghai 2,216.5
2025-12-17 02:00:14,cloudping Huawei,cn-south-1,Guangzhou,218.5
2025-12-17 02:00:14,cloudping Huawei,cn-southwest-2,Guiyang 1,241
2025-12-17 02:00:14,cloudping Huawei,cn-east-3,Shanghai 1,256.5
2025-12-17 02:00:14,cloudping Huawei,cn-north-1,Beijing 1,470
2025-12-17 02:00:14,cloudping Huawei,cn-north-9,Wulanchabu,518.5
2025-12-17 02:00:14,cloudping Huawei,cn-north-4,Beijing 4,590
2025-12-17 02:26:14,cloudping Huawei,na-mexico-1,"Mexico City 1, Mexico",146.5
2025-12-17 02:26:14,cloudping Huawei,la-north-2,"Mexico City 2, Mexico",152
2025-12-17 02:26:14,cloudping Huawei,ap-southeast-3,Singapore,192.5
2025-12-17 02:26:14,cloudping Huawei,ap-southeast-1,"Hong Kong, China",216
2025-12-17 02:26:14,cloudping Huawei,sa-brazil-1,"Sao Paulo, Brazil",224.5
2025-12-17 02:26:14,cloudping Huawei,ap-southeast-2,"Bangkok, Thailand",240
2025-12-17 02:26:14,cloudping Huawei,la-south-2,"Santiago, Chile",291.5
2025-12-17 02:26:14,cloudping Huawei,af-south-1,"Johannesburg, South Africa",344.5
2025-12-17 02:26:14,cloudping Huawei,na-mexico-1,"Mexico City 1, Mexico",146.5
2025-12-17 02:26:14,cloudping Huawei,la-north-2,"Mexico City 2, Mexico",152
2025-12-17 02:26:14,cloudping Huawei,ap-southeast-3,Singapore,192.5
2025-12-17 02:26:14,cloudping Huawei,ap-southeast-1,"Hong Kong, China",216
2025-12-17 02:26:14,cloudping Huawei,sa-brazil-1,"Sao Paulo, Brazil",224.5
2025-12-17 02:26:14,cloudping Huawei,ap-southeast-2,"Bangkok, Thailand",240
2025-12-17 02:26:14,cloudping Huawei,la-south-2,"Santiago, Chile",291.5
2025-12-17 02:26:14,cloudping Huawei,af-south-1,"Johannesburg, South Africa",344.5
2025-12-17 02:26:14,cloudping Huawei,cn-east-2,Shanghai 2,201
2025-12-17 02:26:14,cloudping Huawei,cn-north-1,Beijing 1,203.5
2025-12-17 02:26:14,cloudping Huawei,cn-east-3,Shanghai 1,219.5
2025-12-17 02:26:14,cloudping Huawei,cn-south-1,Guangzhou,226
2025-12-17 02:26:14,cloudping Huawei,cn-north-9,Wulanchabu,263
2025-12-17 02:26:14,cloudping Huawei,cn-southwest-2,Guiyang 1,266
2025-12-17 02:26:14,cloudping Huawei,cn-north-4,Beijing 4,560.5
2025-12-17 02:52:15,cloudping Huawei,la-north-2,"Mexico City 2, Mexico",146
2025-12-17 02:52:15,cloudping Huawei,na-mexico-1,"Mexico City 1, Mexico",146.5
2025-12-17 02:52:15,cloudping Huawei,ap-southeast-3,Singapore,197
2025-12-17 02:52:15,cloudping Huawei,ap-southeast-1,"Hong Kong, China",216
2025-12-17 02:52:15,cloudping Huawei,sa-brazil-1,"Sao Paulo, Brazil",228
2025-12-17 02:52:15,cloudping Huawei,af-south-1,"Johannesburg, South Africa",235.5
2025-12-17 02:52:15,cloudping Huawei,la-south-2,"Santiago, Chile",244
2025-12-17 02:52:15,cloudping Huawei,ap-southeast-2,"Bangkok, Thailand",250
2025-12-17 02:52:15,cloudping Huawei,la-north-2,"Mexico City 2, Mexico",146
2025-12-17 02:52:15,cloudping Huawei,na-mexico-1,"Mexico City 1, Mexico",146.5
2025-12-17 02:52:15,cloudping Huawei,ap-southeast-3,Singapore,197
2025-12-17 02:52:15,cloudping Huawei,ap-southeast-1,"Hong Kong, China",216
2025-12-17 02:52:15,cloudping Huawei,sa-brazil-1,"Sao Paulo, Brazil",228
2025-12-17 02:52:15,cloudping Huawei,af-south-1,"Johannesburg, South Africa",235.5
2025-12-17 02:52:15,cloudping Huawei,la-south-2,"Santiago, Chile",244
2025-12-17 02:52:15,cloudping Huawei,ap-southeast-2,"Bangkok, Thailand",250
2025-12-17 02:52:15,cloudping Huawei,cn-north-1,Beijing 1,224.5
2025-12-17 02:52:15,cloudping Huawei,cn-north-4,Beijing 4,251.5
2025-12-17 02:52:15,cloudping Huawei,cn-east-3,Shanghai 1,254.5
2025-12-17 02:52:15,cloudping Huawei,cn-south-1,Guangzhou,263.5
2025-12-17 02:52:15,cloudping Huawei,cn-north-9,Wulanchabu,276.5
2025-12-17 02:52:15,cloudping Huawei,cn-southwest-2,Guiyang 1,299
2025-12-17 02:52:15,cloudping Huawei,cn-east-2,Shanghai 2,524
2025-12-17 03:18:15,cloudping Huawei,la-north-2,"Mexico City 2, Mexico",145.5
2025-12-17 03:18:15,cloudping Huawei,na-mexico-1,"Mexico City 1, Mexico",153
2025-12-17 03:18:15,cloudping Huawei,ap-southeast-3,Singapore,187
2025-12-17 03:18:15,cloudping Huawei,ap-southeast-1,"Hong Kong, China",209
2025-12-17 03:18:15,cloudping Huawei,sa-brazil-1,"Sao Paulo, Brazil",225
2025-12-17 03:18:15,cloudping Huawei,la-south-2,"Santiago, Chile",239.5
2025-12-17 03:18:15,cloudping Huawei,af-south-1,"Johannesburg, South Africa",241
2025-12-17 03:18:15,cloudping Huawei,ap-southeast-2,"Bangkok, Thailand",255.5
2025-12-17 03:18:15,cloudping Huawei,la-north-2,"Mexico City 2, Mexico",145.5
2025-12-17 03:18:15,cloudping Huawei,na-mexico-1,"Mexico City 1, Mexico",153
2025-12-17 03:18:15,cloudping Huawei,ap-southeast-3,Singapore,187
2025-12-17 03:18:15,cloudping Huawei,ap-southeast-1,"Hong Kong, China",209
2025-12-17 03:18:15,cloudping Huawei,sa-brazil-1,"Sao Paulo, Brazil",225
2025-12-17 03:18:15,cloudping Huawei,la-south-2,"Santiago, Chile",239.5
2025-12-17 03:18:15,cloudping Huawei,af-south-1,"Johannesburg, South Africa",241
2025-12-17 03:18:15,cloudping Huawei,ap-southeast-2,"Bangkok, Thailand",255.5
2025-12-17 03:18:15,cloudping Huawei,cn-east-2,Shanghai 2,207.5
2025-12-17 03:18:15,cloudping Huawei,cn-north-4,Beijing 4,223
2025-12-17 03:18:15,cloudping Huawei,cn-north-1,Beijing 1,230.5
2025-12-17 03:18:15,cloudping Huawei,cn-east-3,Shanghai 1,231
2025-12-17 03:18:15,cloudping Huawei,cn-south-1,Guangzhou,254.5
2025-12-17 03:18:15,cloudping Huawei,cn-southwest-2,Guiyang 1,273.5
2025-12-17 03:18:15,cloudping Huawei,cn-north-9,Wulanchabu,304
2025-12-17 03:44:15,cloudping Huawei,na-mexico-1,"Mexico City 1, Mexico",144.5
2025-12-17 03:44:15,cloudping Huawei,la-north-2,"Mexico City 2, Mexico",175.5
2025-12-17 03:44:15,cloudping Huawei,ap-southeast-3,Singapore,193.5
2025-12-17 03:44:15,cloudping Huawei,sa-brazil-1,"Sao Paulo, Brazil",226
2025-12-17 03:44:15,cloudping Huawei,ap-southeast-1,"Hong Kong, China",232
2025-12-17 03:44:15,cloudping Huawei,af-south-1,"Johannesburg, South Africa",233
2025-12-17 03:44:15,cloudping Huawei,ap-southeast-2,"Bangkok, Thailand",241
2025-12-17 03:44:15,cloudping Huawei,la-south-2,"Santiago, Chile",244.5
2025-12-17 03:44:15,cloudping Huawei,na-mexico-1,"Mexico City 1, Mexico",144.5
2025-12-17 03:44:15,cloudping Huawei,la-north-2,"Mexico City 2, Mexico",175.5
2025-12-17 03:44:15,cloudping Huawei,ap-southeast-3,Singapore,193.5
2025-12-17 03:44:15,cloudping Huawei,sa-brazil-1,"Sao Paulo, Brazil",226
2025-12-17 03:44:15,cloudping Huawei,ap-southeast-1,"Hong Kong, China",232
2025-12-17 03:44:15,cloudping Huawei,af-south-1,"Johannesburg, South Africa",233
2025-12-17 03:44:15,cloudping Huawei,ap-southeast-2,"Bangkok, Thailand",241
2025-12-17 03:44:15,cloudping Huawei,la-south-2,"Santiago, Chile",244.5
2025-12-17 03:44:15,cloudping Huawei,cn-east-2,Shanghai 2,221.5
2025-12-17 03:44:15,cloudping Huawei,cn-east-3,Shanghai 1,260.5
2025-12-17 03:44:15,cloudping Huawei,cn-southwest-2,Guiyang 1,286.5
2025-12-17 03:44:15,cloudping Huawei,cn-north-1,Beijing 1,401.5
2025-12-17 03:44:15,cloudping Huawei,cn-south-1,Guangzhou,454
2025-12-17 03:44:15,cloudping Huawei,cn-north-4,Beijing 4,465
2025-12-17 03:44:15,cloudping Huawei,cn-north-9,Wulanchabu,548.5
2025-12-17 04:10:16,cloudping Huawei,la-north-2,"Mexico City 2, Mexico",153
2025-12-17 04:10:16,cloudping Huawei,na-mexico-1,"Mexico City 1, Mexico",168.5
2025-12-17 04:10:16,cloudping Huawei,ap-southeast-3,Singapore,190.5
2025-12-17 04:10:16,cloudping Huawei,ap-southeast-1,"Hong Kong, China",220.5
2025-12-17 04:10:16,cloudping Huawei,la-south-2,"Santiago, Chile",237.5
2025-12-17 04:10:16,cloudping Huawei,ap-southeast-2,"Bangkok, Thailand",243
2025-12-17 04:10:16,cloudping Huawei,af-south-1,"Johannesburg, South Africa",244.5
2025-12-17 04:10:16,cloudping Huawei,sa-brazil-1,"Sao Paulo, Brazil",300.5
2025-12-17 04:10:16,cloudping Huawei,la-north-2,"Mexico City 2, Mexico",153
2025-12-17 04:10:16,cloudping Huawei,na-mexico-1,"Mexico City 1, Mexico",168.5
2025-12-17 04:10:16,cloudping Huawei,ap-southeast-3,Singapore,190.5
2025-12-17 04:10:16,cloudping Huawei,ap-southeast-1,"Hong Kong, China",220.5
2025-12-17 04:10:16,cloudping Huawei,la-south-2,"Santiago, Chile",237.5
2025-12-17 04:10:16,cloudping Huawei,ap-southeast-2,"Bangkok, Thailand",243
2025-12-17 04:10:16,cloudping Huawei,af-south-1,"Johannesburg, South Africa",244.5
2025-12-17 04:10:16,cloudping Huawei,sa-brazil-1,"Sao Paulo, Brazil",300.5
2025-12-17 04:10:16,cloudping Huawei,cn-east-2,Shanghai 2,198.5
2025-12-17 04:10:16,cloudping Huawei,cn-east-3,Shanghai 1,205.5
2025-12-17 04:10:16,cloudping Huawei,cn-north-9,Wulanchabu,222.5
2025-12-17 04:10:16,cloudping Huawei,cn-north-4,Beijing 4,227.5
2025-12-17 04:10:16,cloudping Huawei,cn-north-1,Beijing 1,229.5
2025-12-17 04:10:16,cloudping Huawei,cn-southwest-2,Guiyang 1,263
2025-12-17 04:10:16,cloudping Huawei,cn-south-1,Guangzhou,545
2025-12-17 04:36:17,cloudping Huawei,na-mexico-1,"Mexico City 1, Mexico",146
2025-12-17 04:36:17,cloudping Huawei,la-north-2,"Mexico City 2, Mexico",150.5
2025-12-17 04:36:17,cloudping Huawei,ap-southeast-1,"Hong Kong, China",216.5
2025-12-17 04:36:17,cloudping Huawei,ap-southeast-3,Singapore,220.5
2025-12-17 04:36:17,cloudping Huawei,sa-brazil-1,"Sao Paulo, Brazil",230
2025-12-17 04:36:17,cloudping Huawei,ap-southeast-2,"Bangkok, Thailand",235.5
2025-12-17 04:36:17,cloudping Huawei,la-south-2,"Santiago, Chile",246.5
2025-12-17 04:36:17,cloudping Huawei,af-south-1,"Johannesburg, South Africa",316.5
2025-12-17 04:36:17,cloudping Huawei,na-mexico-1,"Mexico City 1, Mexico",146
2025-12-17 04:36:17,cloudping Huawei,la-north-2,"Mexico City 2, Mexico",150.5
2025-12-17 04:36:17,cloudping Huawei,ap-southeast-1,"Hong Kong, China",216.5
2025-12-17 04:36:17,cloudping Huawei,ap-southeast-3,Singapore,220.5
2025-12-17 04:36:17,cloudping Huawei,sa-brazil-1,"Sao Paulo, Brazil",230
2025-12-17 04:36:17,cloudping Huawei,ap-southeast-2,"Bangkok, Thailand",235.5
2025-12-17 04:36:17,cloudping Huawei,la-south-2,"Santiago, Chile",246.5
2025-12-17 04:36:17,cloudping Huawei,af-south-1,"Johannesburg, South Africa",316.5
2025-12-17 04:36:17,cloudping Huawei,cn-east-2,Shanghai 2,207.5
2025-12-17 04:36:17,cloudping Huawei,cn-east-3,Shanghai 1,221
2025-12-17 04:36:17,cloudping Huawei,cn-southwest-2,Guiyang 1,262
2025-12-17 04:36:17,cloudping Huawei,cn-south-1,Guangzhou,472.5
2025-12-17 04:36:17,cloudping Huawei,cn-north-4,Beijing 4,515
2025-12-17 04:36:17,cloudping Huawei,cn-north-9,Wulanchabu,525
2025-12-17 04:36:17,cloudping Huawei,cn-north-1,Beijing 1,721
2025-12-17 05:02:17,cloudping Huawei,la-north-2,"Mexico City 2, Mexico",144
2025-12-17 05:02:17,cloudping Huawei,na-mexico-1,"Mexico City 1, Mexico",146
2025-12-17 05:02:17,cloudping Huawei,ap-southeast-3,Singapore,192.5
2025-12-17 05:02:17,cloudping Huawei,ap-southeast-1,"Hong Kong, China",220
2025-12-17 05:02:17,cloudping Huawei,sa-brazil-1,"Sao Paulo, Brazil",224.5
2025-12-17 05:02:17,cloudping Huawei,ap-southeast-2,"Bangkok, Thailand",240.5
2025-12-17 05:02:17,cloudping Huawei,af-south-1,"Johannesburg, South Africa",248
2025-12-17 05:02:17,cloudping Huawei,la-south-2,"Santiago, Chile",306
2025-12-17 05:02:17,cloudping Huawei,la-north-2,"Mexico City 2, Mexico",144
2025-12-17 05:02:17,cloudping Huawei,na-mexico-1,"Mexico City 1, Mexico",146
2025-12-17 05:02:17,cloudping Huawei,ap-southeast-3,Singapore,192.5
2025-12-17 05:02:17,cloudping Huawei,ap-southeast-1,"Hong Kong, China",220
2025-12-17 05:02:17,cloudping Huawei,sa-brazil-1,"Sao Paulo, Brazil",224.5
2025-12-17 05:02:17,cloudping Huawei,ap-southeast-2,"Bangkok, Thailand",240.5
2025-12-17 05:02:17,cloudping Huawei,af-south-1,"Johannesburg, South Africa",248
2025-12-17 05:02:17,cloudping Huawei,la-south-2,"Santiago, Chile",306
2025-12-17 05:02:17,cloudping Huawei,cn-east-3,Shanghai 1,433
2025-12-17 05:02:17,cloudping Huawei,cn-east-2,Shanghai 2,451.5
2025-12-17 05:02:17,cloudping Huawei,cn-north-1,Beijing 1,488.5
2025-12-17 05:02:17,cloudping Huawei,cn-south-1,Guangzhou,491
2025-12-17 05:02:17,cloudping Huawei,cn-southwest-2,Guiyang 1,498
2025-12-17 05:02:17,cloudping Huawei,cn-north-4,Beijing 4,541
2025-12-17 05:02:17,cloudping Huawei,cn-north-9,Wulanchabu,546.5
2025-12-17 05:28:17,cloudping Huawei,la-north-2,"Mexico City 2, Mexico",145
2025-12-17 05:28:17,cloudping Huawei,ap-southeast-1,"Hong Kong, China",220
2025-12-17 05:28:17,cloudping Huawei,la-south-2,"Santiago, Chile",231
2025-12-17 05:28:17,cloudping Huawei,ap-southeast-3,Singapore,234
2025-12-17 05:28:17,cloudping Huawei,ap-southeast-2,"Bangkok, Thailand",242
2025-12-17 05:28:17,cloudping Huawei,af-south-1,"Johannesburg, South Africa",243.5
2025-12-17 05:28:17,cloudping Huawei,sa-brazil-1,"Sao Paulo, Brazil",246
2025-12-17 05:28:17,cloudping Huawei,na-mexico-1,"Mexico City 1, Mexico",386
2025-12-17 05:28:17,cloudping Huawei,la-north-2,"Mexico City 2, Mexico",145
2025-12-17 05:28:17,cloudping Huawei,ap-southeast-1,"Hong Kong, China",220
2025-12-17 05:28:17,cloudping Huawei,la-south-2,"Santiago, Chile",231
2025-12-17 05:28:17,cloudping Huawei,ap-southeast-3,Singapore,234
2025-12-17 05:28:17,cloudping Huawei,ap-southeast-2,"Bangkok, Thailand",242
2025-12-17 05:28:17,cloudping Huawei,af-south-1,"Johannesburg, South Africa",243.5
2025-12-17 05:28:17,cloudping Huawei,sa-brazil-1,"Sao Paulo, Brazil",246
2025-12-17 05:28:17,cloudping Huawei,na-mexico-1,"Mexico City 1, Mexico",386
2025-12-17 05:28:17,cloudping Huawei,cn-east-2,Shanghai 2,436.5
2025-12-17 05:28:17,cloudping Huawei,cn-north-1,Beijing 1,452
2025-12-17 05:28:17,cloudping Huawei,cn-south-1,Guangzhou,482.5
2025-12-17 05:28:17,cloudping Huawei,cn-southwest-2,Guiyang 1,494
2025-12-17 05:28:17,cloudping Huawei,cn-north-9,Wulanchabu,504
2025-12-17 05:28:17,cloudping Huawei,cn-north-4,Beijing 4,520.5
2025-12-17 05:28:17,cloudping Huawei,cn-east-3,Shanghai 1,540.5
2025-12-17 05:54:17,cloudping Huawei,na-mexico-1,"Mexico City 1, Mexico",145
2025-12-17 05:54:17,cloudping Huawei,la-north-2,"Mexico City 2, Mexico",168
2025-12-17 05:54:17,cloudping Huawei,ap-southeast-3,Singapore,192
2025-12-17 05:54:17,cloudping Huawei,sa-brazil-1,"Sao Paulo, Brazil",223.5
2025-12-17 05:54:17,cloudping Huawei,ap-southeast-1,"Hong Kong, China",224
2025-12-17 05:54:17,cloudping Huawei,la-south-2,"Santiago, Chile",236.5
2025-12-17 05:54:17,cloudping Huawei,af-south-1,"Johannesburg, South Africa",246.5
2025-12-17 05:54:17,cloudping Huawei,ap-southeast-2,"Bangkok, Thailand",247.5
2025-12-17 05:54:17,cloudping Huawei,na-mexico-1,"Mexico City 1, Mexico",145
2025-12-17 05:54:17,cloudping Huawei,la-north-2,"Mexico City 2, Mexico",168
2025-12-17 05:54:17,cloudping Huawei,ap-southeast-3,Singapore,192
2025-12-17 05:54:17,cloudping Huawei,sa-brazil-1,"Sao Paulo, Brazil",223.5
2025-12-17 05:54:17,cloudping Huawei,ap-southeast-1,"Hong Kong, China",224
2025-12-17 05:54:17,cloudping Huawei,la-south-2,"Santiago, Chile",236.5
2025-12-17 05:54:17,cloudping Huawei,af-south-1,"Johannesburg, South Africa",246.5
2025-12-17 05:54:17,cloudping Huawei,ap-southeast-2,"Bangkok, Thailand",247.5
2025-12-17 05:54:17,cloudping Huawei,cn-east-2,Shanghai 2,221
2025-12-17 05:54:17,cloudping Huawei,cn-southwest-2,Guiyang 1,486
2025-12-17 05:54:17,cloudping Huawei,cn-north-4,Beijing 4,527.5
2025-12-17 05:54:17,cloudping Huawei,cn-north-1,Beijing 1,537
2025-12-17 05:54:17,cloudping Huawei,cn-north-9,Wulanchabu,550
2025-12-17 05:54:17,cloudping Huawei,cn-east-3,Shanghai 1,554.5
2025-12-17 05:54:17,cloudping Huawei,cn-south-1,Guangzhou,555
2025-12-17 06:20:18,cloudping Huawei,la-north-2,"Mexico City 2, Mexico",148.5
2025-12-17 06:20:18,cloudping Huawei,na-mexico-1,"Mexico City 1, Mexico",154
2025-12-17 06:20:18,cloudping Huawei,ap-southeast-3,Singapore,187.5
2025-12-17 06:20:18,cloudping Huawei,ap-southeast-1,"Hong Kong, China",212
2025-12-17 06:20:18,cloudping Huawei,sa-brazil-1,"Sao Paulo, Brazil",228.5
2025-12-17 06:20:18,cloudping Huawei,la-south-2,"Santiago, Chile",231.5
2025-12-17 06:20:18,cloudping Huawei,ap-southeast-2,"Bangkok, Thailand",235
2025-12-17 06:20:18,cloudping Huawei,af-south-1,"Johannesburg, South Africa",267
2025-12-17 06:20:18,cloudping Huawei,la-north-2,"Mexico City 2, Mexico",148.5
2025-12-17 06:20:18,cloudping Huawei,na-mexico-1,"Mexico City 1, Mexico",154
2025-12-17 06:20:18,cloudping Huawei,ap-southeast-3,Singapore,187.5
2025-12-17 06:20:18,cloudping Huawei,ap-southeast-1,"Hong Kong, China",212
2025-12-17 06:20:18,cloudping Huawei,sa-brazil-1,"Sao Paulo, Brazil",228.5
2025-12-17 06:20:18,cloudping Huawei,la-south-2,"Santiago, Chile",231.5
2025-12-17 06:20:18,cloudping Huawei,ap-southeast-2,"Bangkok, Thailand",235
2025-12-17 06:20:18,cloudping Huawei,af-south-1,"Johannesburg, South Africa",267
2025-12-17 06:20:18,cloudping Huawei,cn-north-1,Beijing 1,205.5
2025-12-17 06:20:18,cloudping Huawei,cn-east-2,Shanghai 2,221
2025-12-17 06:20:18,cloudping Huawei,cn-south-1,Guangzhou,227.5
2025-12-17 06:20:18,cloudping Huawei,cn-north-9,Wulanchabu,264
2025-12-17 06:20:18,cloudping Huawei,cn-north-4,Beijing 4,277
2025-12-17 06:20:18,cloudping Huawei,cn-southwest-2,Guiyang 1,314
2025-12-17 06:20:18,cloudping Huawei,cn-east-3,Shanghai 1,509.5
2025-12-17 06:46:18,cloudping Huawei,la-north-2,"Mexico City 2, Mexico",153
2025-12-17 06:46:18,cloudping Huawei,na-mexico-1,"Mexico City 1, Mexico",164
2025-12-17 06:46:18,cloudping Huawei,ap-southeast-3,Singapore,191.5
2025-12-17 06:46:18,cloudping Huawei,sa-brazil-1,"Sao Paulo, Brazil",221.5
2025-12-17 06:46:18,cloudping Huawei,ap-southeast-1,"Hong Kong, China",231.5
2025-12-17 06:46:18,cloudping Huawei,la-south-2,"Santiago, Chile",235
2025-12-17 06:46:18,cloudping Huawei,ap-southeast-2,"Bangkok, Thailand",244.5
2025-12-17 06:46:18,cloudping Huawei,af-south-1,"Johannesburg, South Africa",248.5
2025-12-17 06:46:18,cloudping Huawei,la-north-2,"Mexico City 2, Mexico",153
2025-12-17 06:46:18,cloudping Huawei,na-mexico-1,"Mexico City 1, Mexico",164
2025-12-17 06:46:18,cloudping Huawei,ap-southeast-3,Singapore,191.5
2025-12-17 06:46:18,cloudping Huawei,sa-brazil-1,"Sao Paulo, Brazil",221.5
2025-12-17 06:46:18,cloudping Huawei,ap-southeast-1,"Hong Kong, China",231.5
2025-12-17 06:46:18,cloudping Huawei,la-south-2,"Santiago, Chile",235
2025-12-17 06:46:18,cloudping Huawei,ap-southeast-2,"Bangkok, Thailand",244.5
2025-12-17 06:46:18,cloudping Huawei,af-south-1,"Johannesburg, South Africa",248.5
2025-12-17 06:46:18,cloudping Huawei,cn-north-9,Wulanchabu,271
2025-12-17 06:46:18,cloudping Huawei,cn-north-1,Beijing 1,277
2025-12-17 06:46:18,cloudping Huawei,cn-north-4,Beijing 4,351.5
2025-12-17 06:46:18,cloudping Huawei,cn-east-2,Shanghai 2,449
2025-12-17 06:46:18,cloudping Huawei,cn-southwest-2,Guiyang 1,519.5
2025-12-17 06:46:18,cloudping Huawei,cn-east-3,Shanghai 1,993.5
2025-12-17 06:46:18,cloudping Huawei,cn-south-1,Guangzhou,1077
2025-12-17 07:12:18,cloudping Huawei,la-north-2,"Mexico City 2, Mexico",153.5
2025-12-17 07:12:18,cloudping Huawei,na-mexico-1,"Mexico City 1, Mexico",175.5
2025-12-17 07:12:18,cloudping Huawei,ap-southeast-3,Singapore,188
2025-12-17 07:12:18,cloudping Huawei,ap-southeast-1,"Hong Kong, China",222
2025-12-17 07:12:18,cloudping Huawei,sa-brazil-1,"Sao Paulo, Brazil",223
2025-12-17 07:12:18,cloudping Huawei,af-south-1,"Johannesburg, South Africa",234.5
2025-12-17 07:12:18,cloudping Huawei,la-south-2,"Santiago, Chile",237
2025-12-17 07:12:18,cloudping Huawei,ap-southeast-2,"Bangkok, Thailand",247
2025-12-17 07:12:18,cloudping Huawei,la-north-2,"Mexico City 2, Mexico",153.5
2025-12-17 07:12:18,cloudping Huawei,na-mexico-1,"Mexico City 1, Mexico",175.5
2025-12-17 07:12:18,cloudping Huawei,ap-southeast-3,Singapore,188
2025-12-17 07:12:18,cloudping Huawei,ap-southeast-1,"Hong Kong, China",222
2025-12-17 07:12:18,cloudping Huawei,sa-brazil-1,"Sao Paulo, Brazil",223
2025-12-17 07:12:18,cloudping Huawei,af-south-1,"Johannesburg, South Africa",234.5
2025-12-17 07:12:18,cloudping Huawei,la-south-2,"Santiago, Chile",237
2025-12-17 07:12:18,cloudping Huawei,ap-southeast-2,"Bangkok, Thailand",247
2025-12-17 07:12:18,cloudping Huawei,cn-east-3,Shanghai 1,217
2025-12-17 07:12:18,cloudping Huawei,cn-east-2,Shanghai 2,217.5
2025-12-17 07:12:18,cloudping Huawei,cn-north-1,Beijing 1,239
2025-12-17 07:12:18,cloudping Huawei,cn-southwest-2,Guiyang 1,264.5
2025-12-17 07:12:18,cloudping Huawei,cn-north-9,Wulanchabu,284.5
2025-12-17 07:12:18,cloudping Huawei,cn-south-1,Guangzhou,286.5
2025-12-17 07:12:18,cloudping Huawei,cn-north-4,Beijing 4,294
2025-12-17 07:38:20,cloudping Huawei,la-north-2,"Mexico City 2, Mexico",149.5
2025-12-17 07:38:20,cloudping Huawei,ap-southeast-3,Singapore,191
2025-12-17 07:38:20,cloudping Huawei,ap-southeast-1,"Hong Kong, China",224.5
2025-12-17 07:38:20,cloudping Huawei,na-mexico-1,"Mexico City 1, Mexico",225
2025-12-17 07:38:20,cloudping Huawei,sa-brazil-1,"Sao Paulo, Brazil",227.5
2025-12-17 07:38:20,cloudping Huawei,af-south-1,"Johannesburg, South Africa",228
2025-12-17 07:38:20,cloudping Huawei,ap-southeast-2,"Bangkok, Thailand",239.5
2025-12-17 07:38:20,cloudping Huawei,la-south-2,"Santiago, Chile",246
2025-12-17 07:38:20,cloudping Huawei,la-north-2,"Mexico City 2, Mexico",149.5
2025-12-17 07:38:20,cloudping Huawei,ap-southeast-3,Singapore,191
2025-12-17 07:38:20,cloudping Huawei,ap-southeast-1,"Hong Kong, China",224.5
2025-12-17 07:38:20,cloudping Huawei,na-mexico-1,"Mexico City 1, Mexico",225
2025-12-17 07:38:20,cloudping Huawei,sa-brazil-1,"Sao Paulo, Brazil",227.5
2025-12-17 07:38:20,cloudping Huawei,af-south-1,"Johannesburg, South Africa",228
2025-12-17 07:38:20,cloudping Huawei,ap-southeast-2,"Bangkok, Thailand",239.5
2025-12-17 07:38:20,cloudping Huawei,la-south-2,"Santiago, Chile",246
2025-12-17 07:38:20,cloudping Huawei,cn-east-2,Shanghai 2,208.5
2025-12-17 07:38:20,cloudping Huawei,cn-east-3,Shanghai 1,215.5
2025-12-17 07:38:20,cloudping Huawei,cn-south-1,Guangzhou,225.5
2025-12-17 07:38:20,cloudping Huawei,cn-north-1,Beijing 1,244
2025-12-17 07:38:20,cloudping Huawei,cn-north-4,Beijing 4,272.5
2025-12-17 07:38:20,cloudping Huawei,cn-north-9,Wulanchabu,273.5
2025-12-17 07:38:20,cloudping Huawei,cn-southwest-2,Guiyang 1,324
2025-12-17 08:04:19,cloudping Huawei,na-mexico-1,"Mexico City 1, Mexico",147.5
2025-12-17 08:04:19,cloudping Huawei,la-north-2,"Mexico City 2, Mexico",148
2025-12-17 08:04:19,cloudping Huawei,ap-southeast-3,Singapore,188
2025-12-17 08:04:19,cloudping Huawei,ap-southeast-1,"Hong Kong, China",215
2025-12-17 08:04:19,cloudping Huawei,sa-brazil-1,"Sao Paulo, Brazil",228
2025-12-17 08:04:19,cloudping Huawei,af-south-1,"Johannesburg, South Africa",243
2025-12-17 08:04:19,cloudping Huawei,la-south-2,"Santiago, Chile",244.5
2025-12-17 08:04:19,cloudping Huawei,ap-southeast-2,"Bangkok, Thailand",250
2025-12-17 08:04:19,cloudping Huawei,na-mexico-1,"Mexico City 1, Mexico",147.5
2025-12-17 08:04:19,cloudping Huawei,la-north-2,"Mexico City 2, Mexico",148
2025-12-17 08:04:19,cloudping Huawei,ap-southeast-3,Singapore,188
2025-12-17 08:04:19,cloudping Huawei,ap-southeast-1,"Hong Kong, China",215
2025-12-17 08:04:19,cloudping Huawei,sa-brazil-1,"Sao Paulo, Brazil",228
2025-12-17 08:04:19,cloudping Huawei,af-south-1,"Johannesburg, South Africa",243
2025-12-17 08:04:19,cloudping Huawei,la-south-2,"Santiago, Chile",244.5
2025-12-17 08:04:19,cloudping Huawei,ap-southeast-2,"Bangkok, Thailand",250
2025-12-17 08:04:19,cloudping Huawei,cn-east-3,Shanghai 1,219
2025-12-17 08:04:19,cloudping Huawei,cn-east-2,Shanghai 2,226.5
2025-12-17 08:04:19,cloudping Huawei,cn-north-4,Beijing 4,227
2025-12-17 08:04:19,cloudping Huawei,cn-south-1,Guangzhou,228
2025-12-17 08:04:19,cloudping Huawei,cn-north-1,Beijing 1,233
2025-12-17 08:04:19,cloudping Huawei,cn-north-9,Wulanchabu,279.5
2025-12-17 08:04:19,cloudping Huawei,cn-southwest-2,Guiyang 1,348.5
2025-12-17 08:30:19,cloudping Huawei,na-mexico-1,"Mexico City 1, Mexico",146
2025-12-17 08:30:19,cloudping Huawei,la-north-2,"Mexico City 2, Mexico",154
2025-12-17 08:30:19,cloudping Huawei,sa-brazil-1,"Sao Paulo, Brazil",223.5
2025-12-17 08:30:19,cloudping Huawei,af-south-1,"Johannesburg, South Africa",229.5
2025-12-17 08:30:19,cloudping Huawei,ap-southeast-1,"Hong Kong, China",230
2025-12-17 08:30:19,cloudping Huawei,ap-southeast-3,Singapore,237
2025-12-17 08:30:19,cloudping Huawei,ap-southeast-2,"Bangkok, Thailand",243
2025-12-17 08:30:19,cloudping Huawei,la-south-2,"Santiago, Chile",255.5
2025-12-17 08:30:19,cloudping Huawei,na-mexico-1,"Mexico City 1, Mexico",146
2025-12-17 08:30:19,cloudping Huawei,la-north-2,"Mexico City 2, Mexico",154
2025-12-17 08:30:19,cloudping Huawei,sa-brazil-1,"Sao Paulo, Brazil",223.5
2025-12-17 08:30:19,cloudping Huawei,af-south-1,"Johannesburg, South Africa",229.5
2025-12-17 08:30:19,cloudping Huawei,ap-southeast-1,"Hong Kong, China",230
2025-12-17 08:30:19,cloudping Huawei,ap-southeast-3,Singapore,237
2025-12-17 08:30:19,cloudping Huawei,ap-southeast-2,"Bangkok, Thailand",243
2025-12-17 08:30:19,cloudping Huawei,la-south-2,"Santiago, Chile",255.5
2025-12-17 08:30:19,cloudping Huawei,cn-east-2,Shanghai 2,208
2025-12-17 08:30:19,cloudping Huawei,cn-east-3,Shanghai 1,215.5
2025-12-17 08:30:19,cloudping Huawei,cn-north-1,Beijing 1,235.5
2025-12-17 08:30:19,cloudping Huawei,cn-south-1,Guangzhou,249
2025-12-17 08:30:19,cloudping Huawei,cn-southwest-2,Guiyang 1,252.5
2025-12-17 08:30:19,cloudping Huawei,cn-north-9,Wulanchabu,273
2025-12-17 08:30:19,cloudping Huawei,cn-north-4,Beijing 4,645
2025-12-17 08:56:20,cloudping Huawei,na-mexico-1,"Mexico City 1, Mexico",146.5
2025-12-17 08:56:20,cloudping Huawei,la-north-2,"Mexico City 2, Mexico",150.5
2025-12-17 08:56:20,cloudping Huawei,ap-southeast-3,Singapore,191.5
2025-12-17 08:56:20,cloudping Huawei,ap-southeast-1,"Hong Kong, China",212.5
2025-12-17 08:56:20,cloudping Huawei,sa-brazil-1,"Sao Paulo, Brazil",218.5
2025-12-17 08:56:20,cloudping Huawei,ap-southeast-2,"Bangkok, Thailand",233.5
2025-12-17 08:56:20,cloudping Huawei,af-south-1,"Johannesburg, South Africa",241.5
2025-12-17 08:56:20,cloudping Huawei,la-south-2,"Santiago, Chile",246.5
2025-12-17 08:56:20,cloudping Huawei,na-mexico-1,"Mexico City 1, Mexico",146.5
2025-12-17 08:56:20,cloudping Huawei,la-north-2,"Mexico City 2, Mexico",150.5
2025-12-17 08:56:20,cloudping Huawei,ap-southeast-3,Singapore,191.5
2025-12-17 08:56:20,cloudping Huawei,ap-southeast-1,"Hong Kong, China",212.5
2025-12-17 08:56:20,cloudping Huawei,sa-brazil-1,"Sao Paulo, Brazil",218.5
2025-12-17 08:56:20,cloudping Huawei,ap-southeast-2,"Bangkok, Thailand",233.5
2025-12-17 08:56:20,cloudping Huawei,af-south-1,"Johannesburg, South Africa",241.5
2025-12-17 08:56:20,cloudping Huawei,la-south-2,"Santiago, Chile",246.5
2025-12-17 08:56:20,cloudping Huawei,cn-east-2,Shanghai 2,217.5
2025-12-17 08:56:20,cloudping Huawei,cn-north-4,Beijing 4,224.5
2025-12-17 08:56:20,cloudping Huawei,cn-north-1,Beijing 1,225.5
2025-12-17 08:56:20,cloudping Huawei,cn-southwest-2,Guiyang 1,253
2025-12-17 08:56:20,cloudping Huawei,cn-north-9,Wulanchabu,262.5
2025-12-17 08:56:20,cloudping Huawei,cn-east-3,Shanghai 1,273.5
2025-12-17 08:56:20,cloudping Huawei,cn-south-1,Guangzhou,317
2025-12-17 09:22:20,cloudping Huawei,na-mexico-1,"Mexico City 1, Mexico",143.5
2025-12-17 09:22:20,cloudping Huawei,la-north-2,"Mexico City 2, Mexico",152.5
2025-12-17 09:22:20,cloudping Huawei,ap-southeast-3,Singapore,194.5
2025-12-17 09:22:20,cloudping Huawei,af-south-1,"Johannesburg, South Africa",227.5
2025-12-17 09:22:20,cloudping Huawei,ap-southeast-1,"Hong Kong, China",229.5
2025-12-17 09:22:20,cloudping Huawei,sa-brazil-1,"Sao Paulo, Brazil",232.5
2025-12-17 09:22:20,cloudping Huawei,la-south-2,"Santiago, Chile",234.5
2025-12-17 09:22:20,cloudping Huawei,ap-southeast-2,"Bangkok, Thailand",243
2025-12-17 09:22:20,cloudping Huawei,na-mexico-1,"Mexico City 1, Mexico",143.5
2025-12-17 09:22:20,cloudping Huawei,la-north-2,"Mexico City 2, Mexico",152.5
2025-12-17 09:22:20,cloudping Huawei,ap-southeast-3,Singapore,194.5
2025-12-17 09:22:20,cloudping Huawei,af-south-1,"Johannesburg, South Africa",227.5
2025-12-17 09:22:20,cloudping Huawei,ap-southeast-1,"Hong Kong, China",229.5
2025-12-17 09:22:20,cloudping Huawei,sa-brazil-1,"Sao Paulo, Brazil",232.5
2025-12-17 09:22:20,cloudping Huawei,la-south-2,"Santiago, Chile",234.5
2025-12-17 09:22:20,cloudping Huawei,ap-southeast-2,"Bangkok, Thailand",243
2025-12-17 09:22:20,cloudping Huawei,cn-east-2,Shanghai 2,212
2025-12-17 09:22:20,cloudping Huawei,cn-east-3,Shanghai 1,223
2025-12-17 09:22:20,cloudping Huawei,cn-north-1,Beijing 1,226
2025-12-17 09:22:20,cloudping Huawei,cn-south-1,Guangzhou,230
2025-12-17 09:22:20,cloudping Huawei,cn-southwest-2,Guiyang 1,240
2025-12-17 09:22:20,cloudping Huawei,cn-north-4,Beijing 4,273
2025-12-17 09:22:20,cloudping Huawei,cn-north-9,Wulanchabu,274.5
2025-12-17 09:48:23,cloudping Huawei,na-mexico-1,"Mexico City 1, Mexico",147.5
2025-12-17 09:48:23,cloudping Huawei,la-north-2,"Mexico City 2, Mexico",151
2025-12-17 09:48:23,cloudping Huawei,ap-southeast-3,Singapore,186.5
2025-12-17 09:48:23,cloudping Huawei,ap-southeast-1,"Hong Kong, China",220
2025-12-17 09:48:23,cloudping Huawei,sa-brazil-1,"Sao Paulo, Brazil",223
2025-12-17 09:48:23,cloudping Huawei,af-south-1,"Johannesburg, South Africa",226
2025-12-17 09:48:23,cloudping Huawei,la-south-2,"Santiago, Chile",238
2025-12-17 09:48:23,cloudping Huawei,ap-southeast-2,"Bangkok, Thailand",250
2025-12-17 09:48:23,cloudping Huawei,na-mexico-1,"Mexico City 1, Mexico",147.5
2025-12-17 09:48:23,cloudping Huawei,la-north-2,"Mexico City 2, Mexico",151
2025-12-17 09:48:23,cloudping Huawei,ap-southeast-3,Singapore,186.5
2025-12-17 09:48:23,cloudping Huawei,ap-southeast-1,"Hong Kong, China",220
2025-12-17 09:48:23,cloudping Huawei,sa-brazil-1,"Sao Paulo, Brazil",223
2025-12-17 09:48:23,cloudping Huawei,af-south-1,"Johannesburg, South Africa",226
2025-12-17 09:48:23,cloudping Huawei,la-south-2,"Santiago, Chile",238
2025-12-17 09:48:23,cloudping Huawei,ap-southeast-2,"Bangkok, Thailand",250
2025-12-17 09:48:23,cloudping Huawei,cn-north-1,Beijing 1,208
2025-12-17 09:48:23,cloudping Huawei,cn-east-2,Shanghai 2,217
2025-12-17 09:48:23,cloudping Huawei,cn-north-9,Wulanchabu,230
2025-12-17 09:48:23,cloudping Huawei,cn-east-3,Shanghai 1,241.5
2025-12-17 09:48:23,cloudping Huawei,cn-south-1,Guangzhou,254
2025-12-17 09:48:23,cloudping Huawei,cn-southwest-2,Guiyang 1,260
2025-12-17 09:48:23,cloudping Huawei,cn-north-4,Beijing 4,267.5
2025-12-17 10:14:21,cloudping Huawei,la-north-2,"Mexico City 2, Mexico",147
2025-12-17 10:14:21,cloudping Huawei,na-mexico-1,"Mexico City 1, Mexico",149.5
2025-12-17 10:14:21,cloudping Huawei,ap-southeast-3,Singapore,185
2025-12-17 10:14:21,cloudping Huawei,ap-southeast-1,"Hong Kong, China",215.5
2025-12-17 10:14:21,cloudping Huawei,la-south-2,"Santiago, Chile",238
2025-12-17 10:14:21,cloudping Huawei,ap-southeast-2,"Bangkok, Thailand",239.5
2025-12-17 10:14:21,cloudping Huawei,sa-brazil-1,"Sao Paulo, Brazil",267
2025-12-17 10:14:21,cloudping Huawei,af-south-1,"Johannesburg, South Africa",292.5
2025-12-17 10:14:21,cloudping Huawei,la-north-2,"Mexico City 2, Mexico",147
2025-12-17 10:14:21,cloudping Huawei,na-mexico-1,"Mexico City 1, Mexico",149.5
2025-12-17 10:14:21,cloudping Huawei,ap-southeast-3,Singapore,185
2025-12-17 10:14:21,cloudping Huawei,ap-southeast-1,"Hong Kong, China",215.5
2025-12-17 10:14:21,cloudping Huawei,la-south-2,"Santiago, Chile",238
2025-12-17 10:14:21,cloudping Huawei,ap-southeast-2,"Bangkok, Thailand",239.5
2025-12-17 10:14:21,cloudping Huawei,sa-brazil-1,"Sao Paulo, Brazil",267
2025-12-17 10:14:21,cloudping Huawei,af-south-1,"Johannesburg, South Africa",292.5
2025-12-17 10:14:21,cloudping Huawei,cn-east-2,Shanghai 2,211
2025-12-17 10:14:21,cloudping Huawei,cn-east-3,Shanghai 1,213
2025-12-17 10:14:21,cloudping Huawei,cn-north-4,Beijing 4,219
2025-12-17 10:14:21,cloudping Huawei,cn-north-1,Beijing 1,231
2025-12-17 10:14:21,cloudping Huawei,cn-south-1,Guangzhou,246.5
2025-12-17 10:14:21,cloudping Huawei,cn-north-9,Wulanchabu,265
2025-12-17 10:14:21,cloudping Huawei,cn-southwest-2,Guiyang 1,266.5
2025-12-17 10:40:22,cloudping Huawei,la-north-2,"Mexico City 2, Mexico",147
2025-12-17 10:40:22,cloudping Huawei,na-mexico-1,"Mexico City 1, Mexico",147.5
2025-12-17 10:40:22,cloudping Huawei,ap-southeast-3,Singapore,205
2025-12-17 10:40:22,cloudping Huawei,ap-southeast-1,"Hong Kong, China",220
2025-12-17 10:40:22,cloudping Huawei,sa-brazil-1,"Sao Paulo, Brazil",224
2025-12-17 10:40:22,cloudping Huawei,af-south-1,"Johannesburg, South Africa",228.5
2025-12-17 10:40:22,cloudping Huawei,la-south-2,"Santiago, Chile",248.5
2025-12-17 10:40:22,cloudping Huawei,ap-southeast-2,"Bangkok, Thailand",279
2025-12-17 10:40:22,cloudping Huawei,la-north-2,"Mexico City 2, Mexico",147
2025-12-17 10:40:22,cloudping Huawei,na-mexico-1,"Mexico City 1, Mexico",147.5
2025-12-17 10:40:22,cloudping Huawei,ap-southeast-3,Singapore,205
2025-12-17 10:40:22,cloudping Huawei,ap-southeast-1,"Hong Kong, China",220
2025-12-17 10:40:22,cloudping Huawei,sa-brazil-1,"Sao Paulo, Brazil",224
2025-12-17 10:40:22,cloudping Huawei,af-south-1,"Johannesburg, South Africa",228.5
2025-12-17 10:40:22,cloudping Huawei,la-south-2,"Santiago, Chile",248.5
2025-12-17 10:40:22,cloudping Huawei,ap-southeast-2,"Bangkok, Thailand",279
2025-12-17 10:40:22,cloudping Huawei,cn-east-3,Shanghai 1,208.5
2025-12-17 10:40:22,cloudping Huawei,cn-east-2,Shanghai 2,214.5
2025-12-17 10:40:22,cloudping Huawei,cn-south-1,Guangzhou,225.5
2025-12-17 10:40:22,cloudping Huawei,cn-north-9,Wulanchabu,225.5
2025-12-17 10:40:22,cloudping Huawei,cn-north-4,Beijing 4,227
2025-12-17 10:40:22,cloudping Huawei,cn-north-1,Beijing 1,252
2025-12-17 10:40:22,cloudping Huawei,cn-southwest-2,Guiyang 1,273
2025-12-17 11:06:22,cloudping Huawei,na-mexico-1,"Mexico City 1, Mexico",147
2025-12-17 11:06:22,cloudping Huawei,la-north-2,"Mexico City 2, Mexico",157.5
2025-12-17 11:06:22,cloudping Huawei,ap-southeast-3,Singapore,192
2025-12-17 11:06:22,cloudping Huawei,ap-southeast-1,"Hong Kong, China",220.5
2025-12-17 11:06:22,cloudping Huawei,sa-brazil-1,"Sao Paulo, Brazil",227.5
2025-12-17 11:06:22,cloudping Huawei,af-south-1,"Johannesburg, South Africa",230.5
2025-12-17 11:06:22,cloudping Huawei,la-south-2,"Santiago, Chile",236
2025-12-17 11:06:22,cloudping Huawei,ap-southeast-2,"Bangkok, Thailand",240.5
2025-12-17 11:06:22,cloudping Huawei,na-mexico-1,"Mexico City 1, Mexico",147
2025-12-17 11:06:22,cloudping Huawei,la-north-2,"Mexico City 2, Mexico",157.5
2025-12-17 11:06:22,cloudping Huawei,ap-southeast-3,Singapore,192
2025-12-17 11:06:22,cloudping Huawei,ap-southeast-1,"Hong Kong, China",220.5
2025-12-17 11:06:22,cloudping Huawei,sa-brazil-1,"Sao Paulo, Brazil",227.5
2025-12-17 11:06:22,cloudping Huawei,af-south-1,"Johannesburg, South Africa",230.5
2025-12-17 11:06:22,cloudping Huawei,la-south-2,"Santiago, Chile",236
2025-12-17 11:06:22,cloudping Huawei,ap-southeast-2,"Bangkok, Thailand",240.5
2025-12-17 11:06:22,cloudping Huawei,cn-east-3,Shanghai 1,208
2025-12-17 11:06:22,cloudping Huawei,cn-east-2,Shanghai 2,210
2025-12-17 11:06:22,cloudping Huawei,cn-south-1,Guangzhou,248.5
2025-12-17 11:06:22,cloudping Huawei,cn-southwest-2,Guiyang 1,249
2025-12-17 11:06:22,cloudping Huawei,cn-north-1,Beijing 1,255.5
2025-12-17 11:06:22,cloudping Huawei,cn-north-4,Beijing 4,265.5
2025-12-17 11:06:22,cloudping Huawei,cn-north-9,Wulanchabu,277
2025-12-17 11:32:23,cloudping Huawei,na-mexico-1,"Mexico City 1, Mexico",144.5
2025-12-17 11:32:23,cloudping Huawei,la-north-2,"Mexico City 2, Mexico",150.5
2025-12-17 11:32:23,cloudping Huawei,ap-southeast-3,Singapore,187
2025-12-17 11:32:23,cloudping Huawei,ap-southeast-1,"Hong Kong, China",215.5
2025-12-17 11:32:23,cloudping Huawei,la-south-2,"Santiago, Chile",229.5
2025-12-17 11:32:23,cloudping Huawei,ap-southeast-2,"Bangkok, Thailand",236.5
2025-12-17 11:32:23,cloudping Huawei,af-south-1,"Johannesburg, South Africa",239.5
2025-12-17 11:32:23,cloudping Huawei,sa-brazil-1,"Sao Paulo, Brazil",258
2025-12-17 11:32:23,cloudping Huawei,na-mexico-1,"Mexico City 1, Mexico",144.5
2025-12-17 11:32:23,cloudping Huawei,la-north-2,"Mexico City 2, Mexico",150.5
2025-12-17 11:32:23,cloudping Huawei,ap-southeast-3,Singapore,187
2025-12-17 11:32:23,cloudping Huawei,ap-southeast-1,"Hong Kong, China",215.5
2025-12-17 11:32:23,cloudping Huawei,la-south-2,"Santiago, Chile",229.5
2025-12-17 11:32:23,cloudping Huawei,ap-southeast-2,"Bangkok, Thailand",236.5
2025-12-17 11:32:23,cloudping Huawei,af-south-1,"Johannesburg, South Africa",239.5
2025-12-17 11:32:23,cloudping Huawei,sa-brazil-1,"Sao Paulo, Brazil",258
2025-12-17 11:32:23,cloudping Huawei,cn-east-2,Shanghai 2,238.5
2025-12-17 11:32:23,cloudping Huawei,cn-north-1,Beijing 1,261.5
2025-12-17 11:32:23,cloudping Huawei,cn-east-3,Shanghai 1,283
2025-12-17 11:32:23,cloudping Huawei,cn-southwest-2,Guiyang 1,290
2025-12-17 11:32:23,cloudping Huawei,cn-north-9,Wulanchabu,296
2025-12-17 11:32:23,cloudping Huawei,cn-north-4,Beijing 4,513.5
2025-12-17 11:32:23,cloudping Huawei,cn-south-1,Guangzhou,859.5
2025-12-17 11:58:25,cloudping Huawei,na-mexico-1,"Mexico City 1, Mexico",146
2025-12-17 11:58:25,cloudping Huawei,la-north-2,"Mexico City 2, Mexico",151
2025-12-17 11:58:25,cloudping Huawei,ap-southeast-3,Singapore,189
2025-12-17 11:58:25,cloudping Huawei,ap-southeast-1,"Hong Kong, China",216.5
2025-12-17 11:58:25,cloudping Huawei,af-south-1,"Johannesburg, South Africa",228
2025-12-17 11:58:25,cloudping Huawei,sa-brazil-1,"Sao Paulo, Brazil",236.5
2025-12-17 11:58:25,cloudping Huawei,la-south-2,"Santiago, Chile",238.5
2025-12-17 11:58:25,cloudping Huawei,ap-southeast-2,"Bangkok, Thailand",239.5
2025-12-17 11:58:25,cloudping Huawei,na-mexico-1,"Mexico City 1, Mexico",146
2025-12-17 11:58:25,cloudping Huawei,la-north-2,"Mexico City 2, Mexico",151
2025-12-17 11:58:25,cloudping Huawei,ap-southeast-3,Singapore,189
2025-12-17 11:58:25,cloudping Huawei,ap-southeast-1,"Hong Kong, China",216.5
2025-12-17 11:58:25,cloudping Huawei,af-south-1,"Johannesburg, South Africa",228
2025-12-17 11:58:25,cloudping Huawei,sa-brazil-1,"Sao Paulo, Brazil",236.5
2025-12-17 11:58:25,cloudping Huawei,la-south-2,"Santiago, Chile",238.5
2025-12-17 11:58:25,cloudping Huawei,ap-southeast-2,"Bangkok, Thailand",239.5
2025-12-17 11:58:25,cloudping Huawei,cn-east-2,Shanghai 2,215
2025-12-17 11:58:25,cloudping Huawei,cn-north-1,Beijing 1,225
2025-12-17 11:58:25,cloudping Huawei,cn-north-9,Wulanchabu,238
2025-12-17 11:58:25,cloudping Huawei,cn-north-4,Beijing 4,255
2025-12-17 11:58:25,cloudping Huawei,cn-east-3,Shanghai 1,258
2025-12-17 11:58:25,cloudping Huawei,cn-south-1,Guangzhou,292
2025-12-17 11:58:25,cloudping Huawei,cn-southwest-2,Guiyang 1,906.5
2025-12-17 12:24:23,cloudping Huawei,na-mexico-1,"Mexico City 1, Mexico",144
2025-12-17 12:24:23,cloudping Huawei,la-north-2,"Mexico City 2, Mexico",146
2025-12-17 12:24:23,cloudping Huawei,ap-southeast-1,"Hong Kong, China",212.5
2025-12-17 12:24:23,cloudping Huawei,af-south-1,"Johannesburg, South Africa",225
2025-12-17 12:24:23,cloudping Huawei,ap-southeast-3,Singapore,230
2025-12-17 12:24:23,cloudping Huawei,sa-brazil-1,"Sao Paulo, Brazil",231.5
2025-12-17 12:24:23,cloudping Huawei,la-south-2,"Santiago, Chile",244.5
2025-12-17 12:24:23,cloudping Huawei,ap-southeast-2,"Bangkok, Thailand",249
2025-12-17 12:24:23,cloudping Huawei,na-mexico-1,"Mexico City 1, Mexico",144
2025-12-17 12:24:23,cloudping Huawei,la-north-2,"Mexico City 2, Mexico",146
2025-12-17 12:24:23,cloudping Huawei,ap-southeast-1,"Hong Kong, China",212.5
2025-12-17 12:24:23,cloudping Huawei,af-south-1,"Johannesburg, South Africa",225
2025-12-17 12:24:23,cloudping Huawei,ap-southeast-3,Singapore,230
2025-12-17 12:24:23,cloudping Huawei,sa-brazil-1,"Sao Paulo, Brazil",231.5
2025-12-17 12:24:23,cloudping Huawei,la-south-2,"Santiago, Chile",244.5
2025-12-17 12:24:23,cloudping Huawei,ap-southeast-2,"Bangkok, Thailand",249
2025-12-17 12:24:23,cloudping Huawei,cn-east-2,Shanghai 2,206
2025-12-17 12:24:23,cloudping Huawei,cn-south-1,Guangzhou,248.5
2025-12-17 12:24:23,cloudping Huawei,cn-southwest-2,Guiyang 1,254
2025-12-17 12:24:23,cloudping Huawei,cn-north-4,Beijing 4,260
2025-12-17 12:24:23,cloudping Huawei,cn-north-9,Wulanchabu,266
2025-12-17 12:24:23,cloudping Huawei,cn-north-1,Beijing 1,294.5
2025-12-17 12:24:23,cloudping Huawei,cn-east-3,Shanghai 1,522
2025-12-17 12:50:23,cloudping Huawei,na-mexico-1,"Mexico City 1, Mexico",143
2025-12-17 12:50:23,cloudping Huawei,la-north-2,"Mexico City 2, Mexico",148.5
2025-12-17 12:50:23,cloudping Huawei,ap-southeast-3,Singapore,190.5
2025-12-17 12:50:23,cloudping Huawei,sa-brazil-1,"Sao Paulo, Brazil",220
2025-12-17 12:50:23,cloudping Huawei,ap-southeast-1,"Hong Kong, China",229.5
2025-12-17 12:50:23,cloudping Huawei,ap-southeast-2,"Bangkok, Thailand",236
2025-12-17 12:50:23,cloudping Huawei,la-south-2,"Santiago, Chile",238
2025-12-17 12:50:23,cloudping Huawei,af-south-1,"Johannesburg, South Africa",240
2025-12-17 12:50:23,cloudping Huawei,na-mexico-1,"Mexico City 1, Mexico",143
2025-12-17 12:50:23,cloudping Huawei,la-north-2,"Mexico City 2, Mexico",148.5
2025-12-17 12:50:23,cloudping Huawei,ap-southeast-3,Singapore,190.5
2025-12-17 12:50:23,cloudping Huawei,sa-brazil-1,"Sao Paulo, Brazil",220
2025-12-17 12:50:23,cloudping Huawei,ap-southeast-1,"Hong Kong, China",229.5
2025-12-17 12:50:23,cloudping Huawei,ap-southeast-2,"Bangkok, Thailand",236
2025-12-17 12:50:23,cloudping Huawei,la-south-2,"Santiago, Chile",238
2025-12-17 12:50:23,cloudping Huawei,af-south-1,"Johannesburg, South Africa",240
2025-12-17 12:50:23,cloudping Huawei,cn-south-1,Guangzhou,252
2025-12-17 12:50:23,cloudping Huawei,cn-north-4,Beijing 4,254.5
2025-12-17 12:50:23,cloudping Huawei,cn-southwest-2,Guiyang 1,257
2025-12-17 12:50:23,cloudping Huawei,cn-east-3,Shanghai 1,271.5
2025-12-17 12:50:23,cloudping Huawei,cn-north-1,Beijing 1,280.5
2025-12-17 12:50:23,cloudping Huawei,cn-east-2,Shanghai 2,569.5
2025-12-17 12:50:23,cloudping Huawei,cn-north-9,Wulanchabu,1065
2025-12-17 13:16:24,cloudping Huawei,na-mexico-1,"Mexico City 1, Mexico",152.5
2025-12-17 13:16:24,cloudping Huawei,la-north-2,"Mexico City 2, Mexico",168.5
2025-12-17 13:16:24,cloudping Huawei,ap-southeast-3,Singapore,190
2025-12-17 13:16:24,cloudping Huawei,ap-southeast-1,"Hong Kong, China",214
2025-12-17 13:16:24,cloudping Huawei,sa-brazil-1,"Sao Paulo, Brazil",224.5
2025-12-17 13:16:24,cloudping Huawei,af-south-1,"Johannesburg, South Africa",232.5
2025-12-17 13:16:24,cloudping Huawei,la-south-2,"Santiago, Chile",240
2025-12-17 13:16:24,cloudping Huawei,ap-southeast-2,"Bangkok, Thailand",241
2025-12-17 13:16:24,cloudping Huawei,na-mexico-1,"Mexico City 1, Mexico",152.5
2025-12-17 13:16:24,cloudping Huawei,la-north-2,"Mexico City 2, Mexico",168.5
2025-12-17 13:16:24,cloudping Huawei,ap-southeast-3,Singapore,190
2025-12-17 13:16:24,cloudping Huawei,ap-southeast-1,"Hong Kong, China",214
2025-12-17 13:16:24,cloudping Huawei,sa-brazil-1,"Sao Paulo, Brazil",224.5
2025-12-17 13:16:24,cloudping Huawei,af-south-1,"Johannesburg, South Africa",232.5
2025-12-17 13:16:24,cloudping Huawei,la-south-2,"Santiago, Chile",240
2025-12-17 13:16:24,cloudping Huawei,ap-southeast-2,"Bangkok, Thailand",241
2025-12-17 13:16:24,cloudping Huawei,cn-east-2,Shanghai 2,212
2025-12-17 13:16:24,cloudping Huawei,cn-east-3,Shanghai 1,225
2025-12-17 13:16:24,cloudping Huawei,cn-north-9,Wulanchabu,279
2025-12-17 13:16:24,cloudping Huawei,cn-southwest-2,Guiyang 1,307
2025-12-17 13:16:24,cloudping Huawei,cn-south-1,Guangzhou,313.5
2025-12-17 13:16:24,cloudping Huawei,cn-north-4,Beijing 4,403.5
2025-12-17 13:16:24,cloudping Huawei,cn-north-1,Beijing 1,552.5
2025-12-17 13:42:25,cloudping Huawei,la-north-2,"Mexico City 2, Mexico",151
2025-12-17 13:42:25,cloudping Huawei,na-mexico-1,"Mexico City 1, Mexico",154.5
2025-12-17 13:42:25,cloudping Huawei,ap-southeast-3,Singapore,188
2025-12-17 13:42:25,cloudping Huawei,sa-brazil-1,"Sao Paulo, Brazil",224
2025-12-17 13:42:25,cloudping Huawei,af-south-1,"Johannesburg, South Africa",228.5
2025-12-17 13:42:25,cloudping Huawei,ap-southeast-1,"Hong Kong, China",235
2025-12-17 13:42:25,cloudping Huawei,la-south-2,"Santiago, Chile",236
2025-12-17 13:42:25,cloudping Huawei,ap-southeast-2,"Bangkok, Thailand",236
2025-12-17 13:42:25,cloudping Huawei,la-north-2,"Mexico City 2, Mexico",151
2025-12-17 13:42:25,cloudping Huawei,na-mexico-1,"Mexico City 1, Mexico",154.5
2025-12-17 13:42:25,cloudping Huawei,ap-southeast-3,Singapore,188
2025-12-17 13:42:25,cloudping Huawei,sa-brazil-1,"Sao Paulo, Brazil",224
2025-12-17 13:42:25,cloudping Huawei,af-south-1,"Johannesburg, South Africa",228.5
2025-12-17 13:42:25,cloudping Huawei,ap-southeast-1,"Hong Kong, China",235
2025-12-17 13:42:25,cloudping Huawei,la-south-2,"Santiago, Chile",236
2025-12-17 13:42:25,cloudping Huawei,ap-southeast-2,"Bangkok, Thailand",236
2025-12-17 13:42:25,cloudping Huawei,cn-east-2,Shanghai 2,211
2025-12-17 13:42:25,cloudping Huawei,cn-south-1,Guangzhou,255.5
2025-12-17 13:42:25,cloudping Huawei,cn-north-9,Wulanchabu,271.5
2025-12-17 13:42:25,cloudping Huawei,cn-north-4,Beijing 4,275
2025-12-17 13:42:25,cloudping Huawei,cn-north-1,Beijing 1,281.5
2025-12-17 13:42:25,cloudping Huawei,cn-southwest-2,Guiyang 1,282.5
2025-12-17 13:42:25,cloudping Huawei,cn-east-3,Shanghai 1,569.5
2025-12-17 14:08:27,cloudping Huawei,la-north-2,"Mexico City 2, Mexico",148.5
2025-12-17 14:08:27,cloudping Huawei,na-mexico-1,"Mexico City 1, Mexico",153
2025-12-17 14:08:27,cloudping Huawei,ap-southeast-1,"Hong Kong, China",214.5
2025-12-17 14:08:27,cloudping Huawei,la-south-2,"Santiago, Chile",235.5
2025-12-17 14:08:27,cloudping Huawei,ap-southeast-2,"Bangkok, Thailand",235.5
2025-12-17 14:08:27,cloudping Huawei,sa-brazil-1,"Sao Paulo, Brazil",251
2025-12-17 14:08:27,cloudping Huawei,af-south-1,"Johannesburg, South Africa",252.5
2025-12-17 14:08:27,cloudping Huawei,ap-southeast-3,Singapore,302
2025-12-17 14:08:27,cloudping Huawei,la-north-2,"Mexico City 2, Mexico",148.5
2025-12-17 14:08:27,cloudping Huawei,na-mexico-1,"Mexico City 1, Mexico",153
2025-12-17 14:08:27,cloudping Huawei,ap-southeast-1,"Hong Kong, China",214.5
2025-12-17 14:08:27,cloudping Huawei,la-south-2,"Santiago, Chile",235.5
2025-12-17 14:08:27,cloudping Huawei,ap-southeast-2,"Bangkok, Thailand",235.5
2025-12-17 14:08:27,cloudping Huawei,sa-brazil-1,"Sao Paulo, Brazil",251
2025-12-17 14:08:27,cloudping Huawei,af-south-1,"Johannesburg, South Africa",252.5
2025-12-17 14:08:27,cloudping Huawei,ap-southeast-3,Singapore,302
2025-12-17 14:08:27,cloudping Huawei,cn-east-3,Shanghai 1,201.5
2025-12-17 14:08:27,cloudping Huawei,cn-north-1,Beijing 1,208
2025-12-17 14:08:27,cloudping Huawei,cn-east-2,Shanghai 2,229.5
2025-12-17 14:08:27,cloudping Huawei,cn-south-1,Guangzhou,241.5
2025-12-17 14:08:27,cloudping Huawei,cn-north-9,Wulanchabu,273.5
2025-12-17 14:08:27,cloudping Huawei,cn-southwest-2,Guiyang 1,277
2025-12-17 14:08:27,cloudping Huawei,cn-north-4,Beijing 4,338.5
2025-12-17 14:34:27,cloudping Huawei,na-mexico-1,"Mexico City 1, Mexico",143.5
2025-12-17 14:34:27,cloudping Huawei,la-north-2,"Mexico City 2, Mexico",144.5
2025-12-17 14:34:27,cloudping Huawei,af-south-1,"Johannesburg, South Africa",228
2025-12-17 14:34:27,cloudping Huawei,la-south-2,"Santiago, Chile",232.5
2025-12-17 14:34:27,cloudping Huawei,ap-southeast-1,"Hong Kong, China",236
2025-12-17 14:34:27,cloudping Huawei,ap-southeast-2,"Bangkok, Thailand",250
2025-12-17 14:34:27,cloudping Huawei,sa-brazil-1,"Sao Paulo, Brazil",271
2025-12-17 14:34:27,cloudping Huawei,ap-southeast-3,Singapore,365.5
2025-12-17 14:34:27,cloudping Huawei,na-mexico-1,"Mexico City 1, Mexico",143.5
2025-12-17 14:34:27,cloudping Huawei,la-north-2,"Mexico City 2, Mexico",144.5
2025-12-17 14:34:27,cloudping Huawei,af-south-1,"Johannesburg, South Africa",228
2025-12-17 14:34:27,cloudping Huawei,la-south-2,"Santiago, Chile",232.5
2025-12-17 14:34:27,cloudping Huawei,ap-southeast-1,"Hong Kong, China",236
2025-12-17 14:34:27,cloudping Huawei,ap-southeast-2,"Bangkok, Thailand",250
2025-12-17 14:34:27,cloudping Huawei,sa-brazil-1,"Sao Paulo, Brazil",271
2025-12-17 14:34:27,cloudping Huawei,ap-southeast-3,Singapore,365.5
2025-12-17 14:34:27,cloudping Huawei,cn-east-2,Shanghai 2,210
2025-12-17 14:34:27,cloudping Huawei,cn-north-1,Beijing 1,243
2025-12-17 14:34:27,cloudping Huawei,cn-north-9,Wulanchabu,271.5
2025-12-17 14:34:27,cloudping Huawei,cn-north-4,Beijing 4,275.5
2025-12-17 14:34:27,cloudping Huawei,cn-south-1,Guangzhou,277
2025-12-17 14:34:27,cloudping Huawei,cn-southwest-2,Guiyang 1,403
2025-12-17 14:34:27,cloudping Huawei,cn-east-3,Shanghai 1,404
2025-12-17 15:00:26,cloudping Huawei,la-north-2,"Mexico City 2, Mexico",143.5
2025-12-17 15:00:26,cloudping Huawei,na-mexico-1,"Mexico City 1, Mexico",145
2025-12-17 15:00:26,cloudping Huawei,ap-southeast-3,Singapore,187.5
2025-12-17 15:00:26,cloudping Huawei,ap-southeast-1,"Hong Kong, China",226.5
2025-12-17 15:00:26,cloudping Huawei,sa-brazil-1,"Sao Paulo, Brazil",228
2025-12-17 15:00:26,cloudping Huawei,af-south-1,"Johannesburg, South Africa",229
2025-12-17 15:00:26,cloudping Huawei,la-south-2,"Santiago, Chile",236.5
2025-12-17 15:00:26,cloudping Huawei,ap-southeast-2,"Bangkok, Thailand",240
2025-12-17 15:00:26,cloudping Huawei,la-north-2,"Mexico City 2, Mexico",143.5
2025-12-17 15:00:26,cloudping Huawei,na-mexico-1,"Mexico City 1, Mexico",145
2025-12-17 15:00:26,cloudping Huawei,ap-southeast-3,Singapore,187.5
2025-12-17 15:00:26,cloudping Huawei,ap-southeast-1,"Hong Kong, China",226.5
2025-12-17 15:00:26,cloudping Huawei,sa-brazil-1,"Sao Paulo, Brazil",228
2025-12-17 15:00:26,cloudping Huawei,af-south-1,"Johannesburg, South Africa",229
2025-12-17 15:00:26,cloudping Huawei,la-south-2,"Santiago, Chile",236.5
2025-12-17 15:00:26,cloudping Huawei,ap-southeast-2,"Bangkok, Thailand",240
2025-12-17 15:00:26,cloudping Huawei,cn-north-4,Beijing 4,214.5
2025-12-17 15:00:26,cloudping Huawei,cn-north-1,Beijing 1,215.5
2025-12-17 15:00:26,cloudping Huawei,cn-east-3,Shanghai 1,220.5
2025-12-17 15:00:26,cloudping Huawei,cn-north-9,Wulanchabu,265.5
2025-12-17 15:00:26,cloudping Huawei,cn-east-2,Shanghai 2,512.5
2025-12-17 15:00:26,cloudping Huawei,cn-southwest-2,Guiyang 1,597.5
2025-12-17 15:00:26,cloudping Huawei,cn-south-1,Guangzhou,628.5
2025-12-17 15:26:26,cloudping Huawei,na-mexico-1,"Mexico City 1, Mexico",146
2025-12-17 15:26:26,cloudping Huawei,la-north-2,"Mexico City 2, Mexico",151.5
2025-12-17 15:26:26,cloudping Huawei,ap-southeast-1,"Hong Kong, China",225.5
2025-12-17 15:26:26,cloudping Huawei,sa-brazil-1,"Sao Paulo, Brazil",227.5
2025-12-17 15:26:26,cloudping Huawei,la-south-2,"Santiago, Chile",237.5
2025-12-17 15:26:26,cloudping Huawei,af-south-1,"Johannesburg, South Africa",238.5
2025-12-17 15:26:26,cloudping Huawei,ap-southeast-2,"Bangkok, Thailand",249
2025-12-17 15:26:26,cloudping Huawei,ap-southeast-3,Singapore,297
2025-12-17 15:26:26,cloudping Huawei,na-mexico-1,"Mexico City 1, Mexico",146
2025-12-17 15:26:26,cloudping Huawei,la-north-2,"Mexico City 2, Mexico",151.5
2025-12-17 15:26:26,cloudping Huawei,ap-southeast-1,"Hong Kong, China",225.5
2025-12-17 15:26:26,cloudping Huawei,sa-brazil-1,"Sao Paulo, Brazil",227.5
2025-12-17 15:26:26,cloudping Huawei,la-south-2,"Santiago, Chile",237.5
2025-12-17 15:26:26,cloudping Huawei,af-south-1,"Johannesburg, South Africa",238.5
2025-12-17 15:26:26,cloudping Huawei,ap-southeast-2,"Bangkok, Thailand",249
2025-12-17 15:26:26,cloudping Huawei,ap-southeast-3,Singapore,297
2025-12-17 15:26:26,cloudping Huawei,cn-south-1,Guangzhou,236.5
2025-12-17 15:26:26,cloudping Huawei,cn-east-3,Shanghai 1,247.5
2025-12-17 15:26:26,cloudping Huawei,cn-southwest-2,Guiyang 1,260.5
2025-12-17 15:26:26,cloudping Huawei,cn-north-4,Beijing 4,265.5
2025-12-17 15:26:26,cloudping Huawei,cn-north-1,Beijing 1,289.5
2025-12-17 15:26:26,cloudping Huawei,cn-east-2,Shanghai 2,543.5
2025-12-17 15:26:26,cloudping Huawei,cn-north-9,Wulanchabu,620.5
2025-12-17 15:52:26,cloudping Huawei,na-mexico-1,"Mexico City 1, Mexico",152.5
2025-12-17 15:52:26,cloudping Huawei,la-north-2,"Mexico City 2, Mexico",160
2025-12-17 15:52:26,cloudping Huawei,ap-southeast-3,Singapore,190
2025-12-17 15:52:26,cloudping Huawei,ap-southeast-1,"Hong Kong, China",216
2025-12-17 15:52:26,cloudping Huawei,sa-brazil-1,"Sao Paulo, Brazil",232
2025-12-17 15:52:26,cloudping Huawei,la-south-2,"Santiago, Chile",237
2025-12-17 15:52:26,cloudping Huawei,af-south-1,"Johannesburg, South Africa",240.5
2025-12-17 15:52:26,cloudping Huawei,ap-southeast-2,"Bangkok, Thailand",241
2025-12-17 15:52:26,cloudping Huawei,na-mexico-1,"Mexico City 1, Mexico",152.5
2025-12-17 15:52:26,cloudping Huawei,la-north-2,"Mexico City 2, Mexico",160
2025-12-17 15:52:26,cloudping Huawei,ap-southeast-3,Singapore,190
2025-12-17 15:52:26,cloudping Huawei,ap-southeast-1,"Hong Kong, China",216
2025-12-17 15:52:26,cloudping Huawei,sa-brazil-1,"Sao Paulo, Brazil",232
2025-12-17 15:52:26,cloudping Huawei,la-south-2,"Santiago, Chile",237
2025-12-17 15:52:26,cloudping Huawei,af-south-1,"Johannesburg, South Africa",240.5
2025-12-17 15:52:26,cloudping Huawei,ap-southeast-2,"Bangkok, Thailand",241
2025-12-17 15:52:26,cloudping Huawei,cn-east-2,Shanghai 2,216
2025-12-17 15:52:26,cloudping Huawei,cn-east-3,Shanghai 1,232
2025-12-17 15:52:26,cloudping Huawei,cn-southwest-2,Guiyang 1,253.5
2025-12-17 15:52:26,cloudping Huawei,cn-north-1,Beijing 1,412.5
2025-12-17 15:52:26,cloudping Huawei,cn-north-9,Wulanchabu,464.5
2025-12-17 15:52:26,cloudping Huawei,cn-south-1,Guangzhou,482
2025-12-17 15:52:26,cloudping Huawei,cn-north-4,Beijing 4,1074
2025-12-17 16:18:27,cloudping Huawei,la-north-2,"Mexico City 2, Mexico",143
2025-12-17 16:18:27,cloudping Huawei,na-mexico-1,"Mexico City 1, Mexico",147.5
2025-12-17 16:18:27,cloudping Huawei,ap-southeast-1,"Hong Kong, China",212
2025-12-17 16:18:27,cloudping Huawei,af-south-1,"Johannesburg, South Africa",232
2025-12-17 16:18:27,cloudping Huawei,ap-southeast-3,Singapore,235
2025-12-17 16:18:27,cloudping Huawei,la-south-2,"Santiago, Chile",237.5
2025-12-17 16:18:27,cloudping Huawei,sa-brazil-1,"Sao Paulo, Brazil",238.5
2025-12-17 16:18:27,cloudping Huawei,ap-southeast-2,"Bangkok, Thailand",244.5
2025-12-17 16:18:27,cloudping Huawei,la-north-2,"Mexico City 2, Mexico",143
2025-12-17 16:18:27,cloudping Huawei,na-mexico-1,"Mexico City 1, Mexico",147.5
2025-12-17 16:18:27,cloudping Huawei,ap-southeast-1,"Hong Kong, China",212
2025-12-17 16:18:27,cloudping Huawei,af-south-1,"Johannesburg, South Africa",232
2025-12-17 16:18:27,cloudping Huawei,ap-southeast-3,Singapore,235
2025-12-17 16:18:27,cloudping Huawei,la-south-2,"Santiago, Chile",237.5
2025-12-17 16:18:27,cloudping Huawei,sa-brazil-1,"Sao Paulo, Brazil",238.5
2025-12-17 16:18:27,cloudping Huawei,ap-southeast-2,"Bangkok, Thailand",244.5
2025-12-17 16:18:27,cloudping Huawei,cn-east-2,Shanghai 2,209.5
2025-12-17 16:18:27,cloudping Huawei,cn-east-3,Shanghai 1,210
2025-12-17 16:18:27,cloudping Huawei,cn-north-1,Beijing 1,228.5
2025-12-17 16:18:27,cloudping Huawei,cn-south-1,Guangzhou,240
2025-12-17 16:18:27,cloudping Huawei,cn-southwest-2,Guiyang 1,255.5
2025-12-17 16:18:27,cloudping Huawei,cn-north-4,Beijing 4,264.5
2025-12-17 16:18:27,cloudping Huawei,cn-north-9,Wulanchabu,274
2025-12-17 16:44:27,cloudping Huawei,na-mexico-1,"Mexico City 1, Mexico",146.5
2025-12-17 16:44:27,cloudping Huawei,la-north-2,"Mexico City 2, Mexico",150.5
2025-12-17 16:44:27,cloudping Huawei,ap-southeast-3,Singapore,190
2025-12-17 16:44:27,cloudping Huawei,ap-southeast-1,"Hong Kong, China",218.5
2025-12-17 16:44:27,cloudping Huawei,sa-brazil-1,"Sao Paulo, Brazil",223.5
2025-12-17 16:44:27,cloudping Huawei,la-south-2,"Santiago, Chile",236.5
2025-12-17 16:44:27,cloudping Huawei,af-south-1,"Johannesburg, South Africa",238.5
2025-12-17 16:44:27,cloudping Huawei,ap-southeast-2,"Bangkok, Thailand",283.5
2025-12-17 16:44:27,cloudping Huawei,na-mexico-1,"Mexico City 1, Mexico",146.5
2025-12-17 16:44:27,cloudping Huawei,la-north-2,"Mexico City 2, Mexico",150.5
2025-12-17 16:44:27,cloudping Huawei,ap-southeast-3,Singapore,190
2025-12-17 16:44:27,cloudping Huawei,ap-southeast-1,"Hong Kong, China",218.5
2025-12-17 16:44:27,cloudping Huawei,sa-brazil-1,"Sao Paulo, Brazil",223.5
2025-12-17 16:44:27,cloudping Huawei,la-south-2,"Santiago, Chile",236.5
2025-12-17 16:44:27,cloudping Huawei,af-south-1,"Johannesburg, South Africa",238.5
2025-12-17 16:44:27,cloudping Huawei,ap-southeast-2,"Bangkok, Thailand",283.5
2025-12-17 16:44:27,cloudping Huawei,cn-north-9,Wulanchabu,231.5
2025-12-17 16:44:27,cloudping Huawei,cn-south-1,Guangzhou,238.5
2025-12-17 16:44:27,cloudping Huawei,cn-north-4,Beijing 4,258.5
2025-12-17 16:44:27,cloudping Huawei,cn-east-3,Shanghai 1,266.5
2025-12-17 16:44:27,cloudping Huawei,cn-north-1,Beijing 1,277.5
2025-12-17 16:44:27,cloudping Huawei,cn-east-2,Shanghai 2,522.5
2025-12-17 16:44:27,cloudping Huawei,cn-southwest-2,Guiyang 1,953.5
2025-12-17 17:10:28,cloudping Huawei,la-north-2,"Mexico City 2, Mexico",145.5
2025-12-17 17:10:28,cloudping Huawei,na-mexico-1,"Mexico City 1, Mexico",156
2025-12-17 17:10:28,cloudping Huawei,ap-southeast-3,Singapore,187
2025-12-17 17:10:28,cloudping Huawei,ap-southeast-1,"Hong Kong, China",227.5
2025-12-17 17:10:28,cloudping Huawei,ap-southeast-2,"Bangkok, Thailand",235.5
2025-12-17 17:10:28,cloudping Huawei,sa-brazil-1,"Sao Paulo, Brazil",240.5
2025-12-17 17:10:28,cloudping Huawei,af-south-1,"Johannesburg, South Africa",243.5
2025-12-17 17:10:28,cloudping Huawei,la-south-2,"Santiago, Chile",259.5
2025-12-17 17:10:28,cloudping Huawei,la-north-2,"Mexico City 2, Mexico",145.5
2025-12-17 17:10:28,cloudping Huawei,na-mexico-1,"Mexico City 1, Mexico",156
2025-12-17 17:10:28,cloudping Huawei,ap-southeast-3,Singapore,187
2025-12-17 17:10:28,cloudping Huawei,ap-southeast-1,"Hong Kong, China",227.5
2025-12-17 17:10:28,cloudping Huawei,ap-southeast-2,"Bangkok, Thailand",235.5
2025-12-17 17:10:28,cloudping Huawei,sa-brazil-1,"Sao Paulo, Brazil",240.5
2025-12-17 17:10:28,cloudping Huawei,af-south-1,"Johannesburg, South Africa",243.5
2025-12-17 17:10:28,cloudping Huawei,la-south-2,"Santiago, Chile",259.5
2025-12-17 17:10:28,cloudping Huawei,cn-north-1,Beijing 1,181.5
2025-12-17 17:10:28,cloudping Huawei,cn-east-3,Shanghai 1,212
2025-12-17 17:10:28,cloudping Huawei,cn-east-2,Shanghai 2,217
2025-12-17 17:10:28,cloudping Huawei,cn-north-9,Wulanchabu,265
2025-12-17 17:10:28,cloudping Huawei,cn-north-4,Beijing 4,288
2025-12-17 17:10:28,cloudping Huawei,cn-southwest-2,Guiyang 1,306.5
2025-12-17 17:10:28,cloudping Huawei,cn-south-1,Guangzhou,632
2025-12-17 17:36:29,cloudping Huawei,la-north-2,"Mexico City 2, Mexico",143.5
2025-12-17 17:36:29,cloudping Huawei,na-mexico-1,"Mexico City 1, Mexico",144.5
2025-12-17 17:36:29,cloudping Huawei,ap-southeast-3,Singapore,186.5
2025-12-17 17:36:29,cloudping Huawei,ap-southeast-1,"Hong Kong, China",218
2025-12-17 17:36:29,cloudping Huawei,sa-brazil-1,"Sao Paulo, Brazil",234.5
2025-12-17 17:36:29,cloudping Huawei,af-south-1,"Johannesburg, South Africa",240.5
2025-12-17 17:36:29,cloudping Huawei,ap-southeast-2,"Bangkok, Thailand",250.5
2025-12-17 17:36:29,cloudping Huawei,la-south-2,"Santiago, Chile",344.5
2025-12-17 17:36:29,cloudping Huawei,la-north-2,"Mexico City 2, Mexico",143.5
2025-12-17 17:36:29,cloudping Huawei,na-mexico-1,"Mexico City 1, Mexico",144.5
2025-12-17 17:36:29,cloudping Huawei,ap-southeast-3,Singapore,186.5
2025-12-17 17:36:29,cloudping Huawei,ap-southeast-1,"Hong Kong, China",218
2025-12-17 17:36:29,cloudping Huawei,sa-brazil-1,"Sao Paulo, Brazil",234.5
2025-12-17 17:36:29,cloudping Huawei,af-south-1,"Johannesburg, South Africa",240.5
2025-12-17 17:36:29,cloudping Huawei,ap-southeast-2,"Bangkok, Thailand",250.5
2025-12-17 17:36:29,cloudping Huawei,la-south-2,"Santiago, Chile",344.5
2025-12-17 17:36:29,cloudping Huawei,cn-north-1,Beijing 1,188.5
2025-12-17 17:36:29,cloudping Huawei,cn-east-3,Shanghai 1,209
2025-12-17 17:36:29,cloudping Huawei,cn-east-2,Shanghai 2,238
2025-12-17 17:36:29,cloudping Huawei,cn-southwest-2,Guiyang 1,255.5
2025-12-17 17:36:29,cloudping Huawei,cn-north-9,Wulanchabu,259
2025-12-17 17:36:29,cloudping Huawei,cn-south-1,Guangzhou,538.5
2025-12-17 17:36:29,cloudping Huawei,cn-north-4,Beijing 4,627.5
2025-12-17 18:02:28,cloudping Huawei,la-north-2,"Mexico City 2, Mexico",144.5
2025-12-17 18:02:28,cloudping Huawei,na-mexico-1,"Mexico City 1, Mexico",161
2025-12-17 18:02:28,cloudping Huawei,ap-southeast-3,Singapore,192.5
2025-12-17 18:02:28,cloudping Huawei,sa-brazil-1,"Sao Paulo, Brazil",233.5
2025-12-17 18:02:28,cloudping Huawei,ap-southeast-1,"Hong Kong, China",238.5
2025-12-17 18:02:28,cloudping Huawei,la-south-2,"Santiago, Chile",247.5
2025-12-17 18:02:28,cloudping Huawei,ap-southeast-2,"Bangkok, Thailand",249
2025-12-17 18:02:28,cloudping Huawei,af-south-1,"Johannesburg, South Africa",253
2025-12-17 18:02:28,cloudping Huawei,la-north-2,"Mexico City 2, Mexico",144.5
2025-12-17 18:02:28,cloudping Huawei,na-mexico-1,"Mexico City 1, Mexico",161
2025-12-17 18:02:28,cloudping Huawei,ap-southeast-3,Singapore,192.5
2025-12-17 18:02:28,cloudping Huawei,sa-brazil-1,"Sao Paulo, Brazil",233.5
2025-12-17 18:02:28,cloudping Huawei,ap-southeast-1,"Hong Kong, China",238.5
2025-12-17 18:02:28,cloudping Huawei,la-south-2,"Santiago, Chile",247.5
2025-12-17 18:02:28,cloudping Huawei,ap-southeast-2,"Bangkok, Thailand",249
2025-12-17 18:02:28,cloudping Huawei,af-south-1,"Johannesburg, South Africa",253
2025-12-17 18:02:28,cloudping Huawei,cn-north-1,Beijing 1,194.5
2025-12-17 18:02:28,cloudping Huawei,cn-east-2,Shanghai 2,218
2025-12-17 18:02:28,cloudping Huawei,cn-south-1,Guangzhou,248.5
2025-12-17 18:02:28,cloudping Huawei,cn-southwest-2,Guiyang 1,256
2025-12-17 18:02:28,cloudping Huawei,cn-east-3,Shanghai 1,271.5
2025-12-17 18:02:28,cloudping Huawei,cn-north-9,Wulanchabu,298
2025-12-17 18:02:28,cloudping Huawei,cn-north-4,Beijing 4,322.5
2025-12-17 18:28:29,cloudping Huawei,la-north-2,"Mexico City 2, Mexico",145
2025-12-17 18:28:29,cloudping Huawei,na-mexico-1,"Mexico City 1, Mexico",147.5
2025-12-17 18:28:29,cloudping Huawei,ap-southeast-3,Singapore,186.5
2025-12-17 18:28:29,cloudping Huawei,ap-southeast-1,"Hong Kong, China",215.5
2025-12-17 18:28:29,cloudping Huawei,sa-brazil-1,"Sao Paulo, Brazil",224
2025-12-17 18:28:29,cloudping Huawei,af-south-1,"Johannesburg, South Africa",229
2025-12-17 18:28:29,cloudping Huawei,ap-southeast-2,"Bangkok, Thailand",247.5
2025-12-17 18:28:29,cloudping Huawei,la-south-2,"Santiago, Chile",248
2025-12-17 18:28:29,cloudping Huawei,la-north-2,"Mexico City 2, Mexico",145
2025-12-17 18:28:29,cloudping Huawei,na-mexico-1,"Mexico City 1, Mexico",147.5
2025-12-17 18:28:29,cloudping Huawei,ap-southeast-3,Singapore,186.5
2025-12-17 18:28:29,cloudping Huawei,ap-southeast-1,"Hong Kong, China",215.5
2025-12-17 18:28:29,cloudping Huawei,sa-brazil-1,"Sao Paulo, Brazil",224
2025-12-17 18:28:29,cloudping Huawei,af-south-1,"Johannesburg, South Africa",229
2025-12-17 18:28:29,cloudping Huawei,ap-southeast-2,"Bangkok, Thailand",247.5
2025-12-17 18:28:29,cloudping Huawei,la-south-2,"Santiago, Chile",248
2025-12-17 18:28:29,cloudping Huawei,cn-east-2,Shanghai 2,208
2025-12-17 18:28:29,cloudping Huawei,cn-east-3,Shanghai 1,225.5
2025-12-17 18:28:29,cloudping Huawei,cn-south-1,Guangzhou,252
2025-12-17 18:28:29,cloudping Huawei,cn-southwest-2,Guiyang 1,254.5
2025-12-17 18:28:29,cloudping Huawei,cn-north-1,Beijing 1,266.5
2025-12-17 18:28:29,cloudping Huawei,cn-north-4,Beijing 4,269.5
2025-12-17 18:28:29,cloudping Huawei,cn-north-9,Wulanchabu,311.5
2025-12-17 18:54:29,cloudping Huawei,na-mexico-1,"Mexico City 1, Mexico",144
2025-12-17 18:54:29,cloudping Huawei,la-north-2,"Mexico City 2, Mexico",144
2025-12-17 18:54:29,cloudping Huawei,ap-southeast-3,Singapore,192
2025-12-17 18:54:29,cloudping Huawei,sa-brazil-1,"Sao Paulo, Brazil",218.5
2025-12-17 18:54:29,cloudping Huawei,ap-southeast-1,"Hong Kong, China",219.5
2025-12-17 18:54:29,cloudping Huawei,ap-southeast-2,"Bangkok, Thailand",238.5
2025-12-17 18:54:29,cloudping Huawei,la-south-2,"Santiago, Chile",243
2025-12-17 18:54:29,cloudping Huawei,af-south-1,"Johannesburg, South Africa",266.5
2025-12-17 18:54:29,cloudping Huawei,na-mexico-1,"Mexico City 1, Mexico",144
2025-12-17 18:54:29,cloudping Huawei,la-north-2,"Mexico City 2, Mexico",144
2025-12-17 18:54:29,cloudping Huawei,ap-southeast-3,Singapore,192
2025-12-17 18:54:29,cloudping Huawei,sa-brazil-1,"Sao Paulo, Brazil",218.5
2025-12-17 18:54:29,cloudping Huawei,ap-southeast-1,"Hong Kong, China",219.5
2025-12-17 18:54:29,cloudping Huawei,ap-southeast-2,"Bangkok, Thailand",238.5
2025-12-17 18:54:29,cloudping Huawei,la-south-2,"Santiago, Chile",243
2025-12-17 18:54:29,cloudping Huawei,af-south-1,"Johannesburg, South Africa",266.5
2025-12-17 18:54:29,cloudping Huawei,cn-east-3,Shanghai 1,223
2025-12-17 18:54:29,cloudping Huawei,cn-south-1,Guangzhou,224
2025-12-17 18:54:29,cloudping Huawei,cn-east-2,Shanghai 2,236
2025-12-17 18:54:29,cloudping Huawei,cn-north-1,Beijing 1,247.5
2025-12-17 18:54:29,cloudping Huawei,cn-north-4,Beijing 4,268.5
2025-12-17 18:54:29,cloudping Huawei,cn-north-9,Wulanchabu,272.5
2025-12-17 18:54:29,cloudping Huawei,cn-southwest-2,Guiyang 1,328.5
2025-12-17 19:20:30,cloudping Huawei,na-mexico-1,"Mexico City 1, Mexico",147
2025-12-17 19:20:30,cloudping Huawei,ap-southeast-3,Singapore,189.5
2025-12-17 19:20:30,cloudping Huawei,ap-southeast-1,"Hong Kong, China",216
2025-12-17 19:20:30,cloudping Huawei,la-north-2,"Mexico City 2, Mexico",219
2025-12-17 19:20:30,cloudping Huawei,ap-southeast-2,"Bangkok, Thailand",236.5
2025-12-17 19:20:30,cloudping Huawei,sa-brazil-1,"Sao Paulo, Brazil",236.5
2025-12-17 19:20:30,cloudping Huawei,la-south-2,"Santiago, Chile",244.5
2025-12-17 19:20:30,cloudping Huawei,af-south-1,"Johannesburg, South Africa",249.5
2025-12-17 19:20:30,cloudping Huawei,na-mexico-1,"Mexico City 1, Mexico",147
2025-12-17 19:20:30,cloudping Huawei,ap-southeast-3,Singapore,189.5
2025-12-17 19:20:30,cloudping Huawei,ap-southeast-1,"Hong Kong, China",216
2025-12-17 19:20:30,cloudping Huawei,la-north-2,"Mexico City 2, Mexico",219
2025-12-17 19:20:30,cloudping Huawei,ap-southeast-2,"Bangkok, Thailand",236.5
2025-12-17 19:20:30,cloudping Huawei,sa-brazil-1,"Sao Paulo, Brazil",236.5
2025-12-17 19:20:30,cloudping Huawei,la-south-2,"Santiago, Chile",244.5
2025-12-17 19:20:30,cloudping Huawei,af-south-1,"Johannesburg, South Africa",249.5
2025-12-17 19:20:30,cloudping Huawei,cn-east-2,Shanghai 2,205.5
2025-12-17 19:20:30,cloudping Huawei,cn-east-3,Shanghai 1,205.5
2025-12-17 19:20:30,cloudping Huawei,cn-north-9,Wulanchabu,261
2025-12-17 19:20:30,cloudping Huawei,cn-north-4,Beijing 4,264.5
2025-12-17 19:20:30,cloudping Huawei,cn-north-1,Beijing 1,273
2025-12-17 19:20:30,cloudping Huawei,cn-south-1,Guangzhou,276.5
2025-12-17 19:20:30,cloudping Huawei,cn-southwest-2,Guiyang 1,529.5
2025-12-17 19:46:30,cloudping Huawei,na-mexico-1,"Mexico City 1, Mexico",143.5
2025-12-17 19:46:30,cloudping Huawei,la-north-2,"Mexico City 2, Mexico",145
2025-12-17 19:46:30,cloudping Huawei,ap-southeast-3,Singapore,191.5
2025-12-17 19:46:30,cloudping Huawei,ap-southeast-1,"Hong Kong, China",215.5
2025-12-17 19:46:30,cloudping Huawei,sa-brazil-1,"Sao Paulo, Brazil",224
2025-12-17 19:46:30,cloudping Huawei,ap-southeast-2,"Bangkok, Thailand",235
2025-12-17 19:46:30,cloudping Huawei,la-south-2,"Santiago, Chile",235
2025-12-17 19:46:30,cloudping Huawei,af-south-1,"Johannesburg, South Africa",239.5
2025-12-17 19:46:30,cloudping Huawei,na-mexico-1,"Mexico City 1, Mexico",143.5
2025-12-17 19:46:30,cloudping Huawei,la-north-2,"Mexico City 2, Mexico",145
2025-12-17 19:46:30,cloudping Huawei,ap-southeast-3,Singapore,191.5
2025-12-17 19:46:30,cloudping Huawei,ap-southeast-1,"Hong Kong, China",215.5
2025-12-17 19:46:30,cloudping Huawei,sa-brazil-1,"Sao Paulo, Brazil",224
2025-12-17 19:46:30,cloudping Huawei,ap-southeast-2,"Bangkok, Thailand",235
2025-12-17 19:46:30,cloudping Huawei,la-south-2,"Santiago, Chile",235
2025-12-17 19:46:30,cloudping Huawei,af-south-1,"Johannesburg, South Africa",239.5
2025-12-17 19:46:30,cloudping Huawei,cn-east-2,Shanghai 2,207
2025-12-17 19:46:30,cloudping Huawei,cn-north-9,Wulanchabu,222
2025-12-17 19:46:30,cloudping Huawei,cn-north-1,Beijing 1,228
2025-12-17 19:46:30,cloudping Huawei,cn-south-1,Guangzhou,230.5
2025-12-17 19:46:30,cloudping Huawei,cn-east-3,Shanghai 1,250
2025-12-17 19:46:30,cloudping Huawei,cn-southwest-2,Guiyang 1,252
2025-12-17 19:46:30,cloudping Huawei,cn-north-4,Beijing 4,267
2025-12-17 20:12:30,cloudping Huawei,na-mexico-1,"Mexico City 1, Mexico",145.5
2025-12-17 20:12:30,cloudping Huawei,la-north-2,"Mexico City 2, Mexico",151
2025-12-17 20:12:30,cloudping Huawei,ap-southeast-3,Singapore,198
2025-12-17 20:12:30,cloudping Huawei,ap-southeast-1,"Hong Kong, China",221
2025-12-17 20:12:30,cloudping Huawei,sa-brazil-1,"Sao Paulo, Brazil",233.5
2025-12-17 20:12:30,cloudping Huawei,ap-southeast-2,"Bangkok, Thailand",239
2025-12-17 20:12:30,cloudping Huawei,af-south-1,"Johannesburg, South Africa",242.5
2025-12-17 20:12:30,cloudping Huawei,la-south-2,"Santiago, Chile",283
2025-12-17 20:12:30,cloudping Huawei,na-mexico-1,"Mexico City 1, Mexico",145.5
2025-12-17 20:12:30,cloudping Huawei,la-north-2,"Mexico City 2, Mexico",151
2025-12-17 20:12:30,cloudping Huawei,ap-southeast-3,Singapore,198
2025-12-17 20:12:30,cloudping Huawei,ap-southeast-1,"Hong Kong, China",221
2025-12-17 20:12:30,cloudping Huawei,sa-brazil-1,"Sao Paulo, Brazil",233.5
2025-12-17 20:12:30,cloudping Huawei,ap-southeast-2,"Bangkok, Thailand",239
2025-12-17 20:12:30,cloudping Huawei,af-south-1,"Johannesburg, South Africa",242.5
2025-12-17 20:12:30,cloudping Huawei,la-south-2,"Santiago, Chile",283
2025-12-17 20:12:30,cloudping Huawei,cn-east-2,Shanghai 2,214
2025-12-17 20:12:30,cloudping Huawei,cn-east-3,Shanghai 1,223.5
2025-12-17 20:12:30,cloudping Huawei,cn-south-1,Guangzhou,236
2025-12-17 20:12:30,cloudping Huawei,cn-north-1,Beijing 1,241
2025-12-17 20:12:30,cloudping Huawei,cn-north-9,Wulanchabu,257.5
2025-12-17 20:12:30,cloudping Huawei,cn-north-4,Beijing 4,261.5
2025-12-17 20:12:30,cloudping Huawei,cn-southwest-2,Guiyang 1,264
2025-12-17 20:38:32,cloudping Huawei,na-mexico-1,"Mexico City 1, Mexico",144
2025-12-17 20:38:32,cloudping Huawei,la-north-2,"Mexico City 2, Mexico",148.5
2025-12-17 20:38:32,cloudping Huawei,ap-southeast-3,Singapore,195
2025-12-17 20:38:32,cloudping Huawei,ap-southeast-1,"Hong Kong, China",214
2025-12-17 20:38:32,cloudping Huawei,ap-southeast-2,"Bangkok, Thailand",241
2025-12-17 20:38:32,cloudping Huawei,af-south-1,"Johannesburg, South Africa",257.5
2025-12-17 20:38:32,cloudping Huawei,la-south-2,"Santiago, Chile",275
2025-12-17 20:38:32,cloudping Huawei,sa-brazil-1,"Sao Paulo, Brazil",294.5
2025-12-17 20:38:32,cloudping Huawei,na-mexico-1,"Mexico City 1, Mexico",144
2025-12-17 20:38:32,cloudping Huawei,la-north-2,"Mexico City 2, Mexico",148.5
2025-12-17 20:38:32,cloudping Huawei,ap-southeast-3,Singapore,195
2025-12-17 20:38:32,cloudping Huawei,ap-southeast-1,"Hong Kong, China",214
2025-12-17 20:38:32,cloudping Huawei,ap-southeast-2,"Bangkok, Thailand",241
2025-12-17 20:38:32,cloudping Huawei,af-south-1,"Johannesburg, South Africa",257.5
2025-12-17 20:38:32,cloudping Huawei,la-south-2,"Santiago, Chile",275
2025-12-17 20:38:32,cloudping Huawei,sa-brazil-1,"Sao Paulo, Brazil",294.5
2025-12-17 20:38:32,cloudping Huawei,cn-east-2,Shanghai 2,202.5
2025-12-17 20:38:32,cloudping Huawei,cn-east-3,Shanghai 1,206.5
2025-12-17 20:38:32,cloudping Huawei,cn-south-1,Guangzhou,229
2025-12-17 20:38:32,cloudping Huawei,cn-north-1,Beijing 1,229
2025-12-17 20:38:32,cloudping Huawei,cn-north-4,Beijing 4,251
2025-12-17 20:38:32,cloudping Huawei,cn-north-9,Wulanchabu,260.5
2025-12-17 20:38:32,cloudping Huawei,cn-southwest-2,Guiyang 1,263.5
2025-12-17 21:04:31,cloudping Huawei,la-north-2,"Mexico City 2, Mexico",144.5
2025-12-17 21:04:31,cloudping Huawei,na-mexico-1,"Mexico City 1, Mexico",149
2025-12-17 21:04:31,cloudping Huawei,ap-southeast-3,Singapore,191
2025-12-17 21:04:31,cloudping Huawei,ap-southeast-1,"Hong Kong, China",220.5
2025-12-17 21:04:31,cloudping Huawei,sa-brazil-1,"Sao Paulo, Brazil",230
2025-12-17 21:04:31,cloudping Huawei,ap-southeast-2,"Bangkok, Thailand",235.5
2025-12-17 21:04:31,cloudping Huawei,la-south-2,"Santiago, Chile",245.5
2025-12-17 21:04:31,cloudping Huawei,af-south-1,"Johannesburg, South Africa",825
2025-12-17 21:04:31,cloudping Huawei,la-north-2,"Mexico City 2, Mexico",144.5
2025-12-17 21:04:31,cloudping Huawei,na-mexico-1,"Mexico City 1, Mexico",149
2025-12-17 21:04:31,cloudping Huawei,ap-southeast-3,Singapore,191
2025-12-17 21:04:31,cloudping Huawei,ap-southeast-1,"Hong Kong, China",220.5
2025-12-17 21:04:31,cloudping Huawei,sa-brazil-1,"Sao Paulo, Brazil",230
2025-12-17 21:04:31,cloudping Huawei,ap-southeast-2,"Bangkok, Thailand",235.5
2025-12-17 21:04:31,cloudping Huawei,la-south-2,"Santiago, Chile",245.5
2025-12-17 21:04:31,cloudping Huawei,af-south-1,"Johannesburg, South Africa",825
2025-12-17 21:04:31,cloudping Huawei,cn-east-2,Shanghai 2,203.5
2025-12-17 21:04:31,cloudping Huawei,cn-north-1,Beijing 1,228.5
2025-12-17 21:04:31,cloudping Huawei,cn-south-1,Guangzhou,243
2025-12-17 21:04:31,cloudping Huawei,cn-southwest-2,Guiyang 1,253
2025-12-17 21:04:31,cloudping Huawei,cn-north-9,Wulanchabu,266
2025-12-17 21:04:31,cloudping Huawei,cn-east-3,Shanghai 1,283.5
2025-12-17 21:04:31,cloudping Huawei,cn-north-4,Beijing 4,297.5
2025-12-17 21:30:31,cloudping Huawei,na-mexico-1,"Mexico City 1, Mexico",144.5
2025-12-17 21:30:31,cloudping Huawei,la-north-2,"Mexico City 2, Mexico",146
2025-12-17 21:30:31,cloudping Huawei,ap-southeast-3,Singapore,192
2025-12-17 21:30:31,cloudping Huawei,ap-southeast-1,"Hong Kong, China",214.5
2025-12-17 21:30:31,cloudping Huawei,sa-brazil-1,"Sao Paulo, Brazil",239
2025-12-17 21:30:31,cloudping Huawei,af-south-1,"Johannesburg, South Africa",246.5
2025-12-17 21:30:31,cloudping Huawei,ap-southeast-2,"Bangkok, Thailand",250.5
2025-12-17 21:30:31,cloudping Huawei,la-south-2,"Santiago, Chile",262
2025-12-17 21:30:31,cloudping Huawei,na-mexico-1,"Mexico City 1, Mexico",144.5
2025-12-17 21:30:31,cloudping Huawei,la-north-2,"Mexico City 2, Mexico",146
2025-12-17 21:30:31,cloudping Huawei,ap-southeast-3,Singapore,192
2025-12-17 21:30:31,cloudping Huawei,ap-southeast-1,"Hong Kong, China",214.5
2025-12-17 21:30:31,cloudping Huawei,sa-brazil-1,"Sao Paulo, Brazil",239
2025-12-17 21:30:31,cloudping Huawei,af-south-1,"Johannesburg, South Africa",246.5
2025-12-17 21:30:31,cloudping Huawei,ap-southeast-2,"Bangkok, Thailand",250.5
2025-12-17 21:30:31,cloudping Huawei,la-south-2,"Santiago, Chile",262
2025-12-17 21:30:31,cloudping Huawei,cn-east-2,Shanghai 2,216
2025-12-17 21:30:31,cloudping Huawei,cn-east-3,Shanghai 1,220.5
2025-12-17 21:30:31,cloudping Huawei,cn-north-1,Beijing 1,223
2025-12-17 21:30:31,cloudping Huawei,cn-south-1,Guangzhou,235.5
2025-12-17 21:30:31,cloudping Huawei,cn-north-4,Beijing 4,252.5
2025-12-17 21:30:31,cloudping Huawei,cn-north-9,Wulanchabu,269
2025-12-17 21:30:31,cloudping Huawei,cn-southwest-2,Guiyang 1,281
2025-12-17 21:56:32,cloudping Huawei,na-mexico-1,"Mexico City 1, Mexico",144
2025-12-17 21:56:32,cloudping Huawei,la-north-2,"Mexico City 2, Mexico",148
2025-12-17 21:56:32,cloudping Huawei,ap-southeast-3,Singapore,189.5
2025-12-17 21:56:32,cloudping Huawei,ap-southeast-1,"Hong Kong, China",215.5
2025-12-17 21:56:32,cloudping Huawei,sa-brazil-1,"Sao Paulo, Brazil",224
2025-12-17 21:56:32,cloudping Huawei,ap-southeast-2,"Bangkok, Thailand",235
2025-12-17 21:56:32,cloudping Huawei,af-south-1,"Johannesburg, South Africa",238.5
2025-12-17 21:56:32,cloudping Huawei,la-south-2,"Santiago, Chile",244.5
2025-12-17 21:56:32,cloudping Huawei,na-mexico-1,"Mexico City 1, Mexico",144
2025-12-17 21:56:32,cloudping Huawei,la-north-2,"Mexico City 2, Mexico",148
2025-12-17 21:56:32,cloudping Huawei,ap-southeast-3,Singapore,189.5
2025-12-17 21:56:32,cloudping Huawei,ap-southeast-1,"Hong Kong, China",215.5
2025-12-17 21:56:32,cloudping Huawei,sa-brazil-1,"Sao Paulo, Brazil",224
2025-12-17 21:56:32,cloudping Huawei,ap-southeast-2,"Bangkok, Thailand",235
2025-12-17 21:56:32,cloudping Huawei,af-south-1,"Johannesburg, South Africa",238.5
2025-12-17 21:56:32,cloudping Huawei,la-south-2,"Santiago, Chile",244.5
2025-12-17 21:56:32,cloudping Huawei,cn-east-2,Shanghai 2,215.5
2025-12-17 21:56:32,cloudping Huawei,cn-north-4,Beijing 4,223
2025-12-17 21:56:32,cloudping Huawei,cn-north-1,Beijing 1,228.5
2025-12-17 21:56:32,cloudping Huawei,cn-south-1,Guangzhou,230.5
2025-12-17 21:56:32,cloudping Huawei,cn-east-3,Shanghai 1,256
2025-12-17 21:56:32,cloudping Huawei,cn-north-9,Wulanchabu,270.5
2025-12-17 21:56:32,cloudping Huawei,cn-southwest-2,Guiyang 1,342
2025-12-17 22:22:32,cloudping Huawei,la-north-2,"Mexico City 2, Mexico",143.5
2025-12-17 22:22:32,cloudping Huawei,na-mexico-1,"Mexico City 1, Mexico",147
2025-12-17 22:22:32,cloudping Huawei,ap-southeast-3,Singapore,190.5
2025-12-17 22:22:32,cloudping Huawei,ap-southeast-1,"Hong Kong, China",217
2025-12-17 22:22:32,cloudping Huawei,sa-brazil-1,"Sao Paulo, Brazil",228.5
2025-12-17 22:22:32,cloudping Huawei,af-south-1,"Johannesburg, South Africa",232
2025-12-17 22:22:32,cloudping Huawei,ap-southeast-2,"Bangkok, Thailand",237.5
2025-12-17 22:22:32,cloudping Huawei,la-south-2,"Santiago, Chile",634
2025-12-17 22:22:32,cloudping Huawei,la-north-2,"Mexico City 2, Mexico",143.5
2025-12-17 22:22:32,cloudping Huawei,na-mexico-1,"Mexico City 1, Mexico",147
2025-12-17 22:22:32,cloudping Huawei,ap-southeast-3,Singapore,190.5
2025-12-17 22:22:32,cloudping Huawei,ap-southeast-1,"Hong Kong, China",217
2025-12-17 22:22:32,cloudping Huawei,sa-brazil-1,"Sao Paulo, Brazil",228.5
2025-12-17 22:22:32,cloudping Huawei,af-south-1,"Johannesburg, South Africa",232
2025-12-17 22:22:32,cloudping Huawei,ap-southeast-2,"Bangkok, Thailand",237.5
2025-12-17 22:22:32,cloudping Huawei,la-south-2,"Santiago, Chile",634
2025-12-17 22:22:32,cloudping Huawei,cn-north-1,Beijing 1,184.5
2025-12-17 22:22:32,cloudping Huawei,cn-east-3,Shanghai 1,209.5
2025-12-17 22:22:32,cloudping Huawei,cn-east-2,Shanghai 2,216.5
2025-12-17 22:22:32,cloudping Huawei,cn-south-1,Guangzhou,234
2025-12-17 22:22:32,cloudping Huawei,cn-north-9,Wulanchabu,234
2025-12-17 22:22:32,cloudping Huawei,cn-southwest-2,Guiyang 1,264.5
2025-12-17 22:22:32,cloudping Huawei,cn-north-4,Beijing 4,307.5
2025-12-17 22:48:33,cloudping Huawei,la-north-2,"Mexico City 2, Mexico",145
2025-12-17 22:48:33,cloudping Huawei,na-mexico-1,"Mexico City 1, Mexico",147
2025-12-17 22:48:33,cloudping Huawei,ap-southeast-1,"Hong Kong, China",216
2025-12-17 22:48:33,cloudping Huawei,ap-southeast-2,"Bangkok, Thailand",239.5
2025-12-17 22:48:33,cloudping Huawei,sa-brazil-1,"Sao Paulo, Brazil",240.5
2025-12-17 22:48:33,cloudping Huawei,af-south-1,"Johannesburg, South Africa",243.5
2025-12-17 22:48:33,cloudping Huawei,ap-southeast-3,Singapore,261
2025-12-17 22:48:33,cloudping Huawei,la-south-2,"Santiago, Chile",389
2025-12-17 22:48:33,cloudping Huawei,la-north-2,"Mexico City 2, Mexico",145
2025-12-17 22:48:33,cloudping Huawei,na-mexico-1,"Mexico City 1, Mexico",147
2025-12-17 22:48:33,cloudping Huawei,ap-southeast-1,"Hong Kong, China",216
2025-12-17 22:48:33,cloudping Huawei,ap-southeast-2,"Bangkok, Thailand",239.5
2025-12-17 22:48:33,cloudping Huawei,sa-brazil-1,"Sao Paulo, Brazil",240.5
2025-12-17 22:48:33,cloudping Huawei,af-south-1,"Johannesburg, South Africa",243.5
2025-12-17 22:48:33,cloudping Huawei,ap-southeast-3,Singapore,261
2025-12-17 22:48:33,cloudping Huawei,la-south-2,"Santiago, Chile",389
2025-12-17 22:48:33,cloudping Huawei,cn-north-1,Beijing 1,189.5
2025-12-17 22:48:33,cloudping Huawei,cn-east-2,Shanghai 2,208
2025-12-17 22:48:33,cloudping Huawei,cn-north-9,Wulanchabu,227
2025-12-17 22:48:33,cloudping Huawei,cn-south-1,Guangzhou,236.5
2025-12-17 22:48:33,cloudping Huawei,cn-southwest-2,Guiyang 1,242.5
2025-12-17 22:48:33,cloudping Huawei,cn-east-3,Shanghai 1,251
2025-12-17 22:48:33,cloudping Huawei,cn-north-4,Beijing 4,252.5
2025-12-17 23:14:33,cloudping Huawei,la-north-2,"Mexico City 2, Mexico",144.5
2025-12-17 23:14:33,cloudping Huawei,na-mexico-1,"Mexico City 1, Mexico",145.5
2025-12-17 23:14:33,cloudping Huawei,ap-southeast-3,Singapore,189
2025-12-17 23:14:33,cloudping Huawei,ap-southeast-1,"Hong Kong, China",215
2025-12-17 23:14:33,cloudping Huawei,sa-brazil-1,"Sao Paulo, Brazil",225
2025-12-17 23:14:33,cloudping Huawei,la-south-2,"Santiago, Chile",238
2025-12-17 23:14:33,cloudping Huawei,af-south-1,"Johannesburg, South Africa",240.5
2025-12-17 23:14:33,cloudping Huawei,ap-southeast-2,"Bangkok, Thailand",245.5
2025-12-17 23:14:33,cloudping Huawei,la-north-2,"Mexico City 2, Mexico",144.5
2025-12-17 23:14:33,cloudping Huawei,na-mexico-1,"Mexico City 1, Mexico",145.5
2025-12-17 23:14:33,cloudping Huawei,ap-southeast-3,Singapore,189
2025-12-17 23:14:33,cloudping Huawei,ap-southeast-1,"Hong Kong, China",215
2025-12-17 23:14:33,cloudping Huawei,sa-brazil-1,"Sao Paulo, Brazil",225
2025-12-17 23:14:33,cloudping Huawei,la-south-2,"Santiago, Chile",238
2025-12-17 23:14:33,cloudping Huawei,af-south-1,"Johannesburg, South Africa",240.5
2025-12-17 23:14:33,cloudping Huawei,ap-southeast-2,"Bangkok, Thailand",245.5
2025-12-17 23:14:33,cloudping Huawei,cn-east-2,Shanghai 2,208
2025-12-17 23:14:33,cloudping Huawei,cn-east-3,Shanghai 1,209
2025-12-17 23:14:33,cloudping Huawei,cn-south-1,Guangzhou,237
2025-12-17 23:14:33,cloudping Huawei,cn-north-1,Beijing 1,238
2025-12-17 23:14:33,cloudping Huawei,cn-southwest-2,Guiyang 1,243
2025-12-17 23:14:33,cloudping Huawei,cn-north-9,Wulanchabu,266.5
2025-12-17 23:14:33,cloudping Huawei,cn-north-4,Beijing 4,271.5
2025-12-17 23:40:33,cloudping Huawei,na-mexico-1,"Mexico City 1, Mexico",146
2025-12-17 23:40:33,cloudping Huawei,la-north-2,"Mexico City 2, Mexico",153.5
2025-12-17 23:40:33,cloudping Huawei,ap-southeast-3,Singapore,188.5
2025-12-17 23:40:33,cloudping Huawei,ap-southeast-1,"Hong Kong, China",220
2025-12-17 23:40:33,cloudping Huawei,sa-brazil-1,"Sao Paulo, Brazil",224
2025-12-17 23:40:33,cloudping Huawei,af-south-1,"Johannesburg, South Africa",246
2025-12-17 23:40:33,cloudping Huawei,la-south-2,"Santiago, Chile",257.5
2025-12-17 23:40:33,cloudping Huawei,ap-southeast-2,"Bangkok, Thailand",258
2025-12-17 23:40:33,cloudping Huawei,na-mexico-1,"Mexico City 1, Mexico",146
2025-12-17 23:40:33,cloudping Huawei,la-north-2,"Mexico City 2, Mexico",153.5
2025-12-17 23:40:33,cloudping Huawei,ap-southeast-3,Singapore,188.5
2025-12-17 23:40:33,cloudping Huawei,ap-southeast-1,"Hong Kong, China",220
2025-12-17 23:40:33,cloudping Huawei,sa-brazil-1,"Sao Paulo, Brazil",224
2025-12-17 23:40:33,cloudping Huawei,af-south-1,"Johannesburg, South Africa",246
2025-12-17 23:40:33,cloudping Huawei,la-south-2,"Santiago, Chile",257.5
2025-12-17 23:40:33,cloudping Huawei,ap-southeast-2,"Bangkok, Thailand",258
2025-12-17 23:40:33,cloudping Huawei,cn-east-2,Shanghai 2,207.5
2025-12-17 23:40:33,cloudping Huawei,cn-southwest-2,Guiyang 1,233
2025-12-17 23:40:33,cloudping Huawei,cn-north-1,Beijing 1,235
2025-12-17 23:40:33,cloudping Huawei,cn-south-1,Guangzhou,247
2025-12-17 23:40:33,cloudping Huawei,cn-east-3,Shanghai 1,261.5
2025-12-17 23:40:33,cloudping Huawei,cn-north-4,Beijing 4,262.5
2025-12-17 23:40:33,cloudping Huawei,cn-north-9,Wulanchabu,265.5
2025-12-18 00:06:34,cloudping Huawei,la-north-2,"Mexico City 2, Mexico",143.5
2025-12-18 00:06:34,cloudping Huawei,na-mexico-1,"Mexico City 1, Mexico",151
2025-12-18 00:06:34,cloudping Huawei,ap-southeast-3,Singapore,186
2025-12-18 00:06:34,cloudping Huawei,ap-southeast-1,"Hong Kong, China",217
2025-12-18 00:06:34,cloudping Huawei,sa-brazil-1,"Sao Paulo, Brazil",231.5
2025-12-18 00:06:34,cloudping Huawei,af-south-1,"Johannesburg, South Africa",236.5
2025-12-18 00:06:34,cloudping Huawei,ap-southeast-2,"Bangkok, Thailand",247.5
2025-12-18 00:06:34,cloudping Huawei,la-south-2,"Santiago, Chile",251.5
2025-12-18 00:06:34,cloudping Huawei,la-north-2,"Mexico City 2, Mexico",143.5
2025-12-18 00:06:34,cloudping Huawei,na-mexico-1,"Mexico City 1, Mexico",151
2025-12-18 00:06:34,cloudping Huawei,ap-southeast-3,Singapore,186
2025-12-18 00:06:34,cloudping Huawei,ap-southeast-1,"Hong Kong, China",217
2025-12-18 00:06:34,cloudping Huawei,sa-brazil-1,"Sao Paulo, Brazil",231.5
2025-12-18 00:06:34,cloudping Huawei,af-south-1,"Johannesburg, South Africa",236.5
2025-12-18 00:06:34,cloudping Huawei,ap-southeast-2,"Bangkok, Thailand",247.5
2025-12-18 00:06:34,cloudping Huawei,la-south-2,"Santiago, Chile",251.5
2025-12-18 00:06:34,cloudping Huawei,cn-east-2,Shanghai 2,208.5
2025-12-18 00:06:34,cloudping Huawei,cn-south-1,Guangzhou,233.5
2025-12-18 00:06:34,cloudping Huawei,cn-east-3,Shanghai 1,237.5
2025-12-18 00:06:34,cloudping Huawei,cn-north-1,Beijing 1,249.5
2025-12-18 00:06:34,cloudping Huawei,cn-north-4,Beijing 4,252.5
2025-12-18 00:06:34,cloudping Huawei,cn-north-9,Wulanchabu,268.5
2025-12-18 00:06:34,cloudping Huawei,cn-southwest-2,Guiyang 1,271.5
2025-12-18 00:32:34,cloudping Huawei,na-mexico-1,"Mexico City 1, Mexico",144.5
2025-12-18 00:32:34,cloudping Huawei,la-north-2,"Mexico City 2, Mexico",146
2025-12-18 00:32:34,cloudping Huawei,ap-southeast-3,Singapore,193
2025-12-18 00:32:34,cloudping Huawei,ap-southeast-1,"Hong Kong, China",219
2025-12-18 00:32:34,cloudping Huawei,af-south-1,"Johannesburg, South Africa",229
2025-12-18 00:32:34,cloudping Huawei,ap-southeast-2,"Bangkok, Thailand",235
2025-12-18 00:32:34,cloudping Huawei,sa-brazil-1,"Sao Paulo, Brazil",237
2025-12-18 00:32:34,cloudping Huawei,la-south-2,"Santiago, Chile",271
2025-12-18 00:32:34,cloudping Huawei,na-mexico-1,"Mexico City 1, Mexico",144.5
2025-12-18 00:32:34,cloudping Huawei,la-north-2,"Mexico City 2, Mexico",146
2025-12-18 00:32:34,cloudping Huawei,ap-southeast-3,Singapore,193
2025-12-18 00:32:34,cloudping Huawei,ap-southeast-1,"Hong Kong, China",219
2025-12-18 00:32:34,cloudping Huawei,af-south-1,"Johannesburg, South Africa",229
2025-12-18 00:32:34,cloudping Huawei,ap-southeast-2,"Bangkok, Thailand",235
2025-12-18 00:32:34,cloudping Huawei,sa-brazil-1,"Sao Paulo, Brazil",237
2025-12-18 00:32:34,cloudping Huawei,la-south-2,"Santiago, Chile",271
2025-12-18 00:32:34,cloudping Huawei,cn-east-2,Shanghai 2,198
2025-12-18 00:32:34,cloudping Huawei,cn-east-3,Shanghai 1,211.5
2025-12-18 00:32:34,cloudping Huawei,cn-southwest-2,Guiyang 1,265
2025-12-18 00:32:34,cloudping Huawei,cn-north-1,Beijing 1,417.5
2025-12-18 00:32:34,cloudping Huawei,cn-north-9,Wulanchabu,488
2025-12-18 00:32:34,cloudping Huawei,cn-south-1,Guangzhou,516
2025-12-18 00:32:34,cloudping Huawei,cn-north-4,Beijing 4,535.5
2025-12-18 00:58:35,cloudping Huawei,na-mexico-1,"Mexico City 1, Mexico",146
2025-12-18 00:58:35,cloudping Huawei,la-north-2,"Mexico City 2, Mexico",149
2025-12-18 00:58:35,cloudping Huawei,ap-southeast-3,Singapore,189.5
2025-12-18 00:58:35,cloudping Huawei,ap-southeast-1,"Hong Kong, China",217
2025-12-18 00:58:35,cloudping Huawei,sa-brazil-1,"Sao Paulo, Brazil",228.5
2025-12-18 00:58:35,cloudping Huawei,la-south-2,"Santiago, Chile",237
2025-12-18 00:58:35,cloudping Huawei,ap-southeast-2,"Bangkok, Thailand",239.5
2025-12-18 00:58:35,cloudping Huawei,af-south-1,"Johannesburg, South Africa",240.5
2025-12-18 00:58:35,cloudping Huawei,na-mexico-1,"Mexico City 1, Mexico",146
2025-12-18 00:58:35,cloudping Huawei,la-north-2,"Mexico City 2, Mexico",149
2025-12-18 00:58:35,cloudping Huawei,ap-southeast-3,Singapore,189.5
2025-12-18 00:58:35,cloudping Huawei,ap-southeast-1,"Hong Kong, China",217
2025-12-18 00:58:35,cloudping Huawei,sa-brazil-1,"Sao Paulo, Brazil",228.5
2025-12-18 00:58:35,cloudping Huawei,la-south-2,"Santiago, Chile",237
2025-12-18 00:58:35,cloudping Huawei,ap-southeast-2,"Bangkok, Thailand",239.5
2025-12-18 00:58:35,cloudping Huawei,af-south-1,"Johannesburg, South Africa",240.5
2025-12-18 00:58:35,cloudping Huawei,cn-north-1,Beijing 1,232.5
2025-12-18 00:58:35,cloudping Huawei,cn-north-4,Beijing 4,269.5
2025-12-18 00:58:35,cloudping Huawei,cn-south-1,Guangzhou,455
2025-12-18 00:58:35,cloudping Huawei,cn-east-2,Shanghai 2,463.5
2025-12-18 00:58:35,cloudping Huawei,cn-east-3,Shanghai 1,464.5
2025-12-18 00:58:35,cloudping Huawei,cn-southwest-2,Guiyang 1,524.5
2025-12-18 00:58:35,cloudping Huawei,cn-north-9,Wulanchabu,553.5
2025-12-18 01:24:37,cloudping Huawei,la-north-2,"Mexico City 2, Mexico",143
2025-12-18 01:24:37,cloudping Huawei,na-mexico-1,"Mexico City 1, Mexico",148.5
2025-12-18 01:24:37,cloudping Huawei,ap-southeast-3,Singapore,215
2025-12-18 01:24:37,cloudping Huawei,ap-southeast-1,"Hong Kong, China",224
2025-12-18 01:24:37,cloudping Huawei,sa-brazil-1,"Sao Paulo, Brazil",224.5
2025-12-18 01:24:37,cloudping Huawei,la-south-2,"Santiago, Chile",238.5
2025-12-18 01:24:37,cloudping Huawei,ap-southeast-2,"Bangkok, Thailand",245.5
2025-12-18 01:24:37,cloudping Huawei,af-south-1,"Johannesburg, South Africa",259
2025-12-18 01:24:37,cloudping Huawei,la-north-2,"Mexico City 2, Mexico",143
2025-12-18 01:24:37,cloudping Huawei,na-mexico-1,"Mexico City 1, Mexico",148.5
2025-12-18 01:24:37,cloudping Huawei,ap-southeast-3,Singapore,215
2025-12-18 01:24:37,cloudping Huawei,ap-southeast-1,"Hong Kong, China",224
2025-12-18 01:24:37,cloudping Huawei,sa-brazil-1,"Sao Paulo, Brazil",224.5
2025-12-18 01:24:37,cloudping Huawei,la-south-2,"Santiago, Chile",238.5
2025-12-18 01:24:37,cloudping Huawei,ap-southeast-2,"Bangkok, Thailand",245.5
2025-12-18 01:24:37,cloudping Huawei,af-south-1,"Johannesburg, South Africa",259
2025-12-18 01:24:37,cloudping Huawei,cn-east-3,Shanghai 1,217
2025-12-18 01:24:37,cloudping Huawei,cn-southwest-2,Guiyang 1,259
2025-12-18 01:24:37,cloudping Huawei,cn-east-2,Shanghai 2,274
2025-12-18 01:24:37,cloudping Huawei,cn-north-1,Beijing 1,454
2025-12-18 01:24:37,cloudping Huawei,cn-north-9,Wulanchabu,470.5
2025-12-18 01:24:37,cloudping Huawei,cn-south-1,Guangzhou,473.5
2025-12-18 01:24:37,cloudping Huawei,cn-north-4,Beijing 4,521
2025-12-18 01:50:38,cloudping Huawei,la-north-2,"Mexico City 2, Mexico",151.5
2025-12-18 01:50:38,cloudping Huawei,ap-southeast-3,Singapore,192
2025-12-18 01:50:38,cloudping Huawei,na-mexico-1,"Mexico City 1, Mexico",193.5
2025-12-18 01:50:38,cloudping Huawei,ap-southeast-1,"Hong Kong, China",223.5
2025-12-18 01:50:38,cloudping Huawei,sa-brazil-1,"Sao Paulo, Brazil",225.5
2025-12-18 01:50:38,cloudping Huawei,ap-southeast-2,"Bangkok, Thailand",237
2025-12-18 01:50:38,cloudping Huawei,la-south-2,"Santiago, Chile",244.5
2025-12-18 01:50:38,cloudping Huawei,af-south-1,"Johannesburg, South Africa",286
2025-12-18 01:50:38,cloudping Huawei,la-north-2,"Mexico City 2, Mexico",151.5
2025-12-18 01:50:38,cloudping Huawei,ap-southeast-3,Singapore,192
2025-12-18 01:50:38,cloudping Huawei,na-mexico-1,"Mexico City 1, Mexico",193.5
2025-12-18 01:50:38,cloudping Huawei,ap-southeast-1,"Hong Kong, China",223.5
2025-12-18 01:50:38,cloudping Huawei,sa-brazil-1,"Sao Paulo, Brazil",225.5
2025-12-18 01:50:38,cloudping Huawei,ap-southeast-2,"Bangkok, Thailand",237
2025-12-18 01:50:38,cloudping Huawei,la-south-2,"Santiago, Chile",244.5
2025-12-18 01:50:38,cloudping Huawei,af-south-1,"Johannesburg, South Africa",286
2025-12-18 01:50:38,cloudping Huawei,cn-east-2,Shanghai 2,225
2025-12-18 01:50:38,cloudping Huawei,cn-north-1,Beijing 1,403
2025-12-18 01:50:38,cloudping Huawei,cn-east-3,Shanghai 1,493
2025-12-18 01:50:38,cloudping Huawei,cn-southwest-2,Guiyang 1,493.5
2025-12-18 01:50:38,cloudping Huawei,cn-south-1,Guangzhou,514
2025-12-18 01:50:38,cloudping Huawei,cn-north-4,Beijing 4,525
2025-12-18 01:50:38,cloudping Huawei,cn-north-9,Wulanchabu,537
2025-12-18 02:16:35,cloudping Huawei,na-mexico-1,"Mexico City 1, Mexico",146
2025-12-18 02:16:35,cloudping Huawei,la-north-2,"Mexico City 2, Mexico",154
2025-12-18 02:16:35,cloudping Huawei,ap-southeast-3,Singapore,185
2025-12-18 02:16:35,cloudping Huawei,ap-southeast-1,"Hong Kong, China",214.5
2025-12-18 02:16:35,cloudping Huawei,sa-brazil-1,"Sao Paulo, Brazil",223.5
2025-12-18 02:16:35,cloudping Huawei,ap-southeast-2,"Bangkok, Thailand",236.5
2025-12-18 02:16:35,cloudping Huawei,la-south-2,"Santiago, Chile",242
2025-12-18 02:16:35,cloudping Huawei,af-south-1,"Johannesburg, South Africa",246
2025-12-18 02:16:35,cloudping Huawei,na-mexico-1,"Mexico City 1, Mexico",146
2025-12-18 02:16:35,cloudping Huawei,la-north-2,"Mexico City 2, Mexico",154
2025-12-18 02:16:35,cloudping Huawei,ap-southeast-3,Singapore,185
2025-12-18 02:16:35,cloudping Huawei,ap-southeast-1,"Hong Kong, China",214.5
2025-12-18 02:16:35,cloudping Huawei,sa-brazil-1,"Sao Paulo, Brazil",223.5
2025-12-18 02:16:35,cloudping Huawei,ap-southeast-2,"Bangkok, Thailand",236.5
2025-12-18 02:16:35,cloudping Huawei,la-south-2,"Santiago, Chile",242
2025-12-18 02:16:35,cloudping Huawei,af-south-1,"Johannesburg, South Africa",246
2025-12-18 02:16:35,cloudping Huawei,cn-south-1,Guangzhou,238
2025-12-18 02:16:35,cloudping Huawei,cn-east-2,Shanghai 2,248.5
2025-12-18 02:16:35,cloudping Huawei,cn-east-3,Shanghai 1,249
2025-12-18 02:16:35,cloudping Huawei,cn-southwest-2,Guiyang 1,288
2025-12-18 02:16:35,cloudping Huawei,cn-north-1,Beijing 1,483.5
2025-12-18 02:16:35,cloudping Huawei,cn-north-4,Beijing 4,512
2025-12-18 02:16:35,cloudping Huawei,cn-north-9,Wulanchabu,579.5
2025-12-18 02:42:36,cloudping Huawei,la-north-2,"Mexico City 2, Mexico",145.5
2025-12-18 02:42:36,cloudping Huawei,na-mexico-1,"Mexico City 1, Mexico",145.5
2025-12-18 02:42:36,cloudping Huawei,ap-southeast-3,Singapore,187.5
2025-12-18 02:42:36,cloudping Huawei,ap-southeast-1,"Hong Kong, China",217
2025-12-18 02:42:36,cloudping Huawei,sa-brazil-1,"Sao Paulo, Brazil",221.5
2025-12-18 02:42:36,cloudping Huawei,la-south-2,"Santiago, Chile",243.5
2025-12-18 02:42:36,cloudping Huawei,ap-southeast-2,"Bangkok, Thailand",252
2025-12-18 02:42:36,cloudping Huawei,af-south-1,"Johannesburg, South Africa",252.5
2025-12-18 02:42:36,cloudping Huawei,la-north-2,"Mexico City 2, Mexico",145.5
2025-12-18 02:42:36,cloudping Huawei,na-mexico-1,"Mexico City 1, Mexico",145.5
2025-12-18 02:42:36,cloudping Huawei,ap-southeast-3,Singapore,187.5
2025-12-18 02:42:36,cloudping Huawei,ap-southeast-1,"Hong Kong, China",217
2025-12-18 02:42:36,cloudping Huawei,sa-brazil-1,"Sao Paulo, Brazil",221.5
2025-12-18 02:42:36,cloudping Huawei,la-south-2,"Santiago, Chile",243.5
2025-12-18 02:42:36,cloudping Huawei,ap-southeast-2,"Bangkok, Thailand",252
2025-12-18 02:42:36,cloudping Huawei,af-south-1,"Johannesburg, South Africa",252.5
2025-12-18 02:42:36,cloudping Huawei,cn-east-2,Shanghai 2,219
2025-12-18 02:42:36,cloudping Huawei,cn-north-9,Wulanchabu,227.5
2025-12-18 02:42:36,cloudping Huawei,cn-north-1,Beijing 1,228.5
2025-12-18 02:42:36,cloudping Huawei,cn-east-3,Shanghai 1,246.5
2025-12-18 02:42:36,cloudping Huawei,cn-southwest-2,Guiyang 1,249.5
2025-12-18 02:42:36,cloudping Huawei,cn-north-4,Beijing 4,258.5
2025-12-18 02:42:36,cloudping Huawei,cn-south-1,Guangzhou,325.5
2025-12-18 03:08:37,cloudping Huawei,la-north-2,"Mexico City 2, Mexico",150
2025-12-18 03:08:37,cloudping Huawei,na-mexico-1,"Mexico City 1, Mexico",172
2025-12-18 03:08:37,cloudping Huawei,ap-southeast-3,Singapore,190
2025-12-18 03:08:37,cloudping Huawei,ap-southeast-1,"Hong Kong, China",215
2025-12-18 03:08:37,cloudping Huawei,sa-brazil-1,"Sao Paulo, Brazil",224.5
2025-12-18 03:08:37,cloudping Huawei,ap-southeast-2,"Bangkok, Thailand",238.5
2025-12-18 03:08:37,cloudping Huawei,af-south-1,"Johannesburg, South Africa",243
2025-12-18 03:08:37,cloudping Huawei,la-south-2,"Santiago, Chile",289
2025-12-18 03:08:37,cloudping Huawei,la-north-2,"Mexico City 2, Mexico",150
2025-12-18 03:08:37,cloudping Huawei,na-mexico-1,"Mexico City 1, Mexico",172
2025-12-18 03:08:37,cloudping Huawei,ap-southeast-3,Singapore,190
2025-12-18 03:08:37,cloudping Huawei,ap-southeast-1,"Hong Kong, China",215
2025-12-18 03:08:37,cloudping Huawei,sa-brazil-1,"Sao Paulo, Brazil",224.5
2025-12-18 03:08:37,cloudping Huawei,ap-southeast-2,"Bangkok, Thailand",238.5
2025-12-18 03:08:37,cloudping Huawei,af-south-1,"Johannesburg, South Africa",243
2025-12-18 03:08:37,cloudping Huawei,la-south-2,"Santiago, Chile",289
2025-12-18 03:08:37,cloudping Huawei,cn-north-1,Beijing 1,186.5
2025-12-18 03:08:37,cloudping Huawei,cn-east-2,Shanghai 2,208.5
2025-12-18 03:08:37,cloudping Huawei,cn-south-1,Guangzhou,253
2025-12-18 03:08:37,cloudping Huawei,cn-southwest-2,Guiyang 1,256
2025-12-18 03:08:37,cloudping Huawei,cn-east-3,Shanghai 1,266
2025-12-18 03:08:37,cloudping Huawei,cn-north-4,Beijing 4,274
2025-12-18 03:08:37,cloudping Huawei,cn-north-9,Wulanchabu,297.5
2025-12-18 03:34:38,cloudping Huawei,la-north-2,"Mexico City 2, Mexico",142
2025-12-18 03:34:38,cloudping Huawei,na-mexico-1,"Mexico City 1, Mexico",148.5
2025-12-18 03:34:38,cloudping Huawei,ap-southeast-3,Singapore,191
2025-12-18 03:34:38,cloudping Huawei,ap-southeast-1,"Hong Kong, China",220
2025-12-18 03:34:38,cloudping Huawei,sa-brazil-1,"Sao Paulo, Brazil",225.5
2025-12-18 03:34:38,cloudping Huawei,ap-southeast-2,"Bangkok, Thailand",238
2025-12-18 03:34:38,cloudping Huawei,la-south-2,"Santiago, Chile",241
2025-12-18 03:34:38,cloudping Huawei,af-south-1,"Johannesburg, South Africa",333.5
2025-12-18 03:34:38,cloudping Huawei,la-north-2,"Mexico City 2, Mexico",142
2025-12-18 03:34:38,cloudping Huawei,na-mexico-1,"Mexico City 1, Mexico",148.5
2025-12-18 03:34:38,cloudping Huawei,ap-southeast-3,Singapore,191
2025-12-18 03:34:38,cloudping Huawei,ap-southeast-1,"Hong Kong, China",220
2025-12-18 03:34:38,cloudping Huawei,sa-brazil-1,"Sao Paulo, Brazil",225.5
2025-12-18 03:34:38,cloudping Huawei,ap-southeast-2,"Bangkok, Thailand",238
2025-12-18 03:34:38,cloudping Huawei,la-south-2,"Santiago, Chile",241
2025-12-18 03:34:38,cloudping Huawei,af-south-1,"Johannesburg, South Africa",333.5
2025-12-18 03:34:38,cloudping Huawei,cn-south-1,Guangzhou,447
2025-12-18 03:34:38,cloudping Huawei,cn-east-2,Shanghai 2,447.5
2025-12-18 03:34:38,cloudping Huawei,cn-north-4,Beijing 4,454
2025-12-18 03:34:38,cloudping Huawei,cn-north-9,Wulanchabu,491
2025-12-18 03:34:38,cloudping Huawei,cn-north-1,Beijing 1,541.5
2025-12-18 03:34:38,cloudping Huawei,cn-east-3,Shanghai 1,591
2025-12-18 03:34:38,cloudping Huawei,cn-southwest-2,Guiyang 1,766
2025-12-18 04:00:37,cloudping Huawei,na-mexico-1,"Mexico City 1, Mexico",143.5
2025-12-18 04:00:37,cloudping Huawei,la-north-2,"Mexico City 2, Mexico",156
2025-12-18 04:00:37,cloudping Huawei,ap-southeast-3,Singapore,193
2025-12-18 04:00:37,cloudping Huawei,ap-southeast-1,"Hong Kong, China",217
2025-12-18 04:00:37,cloudping Huawei,sa-brazil-1,"Sao Paulo, Brazil",233.5
2025-12-18 04:00:37,cloudping Huawei,la-south-2,"Santiago, Chile",242
2025-12-18 04:00:37,cloudping Huawei,ap-southeast-2,"Bangkok, Thailand",242
2025-12-18 04:00:37,cloudping Huawei,af-south-1,"Johannesburg, South Africa",372.5
2025-12-18 04:00:37,cloudping Huawei,na-mexico-1,"Mexico City 1, Mexico",143.5
2025-12-18 04:00:37,cloudping Huawei,la-north-2,"Mexico City 2, Mexico",156
2025-12-18 04:00:37,cloudping Huawei,ap-southeast-3,Singapore,193
2025-12-18 04:00:37,cloudping Huawei,ap-southeast-1,"Hong Kong, China",217
2025-12-18 04:00:37,cloudping Huawei,sa-brazil-1,"Sao Paulo, Brazil",233.5
2025-12-18 04:00:37,cloudping Huawei,la-south-2,"Santiago, Chile",242
2025-12-18 04:00:37,cloudping Huawei,ap-southeast-2,"Bangkok, Thailand",242
2025-12-18 04:00:37,cloudping Huawei,af-south-1,"Johannesburg, South Africa",372.5
2025-12-18 04:00:37,cloudping Huawei,cn-north-1,Beijing 1,239.5
2025-12-18 04:00:37,cloudping Huawei,cn-east-3,Shanghai 1,447.5
2025-12-18 04:00:37,cloudping Huawei,cn-east-2,Shanghai 2,462
2025-12-18 04:00:37,cloudping Huawei,cn-north-9,Wulanchabu,479
2025-12-18 04:00:37,cloudping Huawei,cn-south-1,Guangzhou,479.5
2025-12-18 04:00:37,cloudping Huawei,cn-southwest-2,Guiyang 1,516.5
2025-12-18 04:00:37,cloudping Huawei,cn-north-4,Beijing 4,555
2025-12-18 04:26:38,cloudping Huawei,la-north-2,"Mexico City 2, Mexico",146
2025-12-18 04:26:38,cloudping Huawei,na-mexico-1,"Mexico City 1, Mexico",150.5
2025-12-18 04:26:38,cloudping Huawei,ap-southeast-3,Singapore,193
2025-12-18 04:26:38,cloudping Huawei,ap-southeast-1,"Hong Kong, China",228
2025-12-18 04:26:38,cloudping Huawei,sa-brazil-1,"Sao Paulo, Brazil",231.5
2025-12-18 04:26:38,cloudping Huawei,ap-southeast-2,"Bangkok, Thailand",239.5
2025-12-18 04:26:38,cloudping Huawei,af-south-1,"Johannesburg, South Africa",240.5
2025-12-18 04:26:38,cloudping Huawei,la-south-2,"Santiago, Chile",245.5
2025-12-18 04:26:38,cloudping Huawei,la-north-2,"Mexico City 2, Mexico",146
2025-12-18 04:26:38,cloudping Huawei,na-mexico-1,"Mexico City 1, Mexico",150.5
2025-12-18 04:26:38,cloudping Huawei,ap-southeast-3,Singapore,193
2025-12-18 04:26:38,cloudping Huawei,ap-southeast-1,"Hong Kong, China",228
2025-12-18 04:26:38,cloudping Huawei,sa-brazil-1,"Sao Paulo, Brazil",231.5
2025-12-18 04:26:38,cloudping Huawei,ap-southeast-2,"Bangkok, Thailand",239.5
2025-12-18 04:26:38,cloudping Huawei,af-south-1,"Johannesburg, South Africa",240.5
2025-12-18 04:26:38,cloudping Huawei,la-south-2,"Santiago, Chile",245.5
2025-12-18 04:26:38,cloudping Huawei,cn-east-3,Shanghai 1,226.5
2025-12-18 04:26:38,cloudping Huawei,cn-north-9,Wulanchabu,235
2025-12-18 04:26:38,cloudping Huawei,cn-east-2,Shanghai 2,239.5
2025-12-18 04:26:38,cloudping Huawei,cn-south-1,Guangzhou,245.5
2025-12-18 04:26:38,cloudping Huawei,cn-southwest-2,Guiyang 1,364.5
2025-12-18 04:26:38,cloudping Huawei,cn-north-4,Beijing 4,539
2025-12-18 04:26:38,cloudping Huawei,cn-north-1,Beijing 1,546.5
2025-12-18 04:52:38,cloudping Huawei,la-north-2,"Mexico City 2, Mexico",149.5
2025-12-18 04:52:38,cloudping Huawei,na-mexico-1,"Mexico City 1, Mexico",149.5
2025-12-18 04:52:38,cloudping Huawei,ap-southeast-3,Singapore,186
2025-12-18 04:52:38,cloudping Huawei,sa-brazil-1,"Sao Paulo, Brazil",223.5
2025-12-18 04:52:38,cloudping Huawei,ap-southeast-1,"Hong Kong, China",226
2025-12-18 04:52:38,cloudping Huawei,af-south-1,"Johannesburg, South Africa",237
2025-12-18 04:52:38,cloudping Huawei,ap-southeast-2,"Bangkok, Thailand",241.5
2025-12-18 04:52:38,cloudping Huawei,la-south-2,"Santiago, Chile",244.5
2025-12-18 04:52:38,cloudping Huawei,la-north-2,"Mexico City 2, Mexico",149.5
2025-12-18 04:52:38,cloudping Huawei,na-mexico-1,"Mexico City 1, Mexico",149.5
2025-12-18 04:52:38,cloudping Huawei,ap-southeast-3,Singapore,186
2025-12-18 04:52:38,cloudping Huawei,sa-brazil-1,"Sao Paulo, Brazil",223.5
2025-12-18 04:52:38,cloudping Huawei,ap-southeast-1,"Hong Kong, China",226
2025-12-18 04:52:38,cloudping Huawei,af-south-1,"Johannesburg, South Africa",237
2025-12-18 04:52:38,cloudping Huawei,ap-southeast-2,"Bangkok, Thailand",241.5
2025-12-18 04:52:38,cloudping Huawei,la-south-2,"Santiago, Chile",244.5
2025-12-18 04:52:38,cloudping Huawei,cn-north-1,Beijing 1,188.5
2025-12-18 04:52:38,cloudping Huawei,cn-east-2,Shanghai 2,209.5
2025-12-18 04:52:38,cloudping Huawei,cn-south-1,Guangzhou,237.5
2025-12-18 04:52:38,cloudping Huawei,cn-southwest-2,Guiyang 1,253.5
2025-12-18 04:52:38,cloudping Huawei,cn-north-4,Beijing 4,279.5
2025-12-18 04:52:38,cloudping Huawei,cn-north-9,Wulanchabu,280.5
2025-12-18 04:52:38,cloudping Huawei,cn-east-3,Shanghai 1,318
2025-12-18 05:18:39,cloudping Huawei,na-mexico-1,"Mexico City 1, Mexico",144
2025-12-18 05:18:39,cloudping Huawei,la-north-2,"Mexico City 2, Mexico",152.5
2025-12-18 05:18:39,cloudping Huawei,ap-southeast-3,Singapore,191
2025-12-18 05:18:39,cloudping Huawei,ap-southeast-1,"Hong Kong, China",217
2025-12-18 05:18:39,cloudping Huawei,sa-brazil-1,"Sao Paulo, Brazil",228
2025-12-18 05:18:39,cloudping Huawei,af-south-1,"Johannesburg, South Africa",238.5
2025-12-18 05:18:39,cloudping Huawei,la-south-2,"Santiago, Chile",243
2025-12-18 05:18:39,cloudping Huawei,ap-southeast-2,"Bangkok, Thailand",321
2025-12-18 05:18:39,cloudping Huawei,na-mexico-1,"Mexico City 1, Mexico",144
2025-12-18 05:18:39,cloudping Huawei,la-north-2,"Mexico City 2, Mexico",152.5
2025-12-18 05:18:39,cloudping Huawei,ap-southeast-3,Singapore,191
2025-12-18 05:18:39,cloudping Huawei,ap-southeast-1,"Hong Kong, China",217
2025-12-18 05:18:39,cloudping Huawei,sa-brazil-1,"Sao Paulo, Brazil",228
2025-12-18 05:18:39,cloudping Huawei,af-south-1,"Johannesburg, South Africa",238.5
2025-12-18 05:18:39,cloudping Huawei,la-south-2,"Santiago, Chile",243
2025-12-18 05:18:39,cloudping Huawei,ap-southeast-2,"Bangkok, Thailand",321
2025-12-18 05:18:39,cloudping Huawei,cn-east-2,Shanghai 2,208.5
2025-12-18 05:18:39,cloudping Huawei,cn-east-3,Shanghai 1,228
2025-12-18 05:18:39,cloudping Huawei,cn-southwest-2,Guiyang 1,262
2025-12-18 05:18:39,cloudping Huawei,cn-south-1,Guangzhou,469
2025-12-18 05:18:39,cloudping Huawei,cn-north-9,Wulanchabu,486
2025-12-18 05:18:39,cloudping Huawei,cn-north-1,Beijing 1,542
2025-12-18 05:18:39,cloudping Huawei,cn-north-4,Beijing 4,860
2025-12-18 05:44:40,cloudping Huawei,la-north-2,"Mexico City 2, Mexico",147
2025-12-18 05:44:40,cloudping Huawei,na-mexico-1,"Mexico City 1, Mexico",171
2025-12-18 05:44:40,cloudping Huawei,ap-southeast-3,Singapore,192.5
2025-12-18 05:44:40,cloudping Huawei,ap-southeast-1,"Hong Kong, China",211.5
2025-12-18 05:44:40,cloudping Huawei,sa-brazil-1,"Sao Paulo, Brazil",233.5
2025-12-18 05:44:40,cloudping Huawei,af-south-1,"Johannesburg, South Africa",250
2025-12-18 05:44:40,cloudping Huawei,ap-southeast-2,"Bangkok, Thailand",252
2025-12-18 05:44:40,cloudping Huawei,la-south-2,"Santiago, Chile",260
2025-12-18 05:44:40,cloudping Huawei,la-north-2,"Mexico City 2, Mexico",147
2025-12-18 05:44:40,cloudping Huawei,na-mexico-1,"Mexico City 1, Mexico",171
2025-12-18 05:44:40,cloudping Huawei,ap-southeast-3,Singapore,192.5
2025-12-18 05:44:40,cloudping Huawei,ap-southeast-1,"Hong Kong, China",211.5
2025-12-18 05:44:40,cloudping Huawei,sa-brazil-1,"Sao Paulo, Brazil",233.5
2025-12-18 05:44:40,cloudping Huawei,af-south-1,"Johannesburg, South Africa",250
2025-12-18 05:44:40,cloudping Huawei,ap-southeast-2,"Bangkok, Thailand",252
2025-12-18 05:44:40,cloudping Huawei,la-south-2,"Santiago, Chile",260
2025-12-18 05:44:40,cloudping Huawei,cn-east-2,Shanghai 2,228.5
2025-12-18 05:44:40,cloudping Huawei,cn-southwest-2,Guiyang 1,250
2025-12-18 05:44:40,cloudping Huawei,cn-north-4,Beijing 4,264.5
2025-12-18 05:44:40,cloudping Huawei,cn-north-9,Wulanchabu,269.5
2025-12-18 05:44:40,cloudping Huawei,cn-south-1,Guangzhou,282.5
2025-12-18 05:44:40,cloudping Huawei,cn-north-1,Beijing 1,485.5
2025-12-18 05:44:40,cloudping Huawei,cn-east-3,Shanghai 1,745.5
2025-12-18 06:10:39,cloudping Huawei,la-north-2,"Mexico City 2, Mexico",143.5
2025-12-18 06:10:39,cloudping Huawei,ap-southeast-3,Singapore,191
2025-12-18 06:10:39,cloudping Huawei,na-mexico-1,"Mexico City 1, Mexico",199
2025-12-18 06:10:39,cloudping Huawei,ap-southeast-1,"Hong Kong, China",221
2025-12-18 06:10:39,cloudping Huawei,sa-brazil-1,"Sao Paulo, Brazil",227
2025-12-18 06:10:39,cloudping Huawei,la-south-2,"Santiago, Chile",238.5
2025-12-18 06:10:39,cloudping Huawei,af-south-1,"Johannesburg, South Africa",243.5
2025-12-18 06:10:39,cloudping Huawei,ap-southeast-2,"Bangkok, Thailand",248
2025-12-18 06:10:39,cloudping Huawei,la-north-2,"Mexico City 2, Mexico",143.5
2025-12-18 06:10:39,cloudping Huawei,ap-southeast-3,Singapore,191
2025-12-18 06:10:39,cloudping Huawei,na-mexico-1,"Mexico City 1, Mexico",199
2025-12-18 06:10:39,cloudping Huawei,ap-southeast-1,"Hong Kong, China",221
2025-12-18 06:10:39,cloudping Huawei,sa-brazil-1,"Sao Paulo, Brazil",227
2025-12-18 06:10:39,cloudping Huawei,la-south-2,"Santiago, Chile",238.5
2025-12-18 06:10:39,cloudping Huawei,af-south-1,"Johannesburg, South Africa",243.5
2025-12-18 06:10:39,cloudping Huawei,ap-southeast-2,"Bangkok, Thailand",248
2025-12-18 06:10:39,cloudping Huawei,cn-south-1,Guangzhou,236
2025-12-18 06:10:39,cloudping Huawei,cn-north-1,Beijing 1,239.5
2025-12-18 06:10:39,cloudping Huawei,cn-southwest-2,Guiyang 1,253
2025-12-18 06:10:39,cloudping Huawei,cn-east-3,Shanghai 1,263
2025-12-18 06:10:39,cloudping Huawei,cn-north-9,Wulanchabu,274.5
2025-12-18 06:10:39,cloudping Huawei,cn-north-4,Beijing 4,551
2025-12-18 06:10:39,cloudping Huawei,cn-east-2,Shanghai 2,624.5
2025-12-18 06:36:40,cloudping Huawei,la-north-2,"Mexico City 2, Mexico",145
2025-12-18 06:36:40,cloudping Huawei,na-mexico-1,"Mexico City 1, Mexico",195
2025-12-18 06:36:40,cloudping Huawei,ap-southeast-1,"Hong Kong, China",218.5
2025-12-18 06:36:40,cloudping Huawei,sa-brazil-1,"Sao Paulo, Brazil",222.5
2025-12-18 06:36:40,cloudping Huawei,ap-southeast-3,Singapore,228
2025-12-18 06:36:40,cloudping Huawei,la-south-2,"Santiago, Chile",237
2025-12-18 06:36:40,cloudping Huawei,ap-southeast-2,"Bangkok, Thailand",330.5
2025-12-18 06:36:40,cloudping Huawei,af-south-1,"Johannesburg, South Africa",452.5
2025-12-18 06:36:40,cloudping Huawei,la-north-2,"Mexico City 2, Mexico",145
2025-12-18 06:36:40,cloudping Huawei,na-mexico-1,"Mexico City 1, Mexico",195
2025-12-18 06:36:40,cloudping Huawei,ap-southeast-1,"Hong Kong, China",218.5
2025-12-18 06:36:40,cloudping Huawei,sa-brazil-1,"Sao Paulo, Brazil",222.5
2025-12-18 06:36:40,cloudping Huawei,ap-southeast-3,Singapore,228
2025-12-18 06:36:40,cloudping Huawei,la-south-2,"Santiago, Chile",237
2025-12-18 06:36:40,cloudping Huawei,ap-southeast-2,"Bangkok, Thailand",330.5
2025-12-18 06:36:40,cloudping Huawei,af-south-1,"Johannesburg, South Africa",452.5
2025-12-18 06:36:40,cloudping Huawei,cn-east-3,Shanghai 1,218.5
2025-12-18 06:36:40,cloudping Huawei,cn-south-1,Guangzhou,244
2025-12-18 06:36:40,cloudping Huawei,cn-north-4,Beijing 4,259
2025-12-18 06:36:40,cloudping Huawei,cn-north-9,Wulanchabu,265
2025-12-18 06:36:40,cloudping Huawei,cn-southwest-2,Guiyang 1,267
2025-12-18 06:36:40,cloudping Huawei,cn-north-1,Beijing 1,470.5
2025-12-18 06:36:40,cloudping Huawei,cn-east-2,Shanghai 2,1586
2025-12-18 07:02:41,cloudping Huawei,ap-southeast-3,Singapore,185.5
2025-12-18 07:02:41,cloudping Huawei,na-mexico-1,"Mexico City 1, Mexico",191.5
2025-12-18 07:02:41,cloudping Huawei,la-north-2,"Mexico City 2, Mexico",207.5
2025-12-18 07:02:41,cloudping Huawei,ap-southeast-1,"Hong Kong, China",221
2025-12-18 07:02:41,cloudping Huawei,sa-brazil-1,"Sao Paulo, Brazil",236
2025-12-18 07:02:41,cloudping Huawei,ap-southeast-2,"Bangkok, Thailand",251.5
2025-12-18 07:02:41,cloudping Huawei,la-south-2,"Santiago, Chile",273.5
2025-12-18 07:02:41,cloudping Huawei,af-south-1,"Johannesburg, South Africa",356
2025-12-18 07:02:41,cloudping Huawei,ap-southeast-3,Singapore,185.5
2025-12-18 07:02:41,cloudping Huawei,na-mexico-1,"Mexico City 1, Mexico",191.5
2025-12-18 07:02:41,cloudping Huawei,la-north-2,"Mexico City 2, Mexico",207.5
2025-12-18 07:02:41,cloudping Huawei,ap-southeast-1,"Hong Kong, China",221
2025-12-18 07:02:41,cloudping Huawei,sa-brazil-1,"Sao Paulo, Brazil",236
2025-12-18 07:02:41,cloudping Huawei,ap-southeast-2,"Bangkok, Thailand",251.5
2025-12-18 07:02:41,cloudping Huawei,la-south-2,"Santiago, Chile",273.5
2025-12-18 07:02:41,cloudping Huawei,af-south-1,"Johannesburg, South Africa",356
2025-12-18 07:02:41,cloudping Huawei,cn-east-3,Shanghai 1,222
2025-12-18 07:02:41,cloudping Huawei,cn-south-1,Guangzhou,225
2025-12-18 07:02:41,cloudping Huawei,cn-east-2,Shanghai 2,225.5
2025-12-18 07:02:41,cloudping Huawei,cn-north-4,Beijing 4,256
2025-12-18 07:02:41,cloudping Huawei,cn-north-9,Wulanchabu,275.5
2025-12-18 07:02:41,cloudping Huawei,cn-southwest-2,Guiyang 1,283
2025-12-18 07:02:41,cloudping Huawei,cn-north-1,Beijing 1,287
2025-12-18 07:28:42,cloudping Huawei,na-mexico-1,"Mexico City 1, Mexico",143
2025-12-18 07:28:42,cloudping Huawei,la-north-2,"Mexico City 2, Mexico",191.5
2025-12-18 07:28:42,cloudping Huawei,ap-southeast-1,"Hong Kong, China",212.5
2025-12-18 07:28:42,cloudping Huawei,ap-southeast-3,Singapore,224
2025-12-18 07:28:42,cloudping Huawei,sa-brazil-1,"Sao Paulo, Brazil",230.5
2025-12-18 07:28:42,cloudping Huawei,la-south-2,"Santiago, Chile",236.5
2025-12-18 07:28:42,cloudping Huawei,af-south-1,"Johannesburg, South Africa",239
2025-12-18 07:28:42,cloudping Huawei,ap-southeast-2,"Bangkok, Thailand",249
2025-12-18 07:28:42,cloudping Huawei,na-mexico-1,"Mexico City 1, Mexico",143
2025-12-18 07:28:42,cloudping Huawei,la-north-2,"Mexico City 2, Mexico",191.5
2025-12-18 07:28:42,cloudping Huawei,ap-southeast-1,"Hong Kong, China",212.5
2025-12-18 07:28:42,cloudping Huawei,ap-southeast-3,Singapore,224
2025-12-18 07:28:42,cloudping Huawei,sa-brazil-1,"Sao Paulo, Brazil",230.5
2025-12-18 07:28:42,cloudping Huawei,la-south-2,"Santiago, Chile",236.5
2025-12-18 07:28:42,cloudping Huawei,af-south-1,"Johannesburg, South Africa",239
2025-12-18 07:28:42,cloudping Huawei,ap-southeast-2,"Bangkok, Thailand",249
2025-12-18 07:28:42,cloudping Huawei,cn-east-2,Shanghai 2,208
2025-12-18 07:28:42,cloudping Huawei,cn-north-1,Beijing 1,224.5
2025-12-18 07:28:42,cloudping Huawei,cn-north-4,Beijing 4,233
2025-12-18 07:28:42,cloudping Huawei,cn-south-1,Guangzhou,237
2025-12-18 07:28:42,cloudping Huawei,cn-east-3,Shanghai 1,248.5
2025-12-18 07:28:42,cloudping Huawei,cn-southwest-2,Guiyang 1,270.5
2025-12-18 07:28:42,cloudping Huawei,cn-north-9,Wulanchabu,274
2025-12-18 07:54:41,cloudping Huawei,la-north-2,"Mexico City 2, Mexico",143.5
2025-12-18 07:54:41,cloudping Huawei,na-mexico-1,"Mexico City 1, Mexico",162.5
2025-12-18 07:54:41,cloudping Huawei,ap-southeast-3,Singapore,190.5
2025-12-18 07:54:41,cloudping Huawei,ap-southeast-1,"Hong Kong, China",216.5
2025-12-18 07:54:41,cloudping Huawei,la-south-2,"Santiago, Chile",235
2025-12-18 07:54:41,cloudping Huawei,sa-brazil-1,"Sao Paulo, Brazil",238.5
2025-12-18 07:54:41,cloudping Huawei,ap-southeast-2,"Bangkok, Thailand",239
2025-12-18 07:54:41,cloudping Huawei,af-south-1,"Johannesburg, South Africa",359
2025-12-18 07:54:41,cloudping Huawei,la-north-2,"Mexico City 2, Mexico",143.5
2025-12-18 07:54:41,cloudping Huawei,na-mexico-1,"Mexico City 1, Mexico",162.5
2025-12-18 07:54:41,cloudping Huawei,ap-southeast-3,Singapore,190.5
2025-12-18 07:54:41,cloudping Huawei,ap-southeast-1,"Hong Kong, China",216.5
2025-12-18 07:54:41,cloudping Huawei,la-south-2,"Santiago, Chile",235
2025-12-18 07:54:41,cloudping Huawei,sa-brazil-1,"Sao Paulo, Brazil",238.5
2025-12-18 07:54:41,cloudping Huawei,ap-southeast-2,"Bangkok, Thailand",239
2025-12-18 07:54:41,cloudping Huawei,af-south-1,"Johannesburg, South Africa",359
2025-12-18 07:54:41,cloudping Huawei,cn-north-1,Beijing 1,191.5
2025-12-18 07:54:41,cloudping Huawei,cn-east-3,Shanghai 1,213.5
2025-12-18 07:54:41,cloudping Huawei,cn-north-4,Beijing 4,230.5
2025-12-18 07:54:41,cloudping Huawei,cn-southwest-2,Guiyang 1,253.5
2025-12-18 07:54:41,cloudping Huawei,cn-south-1,Guangzhou,341
2025-12-18 07:54:41,cloudping Huawei,cn-east-2,Shanghai 2,524
2025-12-18 07:54:41,cloudping Huawei,cn-north-9,Wulanchabu,547.5
2025-12-18 08:20:42,cloudping Huawei,na-mexico-1,"Mexico City 1, Mexico",147.5
2025-12-18 08:20:42,cloudping Huawei,la-north-2,"Mexico City 2, Mexico",149
2025-12-18 08:20:42,cloudping Huawei,ap-southeast-3,Singapore,190
2025-12-18 08:20:42,cloudping Huawei,ap-southeast-1,"Hong Kong, China",209.5
2025-12-18 08:20:42,cloudping Huawei,sa-brazil-1,"Sao Paulo, Brazil",223.5
2025-12-18 08:20:42,cloudping Huawei,la-south-2,"Santiago, Chile",238
2025-12-18 08:20:42,cloudping Huawei,af-south-1,"Johannesburg, South Africa",242.5
2025-12-18 08:20:42,cloudping Huawei,ap-southeast-2,"Bangkok, Thailand",295.5
2025-12-18 08:20:42,cloudping Huawei,na-mexico-1,"Mexico City 1, Mexico",147.5
2025-12-18 08:20:42,cloudping Huawei,la-north-2,"Mexico City 2, Mexico",149
2025-12-18 08:20:42,cloudping Huawei,ap-southeast-3,Singapore,190
2025-12-18 08:20:42,cloudping Huawei,ap-southeast-1,"Hong Kong, China",209.5
2025-12-18 08:20:42,cloudping Huawei,sa-brazil-1,"Sao Paulo, Brazil",223.5
2025-12-18 08:20:42,cloudping Huawei,la-south-2,"Santiago, Chile",238
2025-12-18 08:20:42,cloudping Huawei,af-south-1,"Johannesburg, South Africa",242.5
2025-12-18 08:20:42,cloudping Huawei,ap-southeast-2,"Bangkok, Thailand",295.5
2025-12-18 08:20:42,cloudping Huawei,cn-east-2,Shanghai 2,207
2025-12-18 08:20:42,cloudping Huawei,cn-east-3,Shanghai 1,218.5
2025-12-18 08:20:42,cloudping Huawei,cn-north-1,Beijing 1,222.5
2025-12-18 08:20:42,cloudping Huawei,cn-north-4,Beijing 4,263
2025-12-18 08:20:42,cloudping Huawei,cn-north-9,Wulanchabu,271
2025-12-18 08:20:42,cloudping Huawei,cn-southwest-2,Guiyang 1,293.5
2025-12-18 08:20:42,cloudping Huawei,cn-south-1,Guangzhou,426.5
2025-12-18 08:46:42,cloudping Huawei,na-mexico-1,"Mexico City 1, Mexico",150
2025-12-18 08:46:42,cloudping Huawei,ap-southeast-3,Singapore,199.5
2025-12-18 08:46:42,cloudping Huawei,ap-southeast-1,"Hong Kong, China",213.5
2025-12-18 08:46:42,cloudping Huawei,la-north-2,"Mexico City 2, Mexico",220.5
2025-12-18 08:46:42,cloudping Huawei,sa-brazil-1,"Sao Paulo, Brazil",226.5
2025-12-18 08:46:42,cloudping Huawei,af-south-1,"Johannesburg, South Africa",228
2025-12-18 08:46:42,cloudping Huawei,ap-southeast-2,"Bangkok, Thailand",241.5
2025-12-18 08:46:42,cloudping Huawei,la-south-2,"Santiago, Chile",526.5
2025-12-18 08:46:42,cloudping Huawei,na-mexico-1,"Mexico City 1, Mexico",150
2025-12-18 08:46:42,cloudping Huawei,ap-southeast-3,Singapore,199.5
2025-12-18 08:46:42,cloudping Huawei,ap-southeast-1,"Hong Kong, China",213.5
2025-12-18 08:46:42,cloudping Huawei,la-north-2,"Mexico City 2, Mexico",220.5
2025-12-18 08:46:42,cloudping Huawei,sa-brazil-1,"Sao Paulo, Brazil",226.5
2025-12-18 08:46:42,cloudping Huawei,af-south-1,"Johannesburg, South Africa",228
2025-12-18 08:46:42,cloudping Huawei,ap-southeast-2,"Bangkok, Thailand",241.5
2025-12-18 08:46:42,cloudping Huawei,la-south-2,"Santiago, Chile",526.5
2025-12-18 08:46:42,cloudping Huawei,cn-east-2,Shanghai 2,212
2025-12-18 08:46:42,cloudping Huawei,cn-north-1,Beijing 1,227
2025-12-18 08:46:42,cloudping Huawei,cn-south-1,Guangzhou,234.5
2025-12-18 08:46:42,cloudping Huawei,cn-southwest-2,Guiyang 1,256
2025-12-18 08:46:42,cloudping Huawei,cn-east-3,Shanghai 1,270
2025-12-18 08:46:42,cloudping Huawei,cn-north-4,Beijing 4,303.5
2025-12-18 08:46:42,cloudping Huawei,cn-north-9,Wulanchabu,1362
2025-12-18 09:12:42,cloudping Huawei,la-north-2,"Mexico City 2, Mexico",145
2025-12-18 09:12:42,cloudping Huawei,na-mexico-1,"Mexico City 1, Mexico",165
2025-12-18 09:12:42,cloudping Huawei,ap-southeast-3,Singapore,191.5
2025-12-18 09:12:42,cloudping Huawei,ap-southeast-1,"Hong Kong, China",210
2025-12-18 09:12:42,cloudping Huawei,sa-brazil-1,"Sao Paulo, Brazil",224
2025-12-18 09:12:42,cloudping Huawei,la-south-2,"Santiago, Chile",236
2025-12-18 09:12:42,cloudping Huawei,af-south-1,"Johannesburg, South Africa",237.5
2025-12-18 09:12:42,cloudping Huawei,ap-southeast-2,"Bangkok, Thailand",249
2025-12-18 09:12:42,cloudping Huawei,la-north-2,"Mexico City 2, Mexico",145
2025-12-18 09:12:42,cloudping Huawei,na-mexico-1,"Mexico City 1, Mexico",165
2025-12-18 09:12:42,cloudping Huawei,ap-southeast-3,Singapore,191.5
2025-12-18 09:12:42,cloudping Huawei,ap-southeast-1,"Hong Kong, China",210
2025-12-18 09:12:42,cloudping Huawei,sa-brazil-1,"Sao Paulo, Brazil",224
2025-12-18 09:12:42,cloudping Huawei,la-south-2,"Santiago, Chile",236
2025-12-18 09:12:42,cloudping Huawei,af-south-1,"Johannesburg, South Africa",237.5
2025-12-18 09:12:42,cloudping Huawei,ap-southeast-2,"Bangkok, Thailand",249
2025-12-18 09:12:42,cloudping Huawei,cn-east-3,Shanghai 1,206.5
2025-12-18 09:12:42,cloudping Huawei,cn-south-1,Guangzhou,223
2025-12-18 09:12:42,cloudping Huawei,cn-north-9,Wulanchabu,227.5
2025-12-18 09:12:42,cloudping Huawei,cn-north-1,Beijing 1,241
2025-12-18 09:12:42,cloudping Huawei,cn-north-4,Beijing 4,286.5
2025-12-18 09:12:42,cloudping Huawei,cn-southwest-2,Guiyang 1,380.5
2025-12-18 09:12:42,cloudping Huawei,cn-east-2,Shanghai 2,500.5
2025-12-18 09:38:45,cloudping Huawei,na-mexico-1,"Mexico City 1, Mexico",146.5
2025-12-18 09:38:45,cloudping Huawei,la-north-2,"Mexico City 2, Mexico",149
2025-12-18 09:38:45,cloudping Huawei,ap-southeast-3,Singapore,193
2025-12-18 09:38:45,cloudping Huawei,ap-southeast-1,"Hong Kong, China",213.5
2025-12-18 09:38:45,cloudping Huawei,sa-brazil-1,"Sao Paulo, Brazil",230
2025-12-18 09:38:45,cloudping Huawei,ap-southeast-2,"Bangkok, Thailand",233.5
2025-12-18 09:38:45,cloudping Huawei,af-south-1,"Johannesburg, South Africa",240
2025-12-18 09:38:45,cloudping Huawei,la-south-2,"Santiago, Chile",249.5
2025-12-18 09:38:45,cloudping Huawei,na-mexico-1,"Mexico City 1, Mexico",146.5
2025-12-18 09:38:45,cloudping Huawei,la-north-2,"Mexico City 2, Mexico",149
2025-12-18 09:38:45,cloudping Huawei,ap-southeast-3,Singapore,193
2025-12-18 09:38:45,cloudping Huawei,ap-southeast-1,"Hong Kong, China",213.5
2025-12-18 09:38:45,cloudping Huawei,sa-brazil-1,"Sao Paulo, Brazil",230
2025-12-18 09:38:45,cloudping Huawei,ap-southeast-2,"Bangkok, Thailand",233.5
2025-12-18 09:38:45,cloudping Huawei,af-south-1,"Johannesburg, South Africa",240
2025-12-18 09:38:45,cloudping Huawei,la-south-2,"Santiago, Chile",249.5
2025-12-18 09:38:45,cloudping Huawei,cn-east-2,Shanghai 2,222.5
2025-12-18 09:38:45,cloudping Huawei,cn-north-1,Beijing 1,226
2025-12-18 09:38:45,cloudping Huawei,cn-north-9,Wulanchabu,230.5
2025-12-18 09:38:45,cloudping Huawei,cn-southwest-2,Guiyang 1,253.5
2025-12-18 09:38:45,cloudping Huawei,cn-north-4,Beijing 4,263.5
2025-12-18 09:38:45,cloudping Huawei,cn-east-3,Shanghai 1,511
2025-12-18 09:38:45,cloudping Huawei,cn-south-1,Guangzhou,577
2025-12-18 10:04:44,cloudping Huawei,la-north-2,"Mexico City 2, Mexico",150.5
2025-12-18 10:04:44,cloudping Huawei,na-mexico-1,"Mexico City 1, Mexico",151
2025-12-18 10:04:44,cloudping Huawei,ap-southeast-3,Singapore,191
2025-12-18 10:04:44,cloudping Huawei,sa-brazil-1,"Sao Paulo, Brazil",223
2025-12-18 10:04:44,cloudping Huawei,ap-southeast-1,"Hong Kong, China",224.5
2025-12-18 10:04:44,cloudping Huawei,ap-southeast-2,"Bangkok, Thailand",239.5
2025-12-18 10:04:44,cloudping Huawei,la-south-2,"Santiago, Chile",250.5
2025-12-18 10:04:44,cloudping Huawei,af-south-1,"Johannesburg, South Africa",292
2025-12-18 10:04:44,cloudping Huawei,la-north-2,"Mexico City 2, Mexico",150.5
2025-12-18 10:04:44,cloudping Huawei,na-mexico-1,"Mexico City 1, Mexico",151
2025-12-18 10:04:44,cloudping Huawei,ap-southeast-3,Singapore,191
2025-12-18 10:04:44,cloudping Huawei,sa-brazil-1,"Sao Paulo, Brazil",223
2025-12-18 10:04:44,cloudping Huawei,ap-southeast-1,"Hong Kong, China",224.5
2025-12-18 10:04:44,cloudping Huawei,ap-southeast-2,"Bangkok, Thailand",239.5
2025-12-18 10:04:44,cloudping Huawei,la-south-2,"Santiago, Chile",250.5
2025-12-18 10:04:44,cloudping Huawei,af-south-1,"Johannesburg, South Africa",292
2025-12-18 10:04:44,cloudping Huawei,cn-east-3,Shanghai 1,218.5
2025-12-18 10:04:44,cloudping Huawei,cn-east-2,Shanghai 2,219
2025-12-18 10:04:44,cloudping Huawei,cn-south-1,Guangzhou,229
2025-12-18 10:04:44,cloudping Huawei,cn-southwest-2,Guiyang 1,256.5
2025-12-18 10:04:44,cloudping Huawei,cn-north-4,Beijing 4,263.5
2025-12-18 10:04:44,cloudping Huawei,cn-north-9,Wulanchabu,271.5
2025-12-18 10:04:44,cloudping Huawei,cn-north-1,Beijing 1,273.5
2025-12-18 10:30:43,cloudping Huawei,na-mexico-1,"Mexico City 1, Mexico",143.5
2025-12-18 10:30:43,cloudping Huawei,la-north-2,"Mexico City 2, Mexico",151.5
2025-12-18 10:30:43,cloudping Huawei,ap-southeast-3,Singapore,190.5
2025-12-18 10:30:43,cloudping Huawei,ap-southeast-1,"Hong Kong, China",214
2025-12-18 10:30:43,cloudping Huawei,sa-brazil-1,"Sao Paulo, Brazil",223.5
2025-12-18 10:30:43,cloudping Huawei,la-south-2,"Santiago, Chile",242
2025-12-18 10:30:43,cloudping Huawei,af-south-1,"Johannesburg, South Africa",242.5
2025-12-18 10:30:43,cloudping Huawei,ap-southeast-2,"Bangkok, Thailand",251.5
2025-12-18 10:30:43,cloudping Huawei,na-mexico-1,"Mexico City 1, Mexico",143.5
2025-12-18 10:30:43,cloudping Huawei,la-north-2,"Mexico City 2, Mexico",151.5
2025-12-18 10:30:43,cloudping Huawei,ap-southeast-3,Singapore,190.5
2025-12-18 10:30:43,cloudping Huawei,ap-southeast-1,"Hong Kong, China",214
2025-12-18 10:30:43,cloudping Huawei,sa-brazil-1,"Sao Paulo, Brazil",223.5
2025-12-18 10:30:43,cloudping Huawei,la-south-2,"Santiago, Chile",242
2025-12-18 10:30:43,cloudping Huawei,af-south-1,"Johannesburg, South Africa",242.5
2025-12-18 10:30:43,cloudping Huawei,ap-southeast-2,"Bangkok, Thailand",251.5
2025-12-18 10:30:43,cloudping Huawei,cn-south-1,Guangzhou,232
2025-12-18 10:30:43,cloudping Huawei,cn-north-1,Beijing 1,236.5
2025-12-18 10:30:43,cloudping Huawei,cn-north-9,Wulanchabu,246.5
2025-12-18 10:30:43,cloudping Huawei,cn-east-2,Shanghai 2,248.5
2025-12-18 10:30:43,cloudping Huawei,cn-southwest-2,Guiyang 1,248.5
2025-12-18 10:30:43,cloudping Huawei,cn-east-3,Shanghai 1,256
2025-12-18 10:30:43,cloudping Huawei,cn-north-4,Beijing 4,656
2025-12-18 10:56:44,cloudping Huawei,na-mexico-1,"Mexico City 1, Mexico",149
2025-12-18 10:56:44,cloudping Huawei,ap-southeast-3,Singapore,207
2025-12-18 10:56:44,cloudping Huawei,la-north-2,"Mexico City 2, Mexico",207
2025-12-18 10:56:44,cloudping Huawei,ap-southeast-1,"Hong Kong, China",219.5
2025-12-18 10:56:44,cloudping Huawei,sa-brazil-1,"Sao Paulo, Brazil",226
2025-12-18 10:56:44,cloudping Huawei,la-south-2,"Santiago, Chile",235.5
2025-12-18 10:56:44,cloudping Huawei,af-south-1,"Johannesburg, South Africa",241
2025-12-18 10:56:44,cloudping Huawei,ap-southeast-2,"Bangkok, Thailand",245
2025-12-18 10:56:44,cloudping Huawei,na-mexico-1,"Mexico City 1, Mexico",149
2025-12-18 10:56:44,cloudping Huawei,ap-southeast-3,Singapore,207
2025-12-18 10:56:44,cloudping Huawei,la-north-2,"Mexico City 2, Mexico",207
2025-12-18 10:56:44,cloudping Huawei,ap-southeast-1,"Hong Kong, China",219.5
2025-12-18 10:56:44,cloudping Huawei,sa-brazil-1,"Sao Paulo, Brazil",226
2025-12-18 10:56:44,cloudping Huawei,la-south-2,"Santiago, Chile",235.5
2025-12-18 10:56:44,cloudping Huawei,af-south-1,"Johannesburg, South Africa",241
2025-12-18 10:56:44,cloudping Huawei,ap-southeast-2,"Bangkok, Thailand",245
2025-12-18 10:56:44,cloudping Huawei,cn-north-1,Beijing 1,194
2025-12-18 10:56:44,cloudping Huawei,cn-east-2,Shanghai 2,202.5
2025-12-18 10:56:44,cloudping Huawei,cn-east-3,Shanghai 1,220.5
2025-12-18 10:56:44,cloudping Huawei,cn-south-1,Guangzhou,240
2025-12-18 10:56:44,cloudping Huawei,cn-north-9,Wulanchabu,243.5
2025-12-18 10:56:44,cloudping Huawei,cn-southwest-2,Guiyang 1,258
2025-12-18 10:56:44,cloudping Huawei,cn-north-4,Beijing 4,263.5
2025-12-18 11:22:44,cloudping Huawei,na-mexico-1,"Mexico City 1, Mexico",147
2025-12-18 11:22:44,cloudping Huawei,la-north-2,"Mexico City 2, Mexico",164.5
2025-12-18 11:22:44,cloudping Huawei,ap-southeast-3,Singapore,189.5
2025-12-18 11:22:44,cloudping Huawei,ap-southeast-1,"Hong Kong, China",213.5
2025-12-18 11:22:44,cloudping Huawei,sa-brazil-1,"Sao Paulo, Brazil",224
2025-12-18 11:22:44,cloudping Huawei,la-south-2,"Santiago, Chile",231.5
2025-12-18 11:22:44,cloudping Huawei,af-south-1,"Johannesburg, South Africa",245.5
2025-12-18 11:22:44,cloudping Huawei,ap-southeast-2,"Bangkok, Thailand",249
2025-12-18 11:22:44,cloudping Huawei,na-mexico-1,"Mexico City 1, Mexico",147
2025-12-18 11:22:44,cloudping Huawei,la-north-2,"Mexico City 2, Mexico",164.5
2025-12-18 11:22:44,cloudping Huawei,ap-southeast-3,Singapore,189.5
2025-12-18 11:22:44,cloudping Huawei,ap-southeast-1,"Hong Kong, China",213.5
2025-12-18 11:22:44,cloudping Huawei,sa-brazil-1,"Sao Paulo, Brazil",224
2025-12-18 11:22:44,cloudping Huawei,la-south-2,"Santiago, Chile",231.5
2025-12-18 11:22:44,cloudping Huawei,af-south-1,"Johannesburg, South Africa",245.5
2025-12-18 11:22:44,cloudping Huawei,ap-southeast-2,"Bangkok, Thailand",249
2025-12-18 11:22:44,cloudping Huawei,cn-north-1,Beijing 1,191.5
2025-12-18 11:22:44,cloudping Huawei,cn-north-4,Beijing 4,220
2025-12-18 11:22:44,cloudping Huawei,cn-south-1,Guangzhou,228
2025-12-18 11:22:44,cloudping Huawei,cn-north-9,Wulanchabu,274.5
2025-12-18 11:22:44,cloudping Huawei,cn-southwest-2,Guiyang 1,297
2025-12-18 11:22:44,cloudping Huawei,cn-east-2,Shanghai 2,508.5
2025-12-18 11:22:44,cloudping Huawei,cn-east-3,Shanghai 1,540.5
2025-12-18 11:48:47,cloudping Huawei,la-north-2,"Mexico City 2, Mexico",143.5
2025-12-18 11:48:47,cloudping Huawei,na-mexico-1,"Mexico City 1, Mexico",146
2025-12-18 11:48:47,cloudping Huawei,ap-southeast-3,Singapore,185
2025-12-18 11:48:47,cloudping Huawei,ap-southeast-1,"Hong Kong, China",212.5
2025-12-18 11:48:47,cloudping Huawei,sa-brazil-1,"Sao Paulo, Brazil",224.5
2025-12-18 11:48:47,cloudping Huawei,af-south-1,"Johannesburg, South Africa",228.5
2025-12-18 11:48:47,cloudping Huawei,ap-southeast-2,"Bangkok, Thailand",242.5
2025-12-18 11:48:47,cloudping Huawei,la-south-2,"Santiago, Chile",267
2025-12-18 11:48:47,cloudping Huawei,la-north-2,"Mexico City 2, Mexico",143.5
2025-12-18 11:48:47,cloudping Huawei,na-mexico-1,"Mexico City 1, Mexico",146
2025-12-18 11:48:47,cloudping Huawei,ap-southeast-3,Singapore,185
2025-12-18 11:48:47,cloudping Huawei,ap-southeast-1,"Hong Kong, China",212.5
2025-12-18 11:48:47,cloudping Huawei,sa-brazil-1,"Sao Paulo, Brazil",224.5
2025-12-18 11:48:47,cloudping Huawei,af-south-1,"Johannesburg, South Africa",228.5
2025-12-18 11:48:47,cloudping Huawei,ap-southeast-2,"Bangkok, Thailand",242.5
2025-12-18 11:48:47,cloudping Huawei,la-south-2,"Santiago, Chile",267
2025-12-18 11:48:47,cloudping Huawei,cn-east-3,Shanghai 1,209
2025-12-18 11:48:47,cloudping Huawei,cn-east-2,Shanghai 2,210
2025-12-18 11:48:47,cloudping Huawei,cn-north-4,Beijing 4,219
2025-12-18 11:48:47,cloudping Huawei,cn-north-1,Beijing 1,227.5
2025-12-18 11:48:47,cloudping Huawei,cn-north-9,Wulanchabu,282.5
2025-12-18 11:48:47,cloudping Huawei,cn-south-1,Guangzhou,284
2025-12-18 11:48:47,cloudping Huawei,cn-southwest-2,Guiyang 1,296
2025-12-18 12:14:45,cloudping Huawei,la-north-2,"Mexico City 2, Mexico",143.5
2025-12-18 12:14:45,cloudping Huawei,na-mexico-1,"Mexico City 1, Mexico",158.5
2025-12-18 12:14:45,cloudping Huawei,ap-southeast-3,Singapore,194
2025-12-18 12:14:45,cloudping Huawei,ap-southeast-1,"Hong Kong, China",215.5
2025-12-18 12:14:45,cloudping Huawei,sa-brazil-1,"Sao Paulo, Brazil",219.5
2025-12-18 12:14:45,cloudping Huawei,ap-southeast-2,"Bangkok, Thailand",238.5
2025-12-18 12:14:45,cloudping Huawei,af-south-1,"Johannesburg, South Africa",282.5
2025-12-18 12:14:45,cloudping Huawei,la-south-2,"Santiago, Chile",614
2025-12-18 12:14:45,cloudping Huawei,la-north-2,"Mexico City 2, Mexico",143.5
2025-12-18 12:14:45,cloudping Huawei,na-mexico-1,"Mexico City 1, Mexico",158.5
2025-12-18 12:14:45,cloudping Huawei,ap-southeast-3,Singapore,194
2025-12-18 12:14:45,cloudping Huawei,ap-southeast-1,"Hong Kong, China",215.5
2025-12-18 12:14:45,cloudping Huawei,sa-brazil-1,"Sao Paulo, Brazil",219.5
2025-12-18 12:14:45,cloudping Huawei,ap-southeast-2,"Bangkok, Thailand",238.5
2025-12-18 12:14:45,cloudping Huawei,af-south-1,"Johannesburg, South Africa",282.5
2025-12-18 12:14:45,cloudping Huawei,la-south-2,"Santiago, Chile",614
2025-12-18 12:14:45,cloudping Huawei,cn-north-4,Beijing 4,253
2025-12-18 12:14:45,cloudping Huawei,cn-east-2,Shanghai 2,257.5
2025-12-18 12:14:45,cloudping Huawei,cn-east-3,Shanghai 1,288.5
2025-12-18 12:14:45,cloudping Huawei,cn-north-1,Beijing 1,289.5
2025-12-18 12:14:45,cloudping Huawei,cn-southwest-2,Guiyang 1,430
2025-12-18 12:14:45,cloudping Huawei,cn-south-1,Guangzhou,530.5
2025-12-18 12:14:45,cloudping Huawei,cn-north-9,Wulanchabu,545.5
2025-12-18 12:40:45,cloudping Huawei,na-mexico-1,"Mexico City 1, Mexico",143.5
2025-12-18 12:40:45,cloudping Huawei,la-north-2,"Mexico City 2, Mexico",170.5
2025-12-18 12:40:45,cloudping Huawei,ap-southeast-3,Singapore,186
2025-12-18 12:40:45,cloudping Huawei,ap-southeast-1,"Hong Kong, China",227.5
2025-12-18 12:40:45,cloudping Huawei,sa-brazil-1,"Sao Paulo, Brazil",230
2025-12-18 12:40:45,cloudping Huawei,af-south-1,"Johannesburg, South Africa",245
2025-12-18 12:40:45,cloudping Huawei,la-south-2,"Santiago, Chile",268.5
2025-12-18 12:40:45,cloudping Huawei,ap-southeast-2,"Bangkok, Thailand",372
2025-12-18 12:40:45,cloudping Huawei,na-mexico-1,"Mexico City 1, Mexico",143.5
2025-12-18 12:40:45,cloudping Huawei,la-north-2,"Mexico City 2, Mexico",170.5
2025-12-18 12:40:45,cloudping Huawei,ap-southeast-3,Singapore,186
2025-12-18 12:40:45,cloudping Huawei,ap-southeast-1,"Hong Kong, China",227.5
2025-12-18 12:40:45,cloudping Huawei,sa-brazil-1,"Sao Paulo, Brazil",230
2025-12-18 12:40:45,cloudping Huawei,af-south-1,"Johannesburg, South Africa",245
2025-12-18 12:40:45,cloudping Huawei,la-south-2,"Santiago, Chile",268.5
2025-12-18 12:40:45,cloudping Huawei,ap-southeast-2,"Bangkok, Thailand",372
2025-12-18 12:40:45,cloudping Huawei,cn-north-1,Beijing 1,186.5
2025-12-18 12:40:45,cloudping Huawei,cn-east-3,Shanghai 1,208.5
2025-12-18 12:40:45,cloudping Huawei,cn-east-2,Shanghai 2,217.5
2025-12-18 12:40:45,cloudping Huawei,cn-south-1,Guangzhou,233
2025-12-18 12:40:45,cloudping Huawei,cn-north-9,Wulanchabu,238.5
2025-12-18 12:40:45,cloudping Huawei,cn-southwest-2,Guiyang 1,249
2025-12-18 12:40:45,cloudping Huawei,cn-north-4,Beijing 4,255
2025-12-18 13:06:46,cloudping Huawei,la-north-2,"Mexico City 2, Mexico",149
2025-12-18 13:06:46,cloudping Huawei,na-mexico-1,"Mexico City 1, Mexico",149.5
2025-12-18 13:06:46,cloudping Huawei,ap-southeast-3,Singapore,203
2025-12-18 13:06:46,cloudping Huawei,sa-brazil-1,"Sao Paulo, Brazil",218
2025-12-18 13:06:46,cloudping Huawei,ap-southeast-1,"Hong Kong, China",218
2025-12-18 13:06:46,cloudping Huawei,af-south-1,"Johannesburg, South Africa",232
2025-12-18 13:06:46,cloudping Huawei,ap-southeast-2,"Bangkok, Thailand",243
2025-12-18 13:06:46,cloudping Huawei,la-south-2,"Santiago, Chile",275.5
2025-12-18 13:06:46,cloudping Huawei,la-north-2,"Mexico City 2, Mexico",149
2025-12-18 13:06:46,cloudping Huawei,na-mexico-1,"Mexico City 1, Mexico",149.5
2025-12-18 13:06:46,cloudping Huawei,ap-southeast-3,Singapore,203
2025-12-18 13:06:46,cloudping Huawei,sa-brazil-1,"Sao Paulo, Brazil",218
2025-12-18 13:06:46,cloudping Huawei,ap-southeast-1,"Hong Kong, China",218
2025-12-18 13:06:46,cloudping Huawei,af-south-1,"Johannesburg, South Africa",232
2025-12-18 13:06:46,cloudping Huawei,ap-southeast-2,"Bangkok, Thailand",243
2025-12-18 13:06:46,cloudping Huawei,la-south-2,"Santiago, Chile",275.5
2025-12-18 13:06:46,cloudping Huawei,cn-east-2,Shanghai 2,216.5
2025-12-18 13:06:46,cloudping Huawei,cn-north-1,Beijing 1,220.5
2025-12-18 13:06:46,cloudping Huawei,cn-east-3,Shanghai 1,225.5
2025-12-18 13:06:46,cloudping Huawei,cn-north-4,Beijing 4,254.5
2025-12-18 13:06:46,cloudping Huawei,cn-south-1,Guangzhou,275
2025-12-18 13:06:46,cloudping Huawei,cn-southwest-2,Guiyang 1,277
2025-12-18 13:06:46,cloudping Huawei,cn-north-9,Wulanchabu,286.5
2025-12-18 13:32:46,cloudping Huawei,na-mexico-1,"Mexico City 1, Mexico",148
2025-12-18 13:32:46,cloudping Huawei,la-north-2,"Mexico City 2, Mexico",151.5
2025-12-18 13:32:46,cloudping Huawei,ap-southeast-3,Singapore,195
2025-12-18 13:32:46,cloudping Huawei,ap-southeast-1,"Hong Kong, China",217
2025-12-18 13:32:46,cloudping Huawei,sa-brazil-1,"Sao Paulo, Brazil",227
2025-12-18 13:32:46,cloudping Huawei,ap-southeast-2,"Bangkok, Thailand",238
2025-12-18 13:32:46,cloudping Huawei,la-south-2,"Santiago, Chile",256
2025-12-18 13:32:46,cloudping Huawei,af-south-1,"Johannesburg, South Africa",327.5
2025-12-18 13:32:46,cloudping Huawei,na-mexico-1,"Mexico City 1, Mexico",148
2025-12-18 13:32:46,cloudping Huawei,la-north-2,"Mexico City 2, Mexico",151.5
2025-12-18 13:32:46,cloudping Huawei,ap-southeast-3,Singapore,195
2025-12-18 13:32:46,cloudping Huawei,ap-southeast-1,"Hong Kong, China",217
2025-12-18 13:32:46,cloudping Huawei,sa-brazil-1,"Sao Paulo, Brazil",227
2025-12-18 13:32:46,cloudping Huawei,ap-southeast-2,"Bangkok, Thailand",238
2025-12-18 13:32:46,cloudping Huawei,la-south-2,"Santiago, Chile",256
2025-12-18 13:32:46,cloudping Huawei,af-south-1,"Johannesburg, South Africa",327.5
2025-12-18 13:32:46,cloudping Huawei,cn-east-3,Shanghai 1,220
2025-12-18 13:32:46,cloudping Huawei,cn-south-1,Guangzhou,235
2025-12-18 13:32:46,cloudping Huawei,cn-southwest-2,Guiyang 1,241.5
2025-12-18 13:32:46,cloudping Huawei,cn-north-1,Beijing 1,272.5
2025-12-18 13:32:46,cloudping Huawei,cn-north-4,Beijing 4,275
2025-12-18 13:32:46,cloudping Huawei,cn-east-2,Shanghai 2,536.5
2025-12-18 13:32:46,cloudping Huawei,cn-north-9,Wulanchabu,884
2025-12-18 13:58:49,cloudping Huawei,na-mexico-1,"Mexico City 1, Mexico",146.5
2025-12-18 13:58:49,cloudping Huawei,la-north-2,"Mexico City 2, Mexico",150.5
2025-12-18 13:58:49,cloudping Huawei,ap-southeast-3,Singapore,191.5
2025-12-18 13:58:49,cloudping Huawei,ap-southeast-1,"Hong Kong, China",221
2025-12-18 13:58:49,cloudping Huawei,sa-brazil-1,"Sao Paulo, Brazil",223
2025-12-18 13:58:49,cloudping Huawei,af-south-1,"Johannesburg, South Africa",226.5
2025-12-18 13:58:49,cloudping Huawei,ap-southeast-2,"Bangkok, Thailand",240.5
2025-12-18 13:58:49,cloudping Huawei,la-south-2,"Santiago, Chile",296
2025-12-18 13:58:49,cloudping Huawei,na-mexico-1,"Mexico City 1, Mexico",146.5
2025-12-18 13:58:49,cloudping Huawei,la-north-2,"Mexico City 2, Mexico",150.5
2025-12-18 13:58:49,cloudping Huawei,ap-southeast-3,Singapore,191.5
2025-12-18 13:58:49,cloudping Huawei,ap-southeast-1,"Hong Kong, China",221
2025-12-18 13:58:49,cloudping Huawei,sa-brazil-1,"Sao Paulo, Brazil",223
2025-12-18 13:58:49,cloudping Huawei,af-south-1,"Johannesburg, South Africa",226.5
2025-12-18 13:58:49,cloudping Huawei,ap-southeast-2,"Bangkok, Thailand",240.5
2025-12-18 13:58:49,cloudping Huawei,la-south-2,"Santiago, Chile",296
2025-12-18 13:58:49,cloudping Huawei,cn-east-2,Shanghai 2,208
2025-12-18 13:58:49,cloudping Huawei,cn-south-1,Guangzhou,240.5
2025-12-18 13:58:49,cloudping Huawei,cn-east-3,Shanghai 1,251.5
2025-12-18 13:58:49,cloudping Huawei,cn-north-1,Beijing 1,251.5
2025-12-18 13:58:49,cloudping Huawei,cn-north-4,Beijing 4,264
2025-12-18 13:58:49,cloudping Huawei,cn-southwest-2,Guiyang 1,265.5
2025-12-18 13:58:49,cloudping Huawei,cn-north-9,Wulanchabu,275
2025-12-18 14:24:47,cloudping Huawei,na-mexico-1,"Mexico City 1, Mexico",143.5
2025-12-18 14:24:47,cloudping Huawei,la-north-2,"Mexico City 2, Mexico",147
2025-12-18 14:24:47,cloudping Huawei,ap-southeast-3,Singapore,191
2025-12-18 14:24:47,cloudping Huawei,ap-southeast-1,"Hong Kong, China",224
2025-12-18 14:24:47,cloudping Huawei,sa-brazil-1,"Sao Paulo, Brazil",225
2025-12-18 14:24:47,cloudping Huawei,la-south-2,"Santiago, Chile",238.5
2025-12-18 14:24:47,cloudping Huawei,ap-southeast-2,"Bangkok, Thailand",243
2025-12-18 14:24:47,cloudping Huawei,af-south-1,"Johannesburg, South Africa",356.5
2025-12-18 14:24:47,cloudping Huawei,na-mexico-1,"Mexico City 1, Mexico",143.5
2025-12-18 14:24:47,cloudping Huawei,la-north-2,"Mexico City 2, Mexico",147
2025-12-18 14:24:47,cloudping Huawei,ap-southeast-3,Singapore,191
2025-12-18 14:24:47,cloudping Huawei,ap-southeast-1,"Hong Kong, China",224
2025-12-18 14:24:47,cloudping Huawei,sa-brazil-1,"Sao Paulo, Brazil",225
2025-12-18 14:24:47,cloudping Huawei,la-south-2,"Santiago, Chile",238.5
2025-12-18 14:24:47,cloudping Huawei,ap-southeast-2,"Bangkok, Thailand",243
2025-12-18 14:24:47,cloudping Huawei,af-south-1,"Johannesburg, South Africa",356.5
2025-12-18 14:24:47,cloudping Huawei,cn-east-2,Shanghai 2,207.5
2025-12-18 14:24:47,cloudping Huawei,cn-south-1,Guangzhou,234
2025-12-18 14:24:47,cloudping Huawei,cn-east-3,Shanghai 1,266
2025-12-18 14:24:47,cloudping Huawei,cn-north-9,Wulanchabu,272
2025-12-18 14:24:47,cloudping Huawei,cn-southwest-2,Guiyang 1,286.5
2025-12-18 14:24:47,cloudping Huawei,cn-north-1,Beijing 1,291.5
2025-12-18 14:24:47,cloudping Huawei,cn-north-4,Beijing 4,325
2025-12-18 14:50:47,cloudping Huawei,la-north-2,"Mexico City 2, Mexico",145.5
2025-12-18 14:50:47,cloudping Huawei,na-mexico-1,"Mexico City 1, Mexico",147.5
2025-12-18 14:50:47,cloudping Huawei,ap-southeast-3,Singapore,209.5
2025-12-18 14:50:47,cloudping Huawei,sa-brazil-1,"Sao Paulo, Brazil",223.5
2025-12-18 14:50:47,cloudping Huawei,ap-southeast-1,"Hong Kong, China",228
2025-12-18 14:50:47,cloudping Huawei,af-south-1,"Johannesburg, South Africa",228
2025-12-18 14:50:47,cloudping Huawei,ap-southeast-2,"Bangkok, Thailand",247.5
2025-12-18 14:50:47,cloudping Huawei,la-south-2,"Santiago, Chile",468
2025-12-18 14:50:47,cloudping Huawei,la-north-2,"Mexico City 2, Mexico",145.5
2025-12-18 14:50:47,cloudping Huawei,na-mexico-1,"Mexico City 1, Mexico",147.5
2025-12-18 14:50:47,cloudping Huawei,ap-southeast-3,Singapore,209.5
2025-12-18 14:50:47,cloudping Huawei,sa-brazil-1,"Sao Paulo, Brazil",223.5
2025-12-18 14:50:47,cloudping Huawei,ap-southeast-1,"Hong Kong, China",228
2025-12-18 14:50:47,cloudping Huawei,af-south-1,"Johannesburg, South Africa",228
2025-12-18 14:50:47,cloudping Huawei,ap-southeast-2,"Bangkok, Thailand",247.5
2025-12-18 14:50:47,cloudping Huawei,la-south-2,"Santiago, Chile",468
2025-12-18 14:50:47,cloudping Huawei,cn-east-2,Shanghai 2,209.5
2025-12-18 14:50:47,cloudping Huawei,cn-north-9,Wulanchabu,238
2025-12-18 14:50:47,cloudping Huawei,cn-north-1,Beijing 1,254
2025-12-18 14:50:47,cloudping Huawei,cn-south-1,Guangzhou,269
2025-12-18 14:50:47,cloudping Huawei,cn-southwest-2,Guiyang 1,279.5
2025-12-18 14:50:47,cloudping Huawei,cn-east-3,Shanghai 1,580
2025-12-18 14:50:47,cloudping Huawei,cn-north-4,Beijing 4,605
2025-12-18 15:16:48,cloudping Huawei,la-north-2,"Mexico City 2, Mexico",144.5
2025-12-18 15:16:48,cloudping Huawei,na-mexico-1,"Mexico City 1, Mexico",148
2025-12-18 15:16:48,cloudping Huawei,ap-southeast-3,Singapore,189.5
2025-12-18 15:16:48,cloudping Huawei,ap-southeast-1,"Hong Kong, China",220.5
2025-12-18 15:16:48,cloudping Huawei,ap-southeast-2,"Bangkok, Thailand",235.5
2025-12-18 15:16:48,cloudping Huawei,sa-brazil-1,"Sao Paulo, Brazil",241.5
2025-12-18 15:16:48,cloudping Huawei,af-south-1,"Johannesburg, South Africa",243
2025-12-18 15:16:48,cloudping Huawei,la-south-2,"Santiago, Chile",282.5
2025-12-18 15:16:48,cloudping Huawei,la-north-2,"Mexico City 2, Mexico",144.5
2025-12-18 15:16:48,cloudping Huawei,na-mexico-1,"Mexico City 1, Mexico",148
2025-12-18 15:16:48,cloudping Huawei,ap-southeast-3,Singapore,189.5
2025-12-18 15:16:48,cloudping Huawei,ap-southeast-1,"Hong Kong, China",220.5
2025-12-18 15:16:48,cloudping Huawei,ap-southeast-2,"Bangkok, Thailand",235.5
2025-12-18 15:16:48,cloudping Huawei,sa-brazil-1,"Sao Paulo, Brazil",241.5
2025-12-18 15:16:48,cloudping Huawei,af-south-1,"Johannesburg, South Africa",243
2025-12-18 15:16:48,cloudping Huawei,la-south-2,"Santiago, Chile",282.5
2025-12-18 15:16:48,cloudping Huawei,cn-east-2,Shanghai 2,230
2025-12-18 15:16:48,cloudping Huawei,cn-east-3,Shanghai 1,231.5
2025-12-18 15:16:48,cloudping Huawei,cn-north-4,Beijing 4,262.5
2025-12-18 15:16:48,cloudping Huawei,cn-southwest-2,Guiyang 1,263.5
2025-12-18 15:16:48,cloudping Huawei,cn-north-1,Beijing 1,280.5
2025-12-18 15:16:48,cloudping Huawei,cn-north-9,Wulanchabu,324.5
2025-12-18 15:16:48,cloudping Huawei,cn-south-1,Guangzhou,584.5
2025-12-18 15:42:48,cloudping Huawei,na-mexico-1,"Mexico City 1, Mexico",145
2025-12-18 15:42:48,cloudping Huawei,la-north-2,"Mexico City 2, Mexico",145.5
2025-12-18 15:42:48,cloudping Huawei,ap-southeast-3,Singapore,188
2025-12-18 15:42:48,cloudping Huawei,ap-southeast-1,"Hong Kong, China",220.5
2025-12-18 15:42:48,cloudping Huawei,sa-brazil-1,"Sao Paulo, Brazil",225
2025-12-18 15:42:48,cloudping Huawei,ap-southeast-2,"Bangkok, Thailand",230
2025-12-18 15:42:48,cloudping Huawei,la-south-2,"Santiago, Chile",242.5
2025-12-18 15:42:48,cloudping Huawei,af-south-1,"Johannesburg, South Africa",245.5
2025-12-18 15:42:48,cloudping Huawei,na-mexico-1,"Mexico City 1, Mexico",145
2025-12-18 15:42:48,cloudping Huawei,la-north-2,"Mexico City 2, Mexico",145.5
2025-12-18 15:42:48,cloudping Huawei,ap-southeast-3,Singapore,188
2025-12-18 15:42:48,cloudping Huawei,ap-southeast-1,"Hong Kong, China",220.5
2025-12-18 15:42:48,cloudping Huawei,sa-brazil-1,"Sao Paulo, Brazil",225
2025-12-18 15:42:48,cloudping Huawei,ap-southeast-2,"Bangkok, Thailand",230
2025-12-18 15:42:48,cloudping Huawei,la-south-2,"Santiago, Chile",242.5
2025-12-18 15:42:48,cloudping Huawei,af-south-1,"Johannesburg, South Africa",245.5
2025-12-18 15:42:48,cloudping Huawei,cn-east-2,Shanghai 2,214.5
2025-12-18 15:42:48,cloudping Huawei,cn-south-1,Guangzhou,223
2025-12-18 15:42:48,cloudping Huawei,cn-east-3,Shanghai 1,265.5
2025-12-18 15:42:48,cloudping Huawei,cn-north-9,Wulanchabu,285
2025-12-18 15:42:48,cloudping Huawei,cn-southwest-2,Guiyang 1,303.5
2025-12-18 15:42:48,cloudping Huawei,cn-north-1,Beijing 1,355
2025-12-18 15:42:48,cloudping Huawei,cn-north-4,Beijing 4,610.5
2025-12-18 16:08:48,cloudping Huawei,na-mexico-1,"Mexico City 1, Mexico",144
2025-12-18 16:08:48,cloudping Huawei,la-north-2,"Mexico City 2, Mexico",190
2025-12-18 16:08:48,cloudping Huawei,ap-southeast-3,Singapore,204.5
2025-12-18 16:08:48,cloudping Huawei,ap-southeast-1,"Hong Kong, China",217.5
2025-12-18 16:08:48,cloudping Huawei,ap-southeast-2,"Bangkok, Thailand",238.5
2025-12-18 16:08:48,cloudping Huawei,sa-brazil-1,"Sao Paulo, Brazil",244
2025-12-18 16:08:48,cloudping Huawei,la-south-2,"Santiago, Chile",314.5
2025-12-18 16:08:48,cloudping Huawei,af-south-1,"Johannesburg, South Africa",550
2025-12-18 16:08:48,cloudping Huawei,na-mexico-1,"Mexico City 1, Mexico",144
2025-12-18 16:08:48,cloudping Huawei,la-north-2,"Mexico City 2, Mexico",190
2025-12-18 16:08:48,cloudping Huawei,ap-southeast-3,Singapore,204.5
2025-12-18 16:08:48,cloudping Huawei,ap-southeast-1,"Hong Kong, China",217.5
2025-12-18 16:08:48,cloudping Huawei,ap-southeast-2,"Bangkok, Thailand",238.5
2025-12-18 16:08:48,cloudping Huawei,sa-brazil-1,"Sao Paulo, Brazil",244
2025-12-18 16:08:48,cloudping Huawei,la-south-2,"Santiago, Chile",314.5
2025-12-18 16:08:48,cloudping Huawei,af-south-1,"Johannesburg, South Africa",550
2025-12-18 16:08:48,cloudping Huawei,cn-east-3,Shanghai 1,220
2025-12-18 16:08:48,cloudping Huawei,cn-north-1,Beijing 1,238
2025-12-18 16:08:48,cloudping Huawei,cn-south-1,Guangzhou,271.5
2025-12-18 16:08:48,cloudping Huawei,cn-southwest-2,Guiyang 1,589.5
2025-12-18 16:08:48,cloudping Huawei,cn-north-4,Beijing 4,591
2025-12-18 16:08:48,cloudping Huawei,cn-east-2,Shanghai 2,1314
2025-12-18 16:08:48,cloudping Huawei,cn-north-9,Wulanchabu,2098.5
2025-12-18 16:34:49,cloudping Huawei,na-mexico-1,"Mexico City 1, Mexico",148.5
2025-12-18 16:34:49,cloudping Huawei,la-north-2,"Mexico City 2, Mexico",150.5
2025-12-18 16:34:49,cloudping Huawei,ap-southeast-3,Singapore,194.5
2025-12-18 16:34:49,cloudping Huawei,ap-southeast-1,"Hong Kong, China",218.5
2025-12-18 16:34:49,cloudping Huawei,sa-brazil-1,"Sao Paulo, Brazil",223
2025-12-18 16:34:49,cloudping Huawei,ap-southeast-2,"Bangkok, Thailand",245
2025-12-18 16:34:49,cloudping Huawei,la-south-2,"Santiago, Chile",259
2025-12-18 16:34:49,cloudping Huawei,af-south-1,"Johannesburg, South Africa",408.5
2025-12-18 16:34:49,cloudping Huawei,na-mexico-1,"Mexico City 1, Mexico",148.5
2025-12-18 16:34:49,cloudping Huawei,la-north-2,"Mexico City 2, Mexico",150.5
2025-12-18 16:34:49,cloudping Huawei,ap-southeast-3,Singapore,194.5
2025-12-18 16:34:49,cloudping Huawei,ap-southeast-1,"Hong Kong, China",218.5
2025-12-18 16:34:49,cloudping Huawei,sa-brazil-1,"Sao Paulo, Brazil",223
2025-12-18 16:34:49,cloudping Huawei,ap-southeast-2,"Bangkok, Thailand",245
2025-12-18 16:34:49,cloudping Huawei,la-south-2,"Santiago, Chile",259
2025-12-18 16:34:49,cloudping Huawei,af-south-1,"Johannesburg, South Africa",408.5
2025-12-18 16:34:49,cloudping Huawei,cn-north-1,Beijing 1,205
2025-12-18 16:34:49,cloudping Huawei,cn-east-3,Shanghai 1,224.5
2025-12-18 16:34:49,cloudping Huawei,cn-southwest-2,Guiyang 1,270
2025-12-18 16:34:49,cloudping Huawei,cn-east-2,Shanghai 2,522
2025-12-18 16:34:49,cloudping Huawei,cn-north-4,Beijing 4,615
2025-12-18 16:34:49,cloudping Huawei,cn-north-9,Wulanchabu,624
2025-12-18 16:34:49,cloudping Huawei,cn-south-1,Guangzhou,655.5
2025-12-18 17:00:50,cloudping Huawei,na-mexico-1,"Mexico City 1, Mexico",145
2025-12-18 17:00:50,cloudping Huawei,la-north-2,"Mexico City 2, Mexico",199
2025-12-18 17:00:50,cloudping Huawei,ap-southeast-3,Singapore,199.5
2025-12-18 17:00:50,cloudping Huawei,sa-brazil-1,"Sao Paulo, Brazil",227
2025-12-18 17:00:50,cloudping Huawei,ap-southeast-1,"Hong Kong, China",230.5
2025-12-18 17:00:50,cloudping Huawei,la-south-2,"Santiago, Chile",251
2025-12-18 17:00:50,cloudping Huawei,ap-southeast-2,"Bangkok, Thailand",348
2025-12-18 17:00:50,cloudping Huawei,af-south-1,"Johannesburg, South Africa",804.5
2025-12-18 17:00:50,cloudping Huawei,na-mexico-1,"Mexico City 1, Mexico",145
2025-12-18 17:00:50,cloudping Huawei,la-north-2,"Mexico City 2, Mexico",199
2025-12-18 17:00:50,cloudping Huawei,ap-southeast-3,Singapore,199.5
2025-12-18 17:00:50,cloudping Huawei,sa-brazil-1,"Sao Paulo, Brazil",227
2025-12-18 17:00:50,cloudping Huawei,ap-southeast-1,"Hong Kong, China",230.5
2025-12-18 17:00:50,cloudping Huawei,la-south-2,"Santiago, Chile",251
2025-12-18 17:00:50,cloudping Huawei,ap-southeast-2,"Bangkok, Thailand",348
2025-12-18 17:00:50,cloudping Huawei,af-south-1,"Johannesburg, South Africa",804.5
2025-12-18 17:00:50,cloudping Huawei,cn-north-1,Beijing 1,206.5
2025-12-18 17:00:50,cloudping Huawei,cn-north-4,Beijing 4,216.5
2025-12-18 17:00:50,cloudping Huawei,cn-north-9,Wulanchabu,242
2025-12-18 17:00:50,cloudping Huawei,cn-south-1,Guangzhou,255.5
2025-12-18 17:00:50,cloudping Huawei,cn-southwest-2,Guiyang 1,329.5
2025-12-18 17:00:50,cloudping Huawei,cn-east-3,Shanghai 1,938.5
2025-12-18 17:00:50,cloudping Huawei,cn-east-2,Shanghai 2,1520.5
2025-12-18 17:26:50,cloudping Huawei,la-north-2,"Mexico City 2, Mexico",147
2025-12-18 17:26:50,cloudping Huawei,na-mexico-1,"Mexico City 1, Mexico",147.5
2025-12-18 17:26:50,cloudping Huawei,ap-southeast-1,"Hong Kong, China",226.5
2025-12-18 17:26:50,cloudping Huawei,ap-southeast-3,Singapore,230.5
2025-12-18 17:26:50,cloudping Huawei,af-south-1,"Johannesburg, South Africa",239
2025-12-18 17:26:50,cloudping Huawei,ap-southeast-2,"Bangkok, Thailand",245.5
2025-12-18 17:26:50,cloudping Huawei,la-south-2,"Santiago, Chile",286
2025-12-18 17:26:50,cloudping Huawei,sa-brazil-1,"Sao Paulo, Brazil",396
2025-12-18 17:26:50,cloudping Huawei,la-north-2,"Mexico City 2, Mexico",147
2025-12-18 17:26:50,cloudping Huawei,na-mexico-1,"Mexico City 1, Mexico",147.5
2025-12-18 17:26:50,cloudping Huawei,ap-southeast-1,"Hong Kong, China",226.5
2025-12-18 17:26:50,cloudping Huawei,ap-southeast-3,Singapore,230.5
2025-12-18 17:26:50,cloudping Huawei,af-south-1,"Johannesburg, South Africa",239
2025-12-18 17:26:50,cloudping Huawei,ap-southeast-2,"Bangkok, Thailand",245.5
2025-12-18 17:26:50,cloudping Huawei,la-south-2,"Santiago, Chile",286
2025-12-18 17:26:50,cloudping Huawei,sa-brazil-1,"Sao Paulo, Brazil",396
2025-12-18 17:26:50,cloudping Huawei,cn-east-2,Shanghai 2,214
2025-12-18 17:26:50,cloudping Huawei,cn-north-1,Beijing 1,232
2025-12-18 17:26:50,cloudping Huawei,cn-south-1,Guangzhou,249.5
2025-12-18 17:26:50,cloudping Huawei,cn-east-3,Shanghai 1,255
2025-12-18 17:26:50,cloudping Huawei,cn-north-9,Wulanchabu,263
2025-12-18 17:26:50,cloudping Huawei,cn-southwest-2,Guiyang 1,263.5
2025-12-18 17:26:50,cloudping Huawei,cn-north-4,Beijing 4,329.5
2025-12-18 17:52:50,cloudping Huawei,la-north-2,"Mexico City 2, Mexico",144.5
2025-12-18 17:52:50,cloudping Huawei,na-mexico-1,"Mexico City 1, Mexico",147.5
2025-12-18 17:52:50,cloudping Huawei,ap-southeast-3,Singapore,189
2025-12-18 17:52:50,cloudping Huawei,ap-southeast-1,"Hong Kong, China",214
2025-12-18 17:52:50,cloudping Huawei,la-south-2,"Santiago, Chile",234.5
2025-12-18 17:52:50,cloudping Huawei,af-south-1,"Johannesburg, South Africa",239
2025-12-18 17:52:50,cloudping Huawei,ap-southeast-2,"Bangkok, Thailand",252.5
2025-12-18 17:52:50,cloudping Huawei,sa-brazil-1,"Sao Paulo, Brazil",319.5
2025-12-18 17:52:50,cloudping Huawei,la-north-2,"Mexico City 2, Mexico",144.5
2025-12-18 17:52:50,cloudping Huawei,na-mexico-1,"Mexico City 1, Mexico",147.5
2025-12-18 17:52:50,cloudping Huawei,ap-southeast-3,Singapore,189
2025-12-18 17:52:50,cloudping Huawei,ap-southeast-1,"Hong Kong, China",214
2025-12-18 17:52:50,cloudping Huawei,la-south-2,"Santiago, Chile",234.5
2025-12-18 17:52:50,cloudping Huawei,af-south-1,"Johannesburg, South Africa",239
2025-12-18 17:52:50,cloudping Huawei,ap-southeast-2,"Bangkok, Thailand",252.5
2025-12-18 17:52:50,cloudping Huawei,sa-brazil-1,"Sao Paulo, Brazil",319.5
2025-12-18 17:52:50,cloudping Huawei,cn-north-1,Beijing 1,192.5
2025-12-18 17:52:50,cloudping Huawei,cn-east-2,Shanghai 2,210.5
2025-12-18 17:52:50,cloudping Huawei,cn-south-1,Guangzhou,225
2025-12-18 17:52:50,cloudping Huawei,cn-east-3,Shanghai 1,253.5
2025-12-18 17:52:50,cloudping Huawei,cn-north-4,Beijing 4,259.5
2025-12-18 17:52:50,cloudping Huawei,cn-north-9,Wulanchabu,560
2025-12-18 17:52:50,cloudping Huawei,cn-southwest-2,Guiyang 1,591
2025-12-18 18:18:51,cloudping Huawei,na-mexico-1,"Mexico City 1, Mexico",143.5
2025-12-18 18:18:51,cloudping Huawei,la-north-2,"Mexico City 2, Mexico",145.5
2025-12-18 18:18:51,cloudping Huawei,ap-southeast-3,Singapore,191
2025-12-18 18:18:51,cloudping Huawei,ap-southeast-1,"Hong Kong, China",215.5
2025-12-18 18:18:51,cloudping Huawei,sa-brazil-1,"Sao Paulo, Brazil",223
2025-12-18 18:18:51,cloudping Huawei,af-south-1,"Johannesburg, South Africa",233
2025-12-18 18:18:51,cloudping Huawei,ap-southeast-2,"Bangkok, Thailand",240.5
2025-12-18 18:18:51,cloudping Huawei,la-south-2,"Santiago, Chile",242
2025-12-18 18:18:51,cloudping Huawei,na-mexico-1,"Mexico City 1, Mexico",143.5
2025-12-18 18:18:51,cloudping Huawei,la-north-2,"Mexico City 2, Mexico",145.5
2025-12-18 18:18:51,cloudping Huawei,ap-southeast-3,Singapore,191
2025-12-18 18:18:51,cloudping Huawei,ap-southeast-1,"Hong Kong, China",215.5
2025-12-18 18:18:51,cloudping Huawei,sa-brazil-1,"Sao Paulo, Brazil",223
2025-12-18 18:18:51,cloudping Huawei,af-south-1,"Johannesburg, South Africa",233
2025-12-18 18:18:51,cloudping Huawei,ap-southeast-2,"Bangkok, Thailand",240.5
2025-12-18 18:18:51,cloudping Huawei,la-south-2,"Santiago, Chile",242
2025-12-18 18:18:51,cloudping Huawei,cn-east-3,Shanghai 1,210
2025-12-18 18:18:51,cloudping Huawei,cn-south-1,Guangzhou,228.5
2025-12-18 18:18:51,cloudping Huawei,cn-north-1,Beijing 1,236
2025-12-18 18:18:51,cloudping Huawei,cn-north-4,Beijing 4,255.5
2025-12-18 18:18:51,cloudping Huawei,cn-southwest-2,Guiyang 1,363.5
2025-12-18 18:18:51,cloudping Huawei,cn-east-2,Shanghai 2,529.5
2025-12-18 18:18:51,cloudping Huawei,cn-north-9,Wulanchabu,1017
2025-12-18 18:44:51,cloudping Huawei,la-north-2,"Mexico City 2, Mexico",145.5
2025-12-18 18:44:51,cloudping Huawei,na-mexico-1,"Mexico City 1, Mexico",146
2025-12-18 18:44:51,cloudping Huawei,ap-southeast-1,"Hong Kong, China",229
2025-12-18 18:44:51,cloudping Huawei,ap-southeast-2,"Bangkok, Thailand",235
2025-12-18 18:44:51,cloudping Huawei,la-south-2,"Santiago, Chile",238.5
2025-12-18 18:44:51,cloudping Huawei,af-south-1,"Johannesburg, South Africa",241
2025-12-18 18:44:51,cloudping Huawei,ap-southeast-3,Singapore,253
2025-12-18 18:44:51,cloudping Huawei,sa-brazil-1,"Sao Paulo, Brazil",294
2025-12-18 18:44:51,cloudping Huawei,la-north-2,"Mexico City 2, Mexico",145.5
2025-12-18 18:44:51,cloudping Huawei,na-mexico-1,"Mexico City 1, Mexico",146
2025-12-18 18:44:51,cloudping Huawei,ap-southeast-1,"Hong Kong, China",229
2025-12-18 18:44:51,cloudping Huawei,ap-southeast-2,"Bangkok, Thailand",235
2025-12-18 18:44:51,cloudping Huawei,la-south-2,"Santiago, Chile",238.5
2025-12-18 18:44:51,cloudping Huawei,af-south-1,"Johannesburg, South Africa",241
2025-12-18 18:44:51,cloudping Huawei,ap-southeast-3,Singapore,253
2025-12-18 18:44:51,cloudping Huawei,sa-brazil-1,"Sao Paulo, Brazil",294
2025-12-18 18:44:51,cloudping Huawei,cn-north-1,Beijing 1,183
2025-12-18 18:44:51,cloudping Huawei,cn-east-2,Shanghai 2,198.5
2025-12-18 18:44:51,cloudping Huawei,cn-east-3,Shanghai 1,223.5
2025-12-18 18:44:51,cloudping Huawei,cn-south-1,Guangzhou,233.5
2025-12-18 18:44:51,cloudping Huawei,cn-southwest-2,Guiyang 1,258
2025-12-18 18:44:51,cloudping Huawei,cn-north-4,Beijing 4,523.5
2025-12-18 18:44:51,cloudping Huawei,cn-north-9,Wulanchabu,1781.5
2025-12-18 19:10:52,cloudping Huawei,la-north-2,"Mexico City 2, Mexico",147.5
2025-12-18 19:10:52,cloudping Huawei,na-mexico-1,"Mexico City 1, Mexico",148.5
2025-12-18 19:10:52,cloudping Huawei,ap-southeast-3,Singapore,188.5
2025-12-18 19:10:52,cloudping Huawei,ap-southeast-1,"Hong Kong, China",219
2025-12-18 19:10:52,cloudping Huawei,ap-southeast-2,"Bangkok, Thailand",236.5
2025-12-18 19:10:52,cloudping Huawei,sa-brazil-1,"Sao Paulo, Brazil",237
2025-12-18 19:10:52,cloudping Huawei,af-south-1,"Johannesburg, South Africa",250.5
2025-12-18 19:10:52,cloudping Huawei,la-south-2,"Santiago, Chile",380
2025-12-18 19:10:52,cloudping Huawei,la-north-2,"Mexico City 2, Mexico",147.5
2025-12-18 19:10:52,cloudping Huawei,na-mexico-1,"Mexico City 1, Mexico",148.5
2025-12-18 19:10:52,cloudping Huawei,ap-southeast-3,Singapore,188.5
2025-12-18 19:10:52,cloudping Huawei,ap-southeast-1,"Hong Kong, China",219
2025-12-18 19:10:52,cloudping Huawei,ap-southeast-2,"Bangkok, Thailand",236.5
2025-12-18 19:10:52,cloudping Huawei,sa-brazil-1,"Sao Paulo, Brazil",237
2025-12-18 19:10:52,cloudping Huawei,af-south-1,"Johannesburg, South Africa",250.5
2025-12-18 19:10:52,cloudping Huawei,la-south-2,"Santiago, Chile",380
2025-12-18 19:10:52,cloudping Huawei,cn-east-3,Shanghai 1,218.5
2025-12-18 19:10:52,cloudping Huawei,cn-north-1,Beijing 1,218.5
2025-12-18 19:10:52,cloudping Huawei,cn-north-4,Beijing 4,225
2025-12-18 19:10:52,cloudping Huawei,cn-south-1,Guangzhou,240.5
2025-12-18 19:10:52,cloudping Huawei,cn-southwest-2,Guiyang 1,277.5
2025-12-18 19:10:52,cloudping Huawei,cn-east-2,Shanghai 2,565
2025-12-18 19:10:52,cloudping Huawei,cn-north-9,Wulanchabu,651.5
2025-12-18 19:36:52,cloudping Huawei,na-mexico-1,"Mexico City 1, Mexico",143.5
2025-12-18 19:36:52,cloudping Huawei,la-north-2,"Mexico City 2, Mexico",145.5
2025-12-18 19:36:52,cloudping Huawei,ap-southeast-3,Singapore,190.5
2025-12-18 19:36:52,cloudping Huawei,ap-southeast-1,"Hong Kong, China",213
2025-12-18 19:36:52,cloudping Huawei,sa-brazil-1,"Sao Paulo, Brazil",230.5
2025-12-18 19:36:52,cloudping Huawei,ap-southeast-2,"Bangkok, Thailand",236
2025-12-18 19:36:52,cloudping Huawei,af-south-1,"Johannesburg, South Africa",243.5
2025-12-18 19:36:52,cloudping Huawei,la-south-2,"Santiago, Chile",310.5
2025-12-18 19:36:52,cloudping Huawei,na-mexico-1,"Mexico City 1, Mexico",143.5
2025-12-18 19:36:52,cloudping Huawei,la-north-2,"Mexico City 2, Mexico",145.5
2025-12-18 19:36:52,cloudping Huawei,ap-southeast-3,Singapore,190.5
2025-12-18 19:36:52,cloudping Huawei,ap-southeast-1,"Hong Kong, China",213
2025-12-18 19:36:52,cloudping Huawei,sa-brazil-1,"Sao Paulo, Brazil",230.5
2025-12-18 19:36:52,cloudping Huawei,ap-southeast-2,"Bangkok, Thailand",236
2025-12-18 19:36:52,cloudping Huawei,af-south-1,"Johannesburg, South Africa",243.5
2025-12-18 19:36:52,cloudping Huawei,la-south-2,"Santiago, Chile",310.5
2025-12-18 19:36:52,cloudping Huawei,cn-east-3,Shanghai 1,209
2025-12-18 19:36:52,cloudping Huawei,cn-east-2,Shanghai 2,211
2025-12-18 19:36:52,cloudping Huawei,cn-south-1,Guangzhou,221
2025-12-18 19:36:52,cloudping Huawei,cn-north-1,Beijing 1,233
2025-12-18 19:36:52,cloudping Huawei,cn-north-4,Beijing 4,256
2025-12-18 19:36:52,cloudping Huawei,cn-north-9,Wulanchabu,264.5
2025-12-18 19:36:52,cloudping Huawei,cn-southwest-2,Guiyang 1,384
2025-12-18 20:02:53,cloudping Huawei,la-north-2,"Mexico City 2, Mexico",145.5
2025-12-18 20:02:53,cloudping Huawei,na-mexico-1,"Mexico City 1, Mexico",150
2025-12-18 20:02:53,cloudping Huawei,ap-southeast-3,Singapore,208
2025-12-18 20:02:53,cloudping Huawei,ap-southeast-1,"Hong Kong, China",211
2025-12-18 20:02:53,cloudping Huawei,sa-brazil-1,"Sao Paulo, Brazil",231.5
2025-12-18 20:02:53,cloudping Huawei,la-south-2,"Santiago, Chile",237.5
2025-12-18 20:02:53,cloudping Huawei,ap-southeast-2,"Bangkok, Thailand",270.5
2025-12-18 20:02:53,cloudping Huawei,af-south-1,"Johannesburg, South Africa",324.5
2025-12-18 20:02:53,cloudping Huawei,la-north-2,"Mexico City 2, Mexico",145.5
2025-12-18 20:02:53,cloudping Huawei,na-mexico-1,"Mexico City 1, Mexico",150
2025-12-18 20:02:53,cloudping Huawei,ap-southeast-3,Singapore,208
2025-12-18 20:02:53,cloudping Huawei,ap-southeast-1,"Hong Kong, China",211
2025-12-18 20:02:53,cloudping Huawei,sa-brazil-1,"Sao Paulo, Brazil",231.5
2025-12-18 20:02:53,cloudping Huawei,la-south-2,"Santiago, Chile",237.5
2025-12-18 20:02:53,cloudping Huawei,ap-southeast-2,"Bangkok, Thailand",270.5
2025-12-18 20:02:53,cloudping Huawei,af-south-1,"Johannesburg, South Africa",324.5
2025-12-18 20:02:53,cloudping Huawei,cn-south-1,Guangzhou,230.5
2025-12-18 20:02:53,cloudping Huawei,cn-east-2,Shanghai 2,237
2025-12-18 20:02:53,cloudping Huawei,cn-east-3,Shanghai 1,248
2025-12-18 20:02:53,cloudping Huawei,cn-north-9,Wulanchabu,258
2025-12-18 20:02:53,cloudping Huawei,cn-north-1,Beijing 1,270.5
2025-12-18 20:02:53,cloudping Huawei,cn-southwest-2,Guiyang 1,278
2025-12-18 20:02:53,cloudping Huawei,cn-north-4,Beijing 4,279.5
2025-12-18 20:28:53,cloudping Huawei,na-mexico-1,"Mexico City 1, Mexico",142.5
2025-12-18 20:28:53,cloudping Huawei,la-north-2,"Mexico City 2, Mexico",154.5
2025-12-18 20:28:53,cloudping Huawei,ap-southeast-3,Singapore,185
2025-12-18 20:28:53,cloudping Huawei,ap-southeast-1,"Hong Kong, China",219.5
2025-12-18 20:28:53,cloudping Huawei,af-south-1,"Johannesburg, South Africa",228
2025-12-18 20:28:53,cloudping Huawei,ap-southeast-2,"Bangkok, Thailand",242.5
2025-12-18 20:28:53,cloudping Huawei,la-south-2,"Santiago, Chile",272
2025-12-18 20:28:53,cloudping Huawei,sa-brazil-1,"Sao Paulo, Brazil",302
2025-12-18 20:28:53,cloudping Huawei,na-mexico-1,"Mexico City 1, Mexico",142.5
2025-12-18 20:28:53,cloudping Huawei,la-north-2,"Mexico City 2, Mexico",154.5
2025-12-18 20:28:53,cloudping Huawei,ap-southeast-3,Singapore,185
2025-12-18 20:28:53,cloudping Huawei,ap-southeast-1,"Hong Kong, China",219.5
2025-12-18 20:28:53,cloudping Huawei,af-south-1,"Johannesburg, South Africa",228
2025-12-18 20:28:53,cloudping Huawei,ap-southeast-2,"Bangkok, Thailand",242.5
2025-12-18 20:28:53,cloudping Huawei,la-south-2,"Santiago, Chile",272
2025-12-18 20:28:53,cloudping Huawei,sa-brazil-1,"Sao Paulo, Brazil",302
2025-12-18 20:28:53,cloudping Huawei,cn-north-4,Beijing 4,212
2025-12-18 20:28:53,cloudping Huawei,cn-east-3,Shanghai 1,216
2025-12-18 20:28:53,cloudping Huawei,cn-north-1,Beijing 1,220.5
2025-12-18 20:28:53,cloudping Huawei,cn-east-2,Shanghai 2,226
2025-12-18 20:28:53,cloudping Huawei,cn-north-9,Wulanchabu,230
2025-12-18 20:28:53,cloudping Huawei,cn-south-1,Guangzhou,232.5
2025-12-18 20:28:53,cloudping Huawei,cn-southwest-2,Guiyang 1,259.5
2025-12-18 20:54:55,cloudping Huawei,na-mexico-1,"Mexico City 1, Mexico",143
2025-12-18 20:54:55,cloudping Huawei,la-north-2,"Mexico City 2, Mexico",164
2025-12-18 20:54:55,cloudping Huawei,ap-southeast-3,Singapore,187.5
2025-12-18 20:54:55,cloudping Huawei,ap-southeast-1,"Hong Kong, China",212
2025-12-18 20:54:55,cloudping Huawei,sa-brazil-1,"Sao Paulo, Brazil",233
2025-12-18 20:54:55,cloudping Huawei,ap-southeast-2,"Bangkok, Thailand",239.5
2025-12-18 20:54:55,cloudping Huawei,la-south-2,"Santiago, Chile",281
2025-12-18 20:54:55,cloudping Huawei,af-south-1,"Johannesburg, South Africa",380.5
2025-12-18 20:54:55,cloudping Huawei,na-mexico-1,"Mexico City 1, Mexico",143
2025-12-18 20:54:55,cloudping Huawei,la-north-2,"Mexico City 2, Mexico",164
2025-12-18 20:54:55,cloudping Huawei,ap-southeast-3,Singapore,187.5
2025-12-18 20:54:55,cloudping Huawei,ap-southeast-1,"Hong Kong, China",212
2025-12-18 20:54:55,cloudping Huawei,sa-brazil-1,"Sao Paulo, Brazil",233
2025-12-18 20:54:55,cloudping Huawei,ap-southeast-2,"Bangkok, Thailand",239.5
2025-12-18 20:54:55,cloudping Huawei,la-south-2,"Santiago, Chile",281
2025-12-18 20:54:55,cloudping Huawei,af-south-1,"Johannesburg, South Africa",380.5
2025-12-18 20:54:55,cloudping Huawei,cn-east-3,Shanghai 1,211
2025-12-18 20:54:55,cloudping Huawei,cn-north-4,Beijing 4,223.5
2025-12-18 20:54:55,cloudping Huawei,cn-north-9,Wulanchabu,231
2025-12-18 20:54:55,cloudping Huawei,cn-south-1,Guangzhou,233
2025-12-18 20:54:55,cloudping Huawei,cn-southwest-2,Guiyang 1,239.5
2025-12-18 20:54:55,cloudping Huawei,cn-east-2,Shanghai 2,248
2025-12-18 20:54:55,cloudping Huawei,cn-north-1,Beijing 1,284
2025-12-18 21:20:54,cloudping Huawei,na-mexico-1,"Mexico City 1, Mexico",148
2025-12-18 21:20:54,cloudping Huawei,la-north-2,"Mexico City 2, Mexico",157.5
2025-12-18 21:20:54,cloudping Huawei,ap-southeast-3,Singapore,187.5
2025-12-18 21:20:54,cloudping Huawei,ap-southeast-1,"Hong Kong, China",226.5
2025-12-18 21:20:54,cloudping Huawei,sa-brazil-1,"Sao Paulo, Brazil",239
2025-12-18 21:20:54,cloudping Huawei,ap-southeast-2,"Bangkok, Thailand",252
2025-12-18 21:20:54,cloudping Huawei,af-south-1,"Johannesburg, South Africa",252.5
2025-12-18 21:20:54,cloudping Huawei,la-south-2,"Santiago, Chile",435.5
2025-12-18 21:20:54,cloudping Huawei,na-mexico-1,"Mexico City 1, Mexico",148
2025-12-18 21:20:54,cloudping Huawei,la-north-2,"Mexico City 2, Mexico",157.5
2025-12-18 21:20:54,cloudping Huawei,ap-southeast-3,Singapore,187.5
2025-12-18 21:20:54,cloudping Huawei,ap-southeast-1,"Hong Kong, China",226.5
2025-12-18 21:20:54,cloudping Huawei,sa-brazil-1,"Sao Paulo, Brazil",239
2025-12-18 21:20:54,cloudping Huawei,ap-southeast-2,"Bangkok, Thailand",252
2025-12-18 21:20:54,cloudping Huawei,af-south-1,"Johannesburg, South Africa",252.5
2025-12-18 21:20:54,cloudping Huawei,la-south-2,"Santiago, Chile",435.5
2025-12-18 21:20:54,cloudping Huawei,cn-north-1,Beijing 1,195.5
2025-12-18 21:20:54,cloudping Huawei,cn-north-4,Beijing 4,207.5
2025-12-18 21:20:54,cloudping Huawei,cn-north-9,Wulanchabu,226.5
2025-12-18 21:20:54,cloudping Huawei,cn-south-1,Guangzhou,229.5
2025-12-18 21:20:54,cloudping Huawei,cn-east-2,Shanghai 2,237.5
2025-12-18 21:20:54,cloudping Huawei,cn-east-3,Shanghai 1,247.5
2025-12-18 21:20:54,cloudping Huawei,cn-southwest-2,Guiyang 1,254
2025-12-18 21:46:54,cloudping Huawei,la-north-2,"Mexico City 2, Mexico",142.5
2025-12-18 21:46:54,cloudping Huawei,na-mexico-1,"Mexico City 1, Mexico",143
2025-12-18 21:46:54,cloudping Huawei,ap-southeast-3,Singapore,190
2025-12-18 21:46:54,cloudping Huawei,sa-brazil-1,"Sao Paulo, Brazil",218
2025-12-18 21:46:54,cloudping Huawei,ap-southeast-1,"Hong Kong, China",219.5
2025-12-18 21:46:54,cloudping Huawei,la-south-2,"Santiago, Chile",239
2025-12-18 21:46:54,cloudping Huawei,ap-southeast-2,"Bangkok, Thailand",239.5
2025-12-18 21:46:54,cloudping Huawei,af-south-1,"Johannesburg, South Africa",247
2025-12-18 21:46:54,cloudping Huawei,la-north-2,"Mexico City 2, Mexico",142.5
2025-12-18 21:46:54,cloudping Huawei,na-mexico-1,"Mexico City 1, Mexico",143
2025-12-18 21:46:54,cloudping Huawei,ap-southeast-3,Singapore,190
2025-12-18 21:46:54,cloudping Huawei,sa-brazil-1,"Sao Paulo, Brazil",218
2025-12-18 21:46:54,cloudping Huawei,ap-southeast-1,"Hong Kong, China",219.5
2025-12-18 21:46:54,cloudping Huawei,la-south-2,"Santiago, Chile",239
2025-12-18 21:46:54,cloudping Huawei,ap-southeast-2,"Bangkok, Thailand",239.5
2025-12-18 21:46:54,cloudping Huawei,af-south-1,"Johannesburg, South Africa",247
2025-12-18 21:46:54,cloudping Huawei,cn-east-3,Shanghai 1,206.5
2025-12-18 21:46:54,cloudping Huawei,cn-north-9,Wulanchabu,230
2025-12-18 21:46:54,cloudping Huawei,cn-north-1,Beijing 1,230.5
2025-12-18 21:46:54,cloudping Huawei,cn-south-1,Guangzhou,231.5
2025-12-18 21:46:54,cloudping Huawei,cn-east-2,Shanghai 2,238
2025-12-18 21:46:54,cloudping Huawei,cn-north-4,Beijing 4,248.5
2025-12-18 21:46:54,cloudping Huawei,cn-southwest-2,Guiyang 1,253
2025-12-18 22:13:00,cloudping Huawei,la-north-2,"Mexico City 2, Mexico",146.5
2025-12-18 22:13:00,cloudping Huawei,na-mexico-1,"Mexico City 1, Mexico",150
2025-12-18 22:13:00,cloudping Huawei,ap-southeast-3,Singapore,184.5
2025-12-18 22:13:00,cloudping Huawei,ap-southeast-1,"Hong Kong, China",229
2025-12-18 22:13:00,cloudping Huawei,sa-brazil-1,"Sao Paulo, Brazil",234.5
2025-12-18 22:13:00,cloudping Huawei,la-south-2,"Santiago, Chile",242.5
2025-12-18 22:13:00,cloudping Huawei,ap-southeast-2,"Bangkok, Thailand",243.5
2025-12-18 22:13:00,cloudping Huawei,af-south-1,"Johannesburg, South Africa",256
2025-12-18 22:13:00,cloudping Huawei,la-north-2,"Mexico City 2, Mexico",146.5
2025-12-18 22:13:00,cloudping Huawei,na-mexico-1,"Mexico City 1, Mexico",150
2025-12-18 22:13:00,cloudping Huawei,ap-southeast-3,Singapore,184.5
2025-12-18 22:13:00,cloudping Huawei,ap-southeast-1,"Hong Kong, China",229
2025-12-18 22:13:00,cloudping Huawei,sa-brazil-1,"Sao Paulo, Brazil",234.5
2025-12-18 22:13:00,cloudping Huawei,la-south-2,"Santiago, Chile",242.5
2025-12-18 22:13:00,cloudping Huawei,ap-southeast-2,"Bangkok, Thailand",243.5
2025-12-18 22:13:00,cloudping Huawei,af-south-1,"Johannesburg, South Africa",256
2025-12-18 22:13:00,cloudping Huawei,cn-north-1,Beijing 1,187
2025-12-18 22:13:00,cloudping Huawei,cn-east-3,Shanghai 1,200.5
2025-12-18 22:13:00,cloudping Huawei,cn-east-2,Shanghai 2,217.5
2025-12-18 22:13:00,cloudping Huawei,cn-south-1,Guangzhou,221
2025-12-18 22:13:00,cloudping Huawei,cn-north-4,Beijing 4,251
2025-12-18 22:13:00,cloudping Huawei,cn-north-9,Wulanchabu,265.5
2025-12-18 22:13:00,cloudping Huawei,cn-southwest-2,Guiyang 1,283.5
2025-12-18 22:38:55,cloudping Huawei,na-mexico-1,"Mexico City 1, Mexico",143
2025-12-18 22:38:55,cloudping Huawei,la-north-2,"Mexico City 2, Mexico",146.5
2025-12-18 22:38:55,cloudping Huawei,ap-southeast-3,Singapore,210.5
2025-12-18 22:38:55,cloudping Huawei,ap-southeast-1,"Hong Kong, China",226.5
2025-12-18 22:38:55,cloudping Huawei,sa-brazil-1,"Sao Paulo, Brazil",232
2025-12-18 22:38:55,cloudping Huawei,ap-southeast-2,"Bangkok, Thailand",235
2025-12-18 22:38:55,cloudping Huawei,la-south-2,"Santiago, Chile",238
2025-12-18 22:38:55,cloudping Huawei,af-south-1,"Johannesburg, South Africa",289
2025-12-18 22:38:55,cloudping Huawei,na-mexico-1,"Mexico City 1, Mexico",143
2025-12-18 22:38:55,cloudping Huawei,la-north-2,"Mexico City 2, Mexico",146.5
2025-12-18 22:38:55,cloudping Huawei,ap-southeast-3,Singapore,210.5
2025-12-18 22:38:55,cloudping Huawei,ap-southeast-1,"Hong Kong, China",226.5
2025-12-18 22:38:55,cloudping Huawei,sa-brazil-1,"Sao Paulo, Brazil",232
2025-12-18 22:38:55,cloudping Huawei,ap-southeast-2,"Bangkok, Thailand",235
2025-12-18 22:38:55,cloudping Huawei,la-south-2,"Santiago, Chile",238
2025-12-18 22:38:55,cloudping Huawei,af-south-1,"Johannesburg, South Africa",289
2025-12-18 22:38:55,cloudping Huawei,cn-east-2,Shanghai 2,206
2025-12-18 22:38:55,cloudping Huawei,cn-east-3,Shanghai 1,207
2025-12-18 22:38:55,cloudping Huawei,cn-north-4,Beijing 4,208.5
2025-12-18 22:38:55,cloudping Huawei,cn-south-1,Guangzhou,225
2025-12-18 22:38:55,cloudping Huawei,cn-north-9,Wulanchabu,263
2025-12-18 22:38:55,cloudping Huawei,cn-north-1,Beijing 1,288
2025-12-18 22:38:55,cloudping Huawei,cn-southwest-2,Guiyang 1,294.5
2025-12-18 23:04:57,cloudping Huawei,na-mexico-1,"Mexico City 1, Mexico",143
2025-12-18 23:04:57,cloudping Huawei,la-north-2,"Mexico City 2, Mexico",151
2025-12-18 23:04:57,cloudping Huawei,ap-southeast-3,Singapore,191.5
2025-12-18 23:04:57,cloudping Huawei,ap-southeast-1,"Hong Kong, China",216
2025-12-18 23:04:57,cloudping Huawei,af-south-1,"Johannesburg, South Africa",231
2025-12-18 23:04:57,cloudping Huawei,sa-brazil-1,"Sao Paulo, Brazil",231.5
2025-12-18 23:04:57,cloudping Huawei,la-south-2,"Santiago, Chile",235
2025-12-18 23:04:57,cloudping Huawei,ap-southeast-2,"Bangkok, Thailand",236
2025-12-18 23:04:57,cloudping Huawei,na-mexico-1,"Mexico City 1, Mexico",143
2025-12-18 23:04:57,cloudping Huawei,la-north-2,"Mexico City 2, Mexico",151
2025-12-18 23:04:57,cloudping Huawei,ap-southeast-3,Singapore,191.5
2025-12-18 23:04:57,cloudping Huawei,ap-southeast-1,"Hong Kong, China",216
2025-12-18 23:04:57,cloudping Huawei,af-south-1,"Johannesburg, South Africa",231
2025-12-18 23:04:57,cloudping Huawei,sa-brazil-1,"Sao Paulo, Brazil",231.5
2025-12-18 23:04:57,cloudping Huawei,la-south-2,"Santiago, Chile",235
2025-12-18 23:04:57,cloudping Huawei,ap-southeast-2,"Bangkok, Thailand",236
2025-12-18 23:04:57,cloudping Huawei,cn-east-2,Shanghai 2,207
2025-12-18 23:04:57,cloudping Huawei,cn-south-1,Guangzhou,243
2025-12-18 23:04:57,cloudping Huawei,cn-east-3,Shanghai 1,258
2025-12-18 23:04:57,cloudping Huawei,cn-southwest-2,Guiyang 1,321.5
2025-12-18 23:04:57,cloudping Huawei,cn-north-9,Wulanchabu,339
2025-12-18 23:04:57,cloudping Huawei,cn-north-1,Beijing 1,456
2025-12-18 23:04:57,cloudping Huawei,cn-north-4,Beijing 4,549.5
2025-12-18 23:30:56,cloudping Huawei,la-north-2,"Mexico City 2, Mexico",148.5
2025-12-18 23:30:56,cloudping Huawei,na-mexico-1,"Mexico City 1, Mexico",151.5
2025-12-18 23:30:56,cloudping Huawei,ap-southeast-3,Singapore,190
2025-12-18 23:30:56,cloudping Huawei,af-south-1,"Johannesburg, South Africa",229
2025-12-18 23:30:56,cloudping Huawei,ap-southeast-1,"Hong Kong, China",231.5
2025-12-18 23:30:56,cloudping Huawei,sa-brazil-1,"Sao Paulo, Brazil",251.5
2025-12-18 23:30:56,cloudping Huawei,la-south-2,"Santiago, Chile",263
2025-12-18 23:30:56,cloudping Huawei,ap-southeast-2,"Bangkok, Thailand",271
2025-12-18 23:30:56,cloudping Huawei,la-north-2,"Mexico City 2, Mexico",148.5
2025-12-18 23:30:56,cloudping Huawei,na-mexico-1,"Mexico City 1, Mexico",151.5
2025-12-18 23:30:56,cloudping Huawei,ap-southeast-3,Singapore,190
2025-12-18 23:30:56,cloudping Huawei,af-south-1,"Johannesburg, South Africa",229
2025-12-18 23:30:56,cloudping Huawei,ap-southeast-1,"Hong Kong, China",231.5
2025-12-18 23:30:56,cloudping Huawei,sa-brazil-1,"Sao Paulo, Brazil",251.5
2025-12-18 23:30:56,cloudping Huawei,la-south-2,"Santiago, Chile",263
2025-12-18 23:30:56,cloudping Huawei,ap-southeast-2,"Bangkok, Thailand",271
2025-12-18 23:30:56,cloudping Huawei,cn-south-1,Guangzhou,217.5
2025-12-18 23:30:56,cloudping Huawei,cn-east-2,Shanghai 2,235
2025-12-18 23:30:56,cloudping Huawei,cn-southwest-2,Guiyang 1,251
2025-12-18 23:30:56,cloudping Huawei,cn-north-9,Wulanchabu,283.5
2025-12-18 23:30:56,cloudping Huawei,cn-north-1,Beijing 1,466
2025-12-18 23:30:56,cloudping Huawei,cn-north-4,Beijing 4,521
2025-12-18 23:30:56,cloudping Huawei,cn-east-3,Shanghai 1,540.5
2025-12-18 23:56:56,cloudping Huawei,na-mexico-1,"Mexico City 1, Mexico",144
2025-12-18 23:56:56,cloudping Huawei,la-north-2,"Mexico City 2, Mexico",145.5
2025-12-18 23:56:56,cloudping Huawei,ap-southeast-3,Singapore,187
2025-12-18 23:56:56,cloudping Huawei,ap-southeast-1,"Hong Kong, China",211
2025-12-18 23:56:56,cloudping Huawei,sa-brazil-1,"Sao Paulo, Brazil",227.5
2025-12-18 23:56:56,cloudping Huawei,ap-southeast-2,"Bangkok, Thailand",235.5
2025-12-18 23:56:56,cloudping Huawei,af-south-1,"Johannesburg, South Africa",253
2025-12-18 23:56:56,cloudping Huawei,la-south-2,"Santiago, Chile",260.5
2025-12-18 23:56:56,cloudping Huawei,na-mexico-1,"Mexico City 1, Mexico",144
2025-12-18 23:56:56,cloudping Huawei,la-north-2,"Mexico City 2, Mexico",145.5
2025-12-18 23:56:56,cloudping Huawei,ap-southeast-3,Singapore,187
2025-12-18 23:56:56,cloudping Huawei,ap-southeast-1,"Hong Kong, China",211
2025-12-18 23:56:56,cloudping Huawei,sa-brazil-1,"Sao Paulo, Brazil",227.5
2025-12-18 23:56:56,cloudping Huawei,ap-southeast-2,"Bangkok, Thailand",235.5
2025-12-18 23:56:56,cloudping Huawei,af-south-1,"Johannesburg, South Africa",253
2025-12-18 23:56:56,cloudping Huawei,la-south-2,"Santiago, Chile",260.5
2025-12-18 23:56:56,cloudping Huawei,cn-east-2,Shanghai 2,207.5
2025-12-18 23:56:56,cloudping Huawei,cn-north-1,Beijing 1,456
2025-12-18 23:56:56,cloudping Huawei,cn-south-1,Guangzhou,472.5
2025-12-18 23:56:56,cloudping Huawei,cn-southwest-2,Guiyang 1,481
2025-12-18 23:56:56,cloudping Huawei,cn-east-3,Shanghai 1,488.5
2025-12-18 23:56:56,cloudping Huawei,cn-north-4,Beijing 4,523
2025-12-18 23:56:56,cloudping Huawei,cn-north-9,Wulanchabu,533
2025-12-19 00:22:58,cloudping Huawei,la-north-2,"Mexico City 2, Mexico",151
2025-12-19 00:22:58,cloudping Huawei,na-mexico-1,"Mexico City 1, Mexico",151.5
2025-12-19 00:22:58,cloudping Huawei,ap-southeast-3,Singapore,209.5
2025-12-19 00:22:58,cloudping Huawei,ap-southeast-1,"Hong Kong, China",219
2025-12-19 00:22:58,cloudping Huawei,af-south-1,"Johannesburg, South Africa",238.5
2025-12-19 00:22:58,cloudping Huawei,sa-brazil-1,"Sao Paulo, Brazil",238.5
2025-12-19 00:22:58,cloudping Huawei,ap-southeast-2,"Bangkok, Thailand",240.5
2025-12-19 00:22:58,cloudping Huawei,la-south-2,"Santiago, Chile",400.5
2025-12-19 00:22:58,cloudping Huawei,la-north-2,"Mexico City 2, Mexico",151
2025-12-19 00:22:58,cloudping Huawei,na-mexico-1,"Mexico City 1, Mexico",151.5
2025-12-19 00:22:58,cloudping Huawei,ap-southeast-3,Singapore,209.5
2025-12-19 00:22:58,cloudping Huawei,ap-southeast-1,"Hong Kong, China",219
2025-12-19 00:22:58,cloudping Huawei,af-south-1,"Johannesburg, South Africa",238.5
2025-12-19 00:22:58,cloudping Huawei,sa-brazil-1,"Sao Paulo, Brazil",238.5
2025-12-19 00:22:58,cloudping Huawei,ap-southeast-2,"Bangkok, Thailand",240.5
2025-12-19 00:22:58,cloudping Huawei,la-south-2,"Santiago, Chile",400.5
2025-12-19 00:22:58,cloudping Huawei,cn-east-3,Shanghai 1,213
2025-12-19 00:22:58,cloudping Huawei,cn-east-2,Shanghai 2,213.5
2025-12-19 00:22:58,cloudping Huawei,cn-north-1,Beijing 1,453.5
2025-12-19 00:22:58,cloudping Huawei,cn-southwest-2,Guiyang 1,464.5
2025-12-19 00:22:58,cloudping Huawei,cn-south-1,Guangzhou,471.5
2025-12-19 00:22:58,cloudping Huawei,cn-north-4,Beijing 4,499
2025-12-19 00:22:58,cloudping Huawei,cn-north-9,Wulanchabu,534
2025-12-19 00:48:57,cloudping Huawei,la-north-2,"Mexico City 2, Mexico",146
2025-12-19 00:48:57,cloudping Huawei,na-mexico-1,"Mexico City 1, Mexico",149
2025-12-19 00:48:57,cloudping Huawei,ap-southeast-3,Singapore,188.5
2025-12-19 00:48:57,cloudping Huawei,ap-southeast-1,"Hong Kong, China",214.5
2025-12-19 00:48:57,cloudping Huawei,sa-brazil-1,"Sao Paulo, Brazil",231
2025-12-19 00:48:57,cloudping Huawei,ap-southeast-2,"Bangkok, Thailand",237.5
2025-12-19 00:48:57,cloudping Huawei,af-south-1,"Johannesburg, South Africa",240.5
2025-12-19 00:48:57,cloudping Huawei,la-south-2,"Santiago, Chile",253
2025-12-19 00:48:57,cloudping Huawei,la-north-2,"Mexico City 2, Mexico",146
2025-12-19 00:48:57,cloudping Huawei,na-mexico-1,"Mexico City 1, Mexico",149
2025-12-19 00:48:57,cloudping Huawei,ap-southeast-3,Singapore,188.5
2025-12-19 00:48:57,cloudping Huawei,ap-southeast-1,"Hong Kong, China",214.5
2025-12-19 00:48:57,cloudping Huawei,sa-brazil-1,"Sao Paulo, Brazil",231
2025-12-19 00:48:57,cloudping Huawei,ap-southeast-2,"Bangkok, Thailand",237.5
2025-12-19 00:48:57,cloudping Huawei,af-south-1,"Johannesburg, South Africa",240.5
2025-12-19 00:48:57,cloudping Huawei,la-south-2,"Santiago, Chile",253
2025-12-19 00:48:57,cloudping Huawei,cn-east-2,Shanghai 2,220
2025-12-19 00:48:57,cloudping Huawei,cn-east-3,Shanghai 1,225.5
2025-12-19 00:48:57,cloudping Huawei,cn-north-1,Beijing 1,230.5
2025-12-19 00:48:57,cloudping Huawei,cn-south-1,Guangzhou,245
2025-12-19 00:48:57,cloudping Huawei,cn-southwest-2,Guiyang 1,250
2025-12-19 00:48:57,cloudping Huawei,cn-north-4,Beijing 4,254
2025-12-19 00:48:57,cloudping Huawei,cn-north-9,Wulanchabu,283
2025-12-19 01:14:58,cloudping Huawei,na-mexico-1,"Mexico City 1, Mexico",145
2025-12-19 01:14:58,cloudping Huawei,la-north-2,"Mexico City 2, Mexico",148
2025-12-19 01:14:58,cloudping Huawei,ap-southeast-3,Singapore,191
2025-12-19 01:14:58,cloudping Huawei,ap-southeast-1,"Hong Kong, China",212
2025-12-19 01:14:58,cloudping Huawei,sa-brazil-1,"Sao Paulo, Brazil",223.5
2025-12-19 01:14:58,cloudping Huawei,ap-southeast-2,"Bangkok, Thailand",239
2025-12-19 01:14:58,cloudping Huawei,la-south-2,"Santiago, Chile",246
2025-12-19 01:14:58,cloudping Huawei,af-south-1,"Johannesburg, South Africa",344.5
2025-12-19 01:14:58,cloudping Huawei,na-mexico-1,"Mexico City 1, Mexico",145
2025-12-19 01:14:58,cloudping Huawei,la-north-2,"Mexico City 2, Mexico",148
2025-12-19 01:14:58,cloudping Huawei,ap-southeast-3,Singapore,191
2025-12-19 01:14:58,cloudping Huawei,ap-southeast-1,"Hong Kong, China",212
2025-12-19 01:14:58,cloudping Huawei,sa-brazil-1,"Sao Paulo, Brazil",223.5
2025-12-19 01:14:58,cloudping Huawei,ap-southeast-2,"Bangkok, Thailand",239
2025-12-19 01:14:58,cloudping Huawei,la-south-2,"Santiago, Chile",246
2025-12-19 01:14:58,cloudping Huawei,af-south-1,"Johannesburg, South Africa",344.5
2025-12-19 01:14:58,cloudping Huawei,cn-east-2,Shanghai 2,212
2025-12-19 01:14:58,cloudping Huawei,cn-north-1,Beijing 1,437
2025-12-19 01:14:58,cloudping Huawei,cn-east-3,Shanghai 1,465.5
2025-12-19 01:14:58,cloudping Huawei,cn-south-1,Guangzhou,468.5
2025-12-19 01:14:58,cloudping Huawei,cn-southwest-2,Guiyang 1,504
2025-12-19 01:14:58,cloudping Huawei,cn-north-4,Beijing 4,506
2025-12-19 01:14:58,cloudping Huawei,cn-north-9,Wulanchabu,528
2025-12-19 01:40:58,cloudping Huawei,la-north-2,"Mexico City 2, Mexico",147
2025-12-19 01:40:58,cloudping Huawei,na-mexico-1,"Mexico City 1, Mexico",149.5
2025-12-19 01:40:58,cloudping Huawei,sa-brazil-1,"Sao Paulo, Brazil",227
2025-12-19 01:40:58,cloudping Huawei,ap-southeast-1,"Hong Kong, China",227.5
2025-12-19 01:40:58,cloudping Huawei,ap-southeast-2,"Bangkok, Thailand",246
2025-12-19 01:40:58,cloudping Huawei,la-south-2,"Santiago, Chile",251
2025-12-19 01:40:58,cloudping Huawei,ap-southeast-3,Singapore,267
2025-12-19 01:40:58,cloudping Huawei,af-south-1,"Johannesburg, South Africa",319.5
2025-12-19 01:40:58,cloudping Huawei,la-north-2,"Mexico City 2, Mexico",147
2025-12-19 01:40:58,cloudping Huawei,na-mexico-1,"Mexico City 1, Mexico",149.5
2025-12-19 01:40:58,cloudping Huawei,sa-brazil-1,"Sao Paulo, Brazil",227
2025-12-19 01:40:58,cloudping Huawei,ap-southeast-1,"Hong Kong, China",227.5
2025-12-19 01:40:58,cloudping Huawei,ap-southeast-2,"Bangkok, Thailand",246
2025-12-19 01:40:58,cloudping Huawei,la-south-2,"Santiago, Chile",251
2025-12-19 01:40:58,cloudping Huawei,ap-southeast-3,Singapore,267
2025-12-19 01:40:58,cloudping Huawei,af-south-1,"Johannesburg, South Africa",319.5
2025-12-19 01:40:58,cloudping Huawei,cn-southwest-2,Guiyang 1,262
2025-12-19 01:40:58,cloudping Huawei,cn-east-3,Shanghai 1,327
2025-12-19 01:40:58,cloudping Huawei,cn-north-1,Beijing 1,394
2025-12-19 01:40:58,cloudping Huawei,cn-east-2,Shanghai 2,438
2025-12-19 01:40:58,cloudping Huawei,cn-north-4,Beijing 4,457.5
2025-12-19 01:40:58,cloudping Huawei,cn-south-1,Guangzhou,486
2025-12-19 01:40:58,cloudping Huawei,cn-north-9,Wulanchabu,494
2025-12-19 02:06:58,cloudping Huawei,na-mexico-1,"Mexico City 1, Mexico",143
2025-12-19 02:06:58,cloudping Huawei,la-north-2,"Mexico City 2, Mexico",151.5
2025-12-19 02:06:58,cloudping Huawei,ap-southeast-3,Singapore,190.5
2025-12-19 02:06:58,cloudping Huawei,ap-southeast-1,"Hong Kong, China",218.5
2025-12-19 02:06:58,cloudping Huawei,sa-brazil-1,"Sao Paulo, Brazil",224
2025-12-19 02:06:58,cloudping Huawei,ap-southeast-2,"Bangkok, Thailand",235.5
2025-12-19 02:06:58,cloudping Huawei,la-south-2,"Santiago, Chile",240
2025-12-19 02:06:58,cloudping Huawei,af-south-1,"Johannesburg, South Africa",246.5
2025-12-19 02:06:58,cloudping Huawei,na-mexico-1,"Mexico City 1, Mexico",143
2025-12-19 02:06:58,cloudping Huawei,la-north-2,"Mexico City 2, Mexico",151.5
2025-12-19 02:06:58,cloudping Huawei,ap-southeast-3,Singapore,190.5
2025-12-19 02:06:58,cloudping Huawei,ap-southeast-1,"Hong Kong, China",218.5
2025-12-19 02:06:58,cloudping Huawei,sa-brazil-1,"Sao Paulo, Brazil",224
2025-12-19 02:06:58,cloudping Huawei,ap-southeast-2,"Bangkok, Thailand",235.5
2025-12-19 02:06:58,cloudping Huawei,la-south-2,"Santiago, Chile",240
2025-12-19 02:06:58,cloudping Huawei,af-south-1,"Johannesburg, South Africa",246.5
2025-12-19 02:06:58,cloudping Huawei,cn-east-3,Shanghai 1,456.5
2025-12-19 02:06:58,cloudping Huawei,cn-north-1,Beijing 1,474
2025-12-19 02:06:58,cloudping Huawei,cn-east-2,Shanghai 2,477
2025-12-19 02:06:58,cloudping Huawei,cn-south-1,Guangzhou,489.5
2025-12-19 02:06:58,cloudping Huawei,cn-southwest-2,Guiyang 1,494
2025-12-19 02:06:58,cloudping Huawei,cn-north-9,Wulanchabu,520
2025-12-19 02:06:58,cloudping Huawei,cn-north-4,Beijing 4,528.5
2025-12-19 02:32:59,cloudping Huawei,la-north-2,"Mexico City 2, Mexico",150
2025-12-19 02:32:59,cloudping Huawei,na-mexico-1,"Mexico City 1, Mexico",159
2025-12-19 02:32:59,cloudping Huawei,ap-southeast-3,Singapore,187
2025-12-19 02:32:59,cloudping Huawei,ap-southeast-1,"Hong Kong, China",217.5
2025-12-19 02:32:59,cloudping Huawei,sa-brazil-1,"Sao Paulo, Brazil",225
2025-12-19 02:32:59,cloudping Huawei,af-south-1,"Johannesburg, South Africa",233
2025-12-19 02:32:59,cloudping Huawei,la-south-2,"Santiago, Chile",237
2025-12-19 02:32:59,cloudping Huawei,ap-southeast-2,"Bangkok, Thailand",268
2025-12-19 02:32:59,cloudping Huawei,la-north-2,"Mexico City 2, Mexico",150
2025-12-19 02:32:59,cloudping Huawei,na-mexico-1,"Mexico City 1, Mexico",159
2025-12-19 02:32:59,cloudping Huawei,ap-southeast-3,Singapore,187
2025-12-19 02:32:59,cloudping Huawei,ap-southeast-1,"Hong Kong, China",217.5
2025-12-19 02:32:59,cloudping Huawei,sa-brazil-1,"Sao Paulo, Brazil",225
2025-12-19 02:32:59,cloudping Huawei,af-south-1,"Johannesburg, South Africa",233
2025-12-19 02:32:59,cloudping Huawei,la-south-2,"Santiago, Chile",237
2025-12-19 02:32:59,cloudping Huawei,ap-southeast-2,"Bangkok, Thailand",268
2025-12-19 02:32:59,cloudping Huawei,cn-east-2,Shanghai 2,214
2025-12-19 02:32:59,cloudping Huawei,cn-north-1,Beijing 1,223.5
2025-12-19 02:32:59,cloudping Huawei,cn-east-3,Shanghai 1,226.5
2025-12-19 02:32:59,cloudping Huawei,cn-southwest-2,Guiyang 1,242
2025-12-19 02:32:59,cloudping Huawei,cn-north-4,Beijing 4,258.5
2025-12-19 02:32:59,cloudping Huawei,cn-north-9,Wulanchabu,263.5
2025-12-19 02:32:59,cloudping Huawei,cn-south-1,Guangzhou,549.5
2025-12-19 02:59:00,cloudping Huawei,la-north-2,"Mexico City 2, Mexico",146
2025-12-19 02:59:00,cloudping Huawei,na-mexico-1,"Mexico City 1, Mexico",146.5
2025-12-19 02:59:00,cloudping Huawei,ap-southeast-3,Singapore,192.5
2025-12-19 02:59:00,cloudping Huawei,ap-southeast-1,"Hong Kong, China",218
2025-12-19 02:59:00,cloudping Huawei,sa-brazil-1,"Sao Paulo, Brazil",229
2025-12-19 02:59:00,cloudping Huawei,ap-southeast-2,"Bangkok, Thailand",236.5
2025-12-19 02:59:00,cloudping Huawei,la-south-2,"Santiago, Chile",238.5
2025-12-19 02:59:00,cloudping Huawei,af-south-1,"Johannesburg, South Africa",264
2025-12-19 02:59:00,cloudping Huawei,la-north-2,"Mexico City 2, Mexico",146
2025-12-19 02:59:00,cloudping Huawei,na-mexico-1,"Mexico City 1, Mexico",146.5
2025-12-19 02:59:00,cloudping Huawei,ap-southeast-3,Singapore,192.5
2025-12-19 02:59:00,cloudping Huawei,ap-southeast-1,"Hong Kong, China",218
2025-12-19 02:59:00,cloudping Huawei,sa-brazil-1,"Sao Paulo, Brazil",229
2025-12-19 02:59:00,cloudping Huawei,ap-southeast-2,"Bangkok, Thailand",236.5
2025-12-19 02:59:00,cloudping Huawei,la-south-2,"Santiago, Chile",238.5
2025-12-19 02:59:00,cloudping Huawei,af-south-1,"Johannesburg, South Africa",264
2025-12-19 02:59:00,cloudping Huawei,cn-north-4,Beijing 4,273
2025-12-19 02:59:00,cloudping Huawei,cn-east-2,Shanghai 2,469.5
2025-12-19 02:59:00,cloudping Huawei,cn-south-1,Guangzhou,475.5
2025-12-19 02:59:00,cloudping Huawei,cn-southwest-2,Guiyang 1,500.5
2025-12-19 02:59:00,cloudping Huawei,cn-north-1,Beijing 1,645
2025-12-19 02:59:00,cloudping Huawei,cn-north-9,Wulanchabu,1017.5
2025-12-19 02:59:00,cloudping Huawei,cn-east-3,Shanghai 1,2123.5
2025-12-19 03:25:00,cloudping Huawei,na-mexico-1,"Mexico City 1, Mexico",144
2025-12-19 03:25:00,cloudping Huawei,la-north-2,"Mexico City 2, Mexico",170
2025-12-19 03:25:00,cloudping Huawei,ap-southeast-3,Singapore,188.5
2025-12-19 03:25:00,cloudping Huawei,ap-southeast-1,"Hong Kong, China",218.5
2025-12-19 03:25:00,cloudping Huawei,sa-brazil-1,"Sao Paulo, Brazil",231.5
2025-12-19 03:25:00,cloudping Huawei,la-south-2,"Santiago, Chile",236.5
2025-12-19 03:25:00,cloudping Huawei,af-south-1,"Johannesburg, South Africa",259.5
2025-12-19 03:25:00,cloudping Huawei,ap-southeast-2,"Bangkok, Thailand",493
2025-12-19 03:25:00,cloudping Huawei,na-mexico-1,"Mexico City 1, Mexico",144
2025-12-19 03:25:00,cloudping Huawei,la-north-2,"Mexico City 2, Mexico",170
2025-12-19 03:25:00,cloudping Huawei,ap-southeast-3,Singapore,188.5
2025-12-19 03:25:00,cloudping Huawei,ap-southeast-1,"Hong Kong, China",218.5
2025-12-19 03:25:00,cloudping Huawei,sa-brazil-1,"Sao Paulo, Brazil",231.5
2025-12-19 03:25:00,cloudping Huawei,la-south-2,"Santiago, Chile",236.5
2025-12-19 03:25:00,cloudping Huawei,af-south-1,"Johannesburg, South Africa",259.5
2025-12-19 03:25:00,cloudping Huawei,ap-southeast-2,"Bangkok, Thailand",493
2025-12-19 03:25:00,cloudping Huawei,cn-east-2,Shanghai 2,217.5
2025-12-19 03:25:00,cloudping Huawei,cn-east-3,Shanghai 1,453.5
2025-12-19 03:25:00,cloudping Huawei,cn-north-1,Beijing 1,459
2025-12-19 03:25:00,cloudping Huawei,cn-north-9,Wulanchabu,461.5
2025-12-19 03:25:00,cloudping Huawei,cn-south-1,Guangzhou,473.5
2025-12-19 03:25:00,cloudping Huawei,cn-southwest-2,Guiyang 1,510.5
2025-12-19 03:25:00,cloudping Huawei,cn-north-4,Beijing 4,536
2025-12-19 03:51:01,cloudping Huawei,na-mexico-1,"Mexico City 1, Mexico",143.5
2025-12-19 03:51:01,cloudping Huawei,la-north-2,"Mexico City 2, Mexico",152.5
2025-12-19 03:51:01,cloudping Huawei,ap-southeast-3,Singapore,198
2025-12-19 03:51:01,cloudping Huawei,ap-southeast-1,"Hong Kong, China",227
2025-12-19 03:51:01,cloudping Huawei,af-south-1,"Johannesburg, South Africa",228
2025-12-19 03:51:01,cloudping Huawei,la-south-2,"Santiago, Chile",240
2025-12-19 03:51:01,cloudping Huawei,sa-brazil-1,"Sao Paulo, Brazil",273
2025-12-19 03:51:01,cloudping Huawei,ap-southeast-2,"Bangkok, Thailand",481.5
2025-12-19 03:51:01,cloudping Huawei,na-mexico-1,"Mexico City 1, Mexico",143.5
2025-12-19 03:51:01,cloudping Huawei,la-north-2,"Mexico City 2, Mexico",152.5
2025-12-19 03:51:01,cloudping Huawei,ap-southeast-3,Singapore,198
2025-12-19 03:51:01,cloudping Huawei,ap-southeast-1,"Hong Kong, China",227
2025-12-19 03:51:01,cloudping Huawei,af-south-1,"Johannesburg, South Africa",228
2025-12-19 03:51:01,cloudping Huawei,la-south-2,"Santiago, Chile",240
2025-12-19 03:51:01,cloudping Huawei,sa-brazil-1,"Sao Paulo, Brazil",273
2025-12-19 03:51:01,cloudping Huawei,ap-southeast-2,"Bangkok, Thailand",481.5
2025-12-19 03:51:01,cloudping Huawei,cn-east-2,Shanghai 2,197.5
2025-12-19 03:51:01,cloudping Huawei,cn-north-1,Beijing 1,428
2025-12-19 03:51:01,cloudping Huawei,cn-east-3,Shanghai 1,430
2025-12-19 03:51:01,cloudping Huawei,cn-north-9,Wulanchabu,490
2025-12-19 03:51:01,cloudping Huawei,cn-south-1,Guangzhou,495.5
2025-12-19 03:51:01,cloudping Huawei,cn-north-4,Beijing 4,514
2025-12-19 03:51:01,cloudping Huawei,cn-southwest-2,Guiyang 1,1032.5
2025-12-19 04:17:02,cloudping Huawei,la-north-2,"Mexico City 2, Mexico",149.5
2025-12-19 04:17:02,cloudping Huawei,na-mexico-1,"Mexico City 1, Mexico",153.5
2025-12-19 04:17:02,cloudping Huawei,ap-southeast-3,Singapore,190
2025-12-19 04:17:02,cloudping Huawei,ap-southeast-1,"Hong Kong, China",214.5
2025-12-19 04:17:02,cloudping Huawei,sa-brazil-1,"Sao Paulo, Brazil",227.5
2025-12-19 04:17:02,cloudping Huawei,la-south-2,"Santiago, Chile",240.5
2025-12-19 04:17:02,cloudping Huawei,ap-southeast-2,"Bangkok, Thailand",251
2025-12-19 04:17:02,cloudping Huawei,af-south-1,"Johannesburg, South Africa",253
2025-12-19 04:17:02,cloudping Huawei,la-north-2,"Mexico City 2, Mexico",149.5
2025-12-19 04:17:02,cloudping Huawei,na-mexico-1,"Mexico City 1, Mexico",153.5
2025-12-19 04:17:02,cloudping Huawei,ap-southeast-3,Singapore,190
2025-12-19 04:17:02,cloudping Huawei,ap-southeast-1,"Hong Kong, China",214.5
2025-12-19 04:17:02,cloudping Huawei,sa-brazil-1,"Sao Paulo, Brazil",227.5
2025-12-19 04:17:02,cloudping Huawei,la-south-2,"Santiago, Chile",240.5
2025-12-19 04:17:02,cloudping Huawei,ap-southeast-2,"Bangkok, Thailand",251
2025-12-19 04:17:02,cloudping Huawei,af-south-1,"Johannesburg, South Africa",253
2025-12-19 04:17:02,cloudping Huawei,cn-east-2,Shanghai 2,199
2025-12-19 04:17:02,cloudping Huawei,cn-east-3,Shanghai 1,230
2025-12-19 04:17:02,cloudping Huawei,cn-southwest-2,Guiyang 1,235
2025-12-19 04:17:02,cloudping Huawei,cn-south-1,Guangzhou,248.5
2025-12-19 04:17:02,cloudping Huawei,cn-north-1,Beijing 1,454
2025-12-19 04:17:02,cloudping Huawei,cn-north-9,Wulanchabu,521.5
2025-12-19 04:17:02,cloudping Huawei,cn-north-4,Beijing 4,825
2025-12-19 04:43:03,cloudping Huawei,na-mexico-1,"Mexico City 1, Mexico",148
2025-12-19 04:43:03,cloudping Huawei,la-north-2,"Mexico City 2, Mexico",149.5
2025-12-19 04:43:03,cloudping Huawei,ap-southeast-3,Singapore,186
2025-12-19 04:43:03,cloudping Huawei,ap-southeast-1,"Hong Kong, China",213.5
2025-12-19 04:43:03,cloudping Huawei,sa-brazil-1,"Sao Paulo, Brazil",223.5
2025-12-19 04:43:03,cloudping Huawei,ap-southeast-2,"Bangkok, Thailand",243.5
2025-12-19 04:43:03,cloudping Huawei,la-south-2,"Santiago, Chile",244.5
2025-12-19 04:43:03,cloudping Huawei,af-south-1,"Johannesburg, South Africa",262.5
2025-12-19 04:43:03,cloudping Huawei,na-mexico-1,"Mexico City 1, Mexico",148
2025-12-19 04:43:03,cloudping Huawei,la-north-2,"Mexico City 2, Mexico",149.5
2025-12-19 04:43:03,cloudping Huawei,ap-southeast-3,Singapore,186
2025-12-19 04:43:03,cloudping Huawei,ap-southeast-1,"Hong Kong, China",213.5
2025-12-19 04:43:03,cloudping Huawei,sa-brazil-1,"Sao Paulo, Brazil",223.5
2025-12-19 04:43:03,cloudping Huawei,ap-southeast-2,"Bangkok, Thailand",243.5
2025-12-19 04:43:03,cloudping Huawei,la-south-2,"Santiago, Chile",244.5
2025-12-19 04:43:03,cloudping Huawei,af-south-1,"Johannesburg, South Africa",262.5
2025-12-19 04:43:03,cloudping Huawei,cn-south-1,Guangzhou,237.5
2025-12-19 04:43:03,cloudping Huawei,cn-southwest-2,Guiyang 1,267.5
2025-12-19 04:43:03,cloudping Huawei,cn-north-1,Beijing 1,409
2025-12-19 04:43:03,cloudping Huawei,cn-east-3,Shanghai 1,438
2025-12-19 04:43:03,cloudping Huawei,cn-east-2,Shanghai 2,494.5
2025-12-19 04:43:03,cloudping Huawei,cn-north-4,Beijing 4,724
2025-12-19 04:43:03,cloudping Huawei,cn-north-9,Wulanchabu,1462.5
2025-12-19 05:09:02,cloudping Huawei,na-mexico-1,"Mexico City 1, Mexico",164
2025-12-19 05:09:02,cloudping Huawei,ap-southeast-1,"Hong Kong, China",220.5
2025-12-19 05:09:02,cloudping Huawei,ap-southeast-3,Singapore,238
2025-12-19 05:09:02,cloudping Huawei,af-south-1,"Johannesburg, South Africa",247.5
2025-12-19 05:09:02,cloudping Huawei,ap-southeast-2,"Bangkok, Thailand",248
2025-12-19 05:09:02,cloudping Huawei,la-north-2,"Mexico City 2, Mexico",248.5
2025-12-19 05:09:02,cloudping Huawei,sa-brazil-1,"Sao Paulo, Brazil",251
2025-12-19 05:09:02,cloudping Huawei,la-south-2,"Santiago, Chile",268
2025-12-19 05:09:02,cloudping Huawei,na-mexico-1,"Mexico City 1, Mexico",164
2025-12-19 05:09:02,cloudping Huawei,ap-southeast-1,"Hong Kong, China",220.5
2025-12-19 05:09:02,cloudping Huawei,ap-southeast-3,Singapore,238
2025-12-19 05:09:02,cloudping Huawei,af-south-1,"Johannesburg, South Africa",247.5
2025-12-19 05:09:02,cloudping Huawei,ap-southeast-2,"Bangkok, Thailand",248
2025-12-19 05:09:02,cloudping Huawei,la-north-2,"Mexico City 2, Mexico",248.5
2025-12-19 05:09:02,cloudping Huawei,sa-brazil-1,"Sao Paulo, Brazil",251
2025-12-19 05:09:02,cloudping Huawei,la-south-2,"Santiago, Chile",268
2025-12-19 05:09:02,cloudping Huawei,cn-north-9,Wulanchabu,245
2025-12-19 05:09:02,cloudping Huawei,cn-south-1,Guangzhou,247.5
2025-12-19 05:09:02,cloudping Huawei,cn-north-1,Beijing 1,271.5
2025-12-19 05:09:02,cloudping Huawei,cn-north-4,Beijing 4,388.5
2025-12-19 05:09:02,cloudping Huawei,cn-east-3,Shanghai 1,478
2025-12-19 05:09:02,cloudping Huawei,cn-east-2,Shanghai 2,483.5
2025-12-19 05:09:02,cloudping Huawei,cn-southwest-2,Guiyang 1,1621
2025-12-19 05:35:03,cloudping Huawei,la-north-2,"Mexico City 2, Mexico",146
2025-12-19 05:35:03,cloudping Huawei,na-mexico-1,"Mexico City 1, Mexico",160
2025-12-19 05:35:03,cloudping Huawei,ap-southeast-1,"Hong Kong, China",214.5
2025-12-19 05:35:03,cloudping Huawei,ap-southeast-3,Singapore,216
2025-12-19 05:35:03,cloudping Huawei,sa-brazil-1,"Sao Paulo, Brazil",227.5
2025-12-19 05:35:03,cloudping Huawei,ap-southeast-2,"Bangkok, Thailand",234.5
2025-12-19 05:35:03,cloudping Huawei,la-south-2,"Santiago, Chile",256
2025-12-19 05:35:03,cloudping Huawei,af-south-1,"Johannesburg, South Africa",291
2025-12-19 05:35:03,cloudping Huawei,la-north-2,"Mexico City 2, Mexico",146
2025-12-19 05:35:03,cloudping Huawei,na-mexico-1,"Mexico City 1, Mexico",160
2025-12-19 05:35:03,cloudping Huawei,ap-southeast-1,"Hong Kong, China",214.5
2025-12-19 05:35:03,cloudping Huawei,ap-southeast-3,Singapore,216
2025-12-19 05:35:03,cloudping Huawei,sa-brazil-1,"Sao Paulo, Brazil",227.5
2025-12-19 05:35:03,cloudping Huawei,ap-southeast-2,"Bangkok, Thailand",234.5
2025-12-19 05:35:03,cloudping Huawei,la-south-2,"Santiago, Chile",256
2025-12-19 05:35:03,cloudping Huawei,af-south-1,"Johannesburg, South Africa",291
2025-12-19 05:35:03,cloudping Huawei,cn-east-2,Shanghai 2,211
2025-12-19 05:35:03,cloudping Huawei,cn-east-3,Shanghai 1,229
2025-12-19 05:35:03,cloudping Huawei,cn-southwest-2,Guiyang 1,253
2025-12-19 05:35:03,cloudping Huawei,cn-north-4,Beijing 4,451.5
2025-12-19 05:35:03,cloudping Huawei,cn-north-1,Beijing 1,459.5
2025-12-19 05:35:03,cloudping Huawei,cn-south-1,Guangzhou,477
2025-12-19 05:35:03,cloudping Huawei,cn-north-9,Wulanchabu,542.5
2025-12-19 06:01:03,cloudping Huawei,la-north-2,"Mexico City 2, Mexico",146
2025-12-19 06:01:03,cloudping Huawei,na-mexico-1,"Mexico City 1, Mexico",165
2025-12-19 06:01:03,cloudping Huawei,ap-southeast-3,Singapore,190
2025-12-19 06:01:03,cloudping Huawei,ap-southeast-1,"Hong Kong, China",221
2025-12-19 06:01:03,cloudping Huawei,sa-brazil-1,"Sao Paulo, Brazil",224
2025-12-19 06:01:03,cloudping Huawei,ap-southeast-2,"Bangkok, Thailand",232
2025-12-19 06:01:03,cloudping Huawei,la-south-2,"Santiago, Chile",248
2025-12-19 06:01:03,cloudping Huawei,af-south-1,"Johannesburg, South Africa",277.5
2025-12-19 06:01:03,cloudping Huawei,la-north-2,"Mexico City 2, Mexico",146
2025-12-19 06:01:03,cloudping Huawei,na-mexico-1,"Mexico City 1, Mexico",165
2025-12-19 06:01:03,cloudping Huawei,ap-southeast-3,Singapore,190
2025-12-19 06:01:03,cloudping Huawei,ap-southeast-1,"Hong Kong, China",221
2025-12-19 06:01:03,cloudping Huawei,sa-brazil-1,"Sao Paulo, Brazil",224
2025-12-19 06:01:03,cloudping Huawei,ap-southeast-2,"Bangkok, Thailand",232
2025-12-19 06:01:03,cloudping Huawei,la-south-2,"Santiago, Chile",248
2025-12-19 06:01:03,cloudping Huawei,af-south-1,"Johannesburg, South Africa",277.5
2025-12-19 06:01:03,cloudping Huawei,cn-east-2,Shanghai 2,220.5
2025-12-19 06:01:03,cloudping Huawei,cn-north-4,Beijing 4,227.5
2025-12-19 06:01:03,cloudping Huawei,cn-south-1,Guangzhou,234.5
2025-12-19 06:01:03,cloudping Huawei,cn-north-1,Beijing 1,236
2025-12-19 06:01:03,cloudping Huawei,cn-north-9,Wulanchabu,281
2025-12-19 06:01:03,cloudping Huawei,cn-southwest-2,Guiyang 1,302.5
2025-12-19 06:01:03,cloudping Huawei,cn-east-3,Shanghai 1,570
2025-12-19 06:27:04,cloudping Huawei,la-north-2,"Mexico City 2, Mexico",151.5
2025-12-19 06:27:04,cloudping Huawei,na-mexico-1,"Mexico City 1, Mexico",175.5
2025-12-19 06:27:04,cloudping Huawei,ap-southeast-3,Singapore,189
2025-12-19 06:27:04,cloudping Huawei,ap-southeast-1,"Hong Kong, China",227.5
2025-12-19 06:27:04,cloudping Huawei,sa-brazil-1,"Sao Paulo, Brazil",228.5
2025-12-19 06:27:04,cloudping Huawei,ap-southeast-2,"Bangkok, Thailand",239.5
2025-12-19 06:27:04,cloudping Huawei,la-south-2,"Santiago, Chile",241.5
2025-12-19 06:27:04,cloudping Huawei,af-south-1,"Johannesburg, South Africa",257
2025-12-19 06:27:04,cloudping Huawei,la-north-2,"Mexico City 2, Mexico",151.5
2025-12-19 06:27:04,cloudping Huawei,na-mexico-1,"Mexico City 1, Mexico",175.5
2025-12-19 06:27:04,cloudping Huawei,ap-southeast-3,Singapore,189
2025-12-19 06:27:04,cloudping Huawei,ap-southeast-1,"Hong Kong, China",227.5
2025-12-19 06:27:04,cloudping Huawei,sa-brazil-1,"Sao Paulo, Brazil",228.5
2025-12-19 06:27:04,cloudping Huawei,ap-southeast-2,"Bangkok, Thailand",239.5
2025-12-19 06:27:04,cloudping Huawei,la-south-2,"Santiago, Chile",241.5
2025-12-19 06:27:04,cloudping Huawei,af-south-1,"Johannesburg, South Africa",257
2025-12-19 06:27:04,cloudping Huawei,cn-east-2,Shanghai 2,202.5
2025-12-19 06:27:04,cloudping Huawei,cn-south-1,Guangzhou,218.5
2025-12-19 06:27:04,cloudping Huawei,cn-north-1,Beijing 1,229
2025-12-19 06:27:04,cloudping Huawei,cn-southwest-2,Guiyang 1,238.5
2025-12-19 06:27:04,cloudping Huawei,cn-north-9,Wulanchabu,247.5
2025-12-19 06:27:04,cloudping Huawei,cn-north-4,Beijing 4,272.5
2025-12-19 06:27:04,cloudping Huawei,cn-east-3,Shanghai 1,336.5
2025-12-19 06:53:06,cloudping Huawei,la-north-2,"Mexico City 2, Mexico",145
2025-12-19 06:53:06,cloudping Huawei,ap-southeast-3,Singapore,188.5
2025-12-19 06:53:06,cloudping Huawei,ap-southeast-1,"Hong Kong, China",214
2025-12-19 06:53:06,cloudping Huawei,sa-brazil-1,"Sao Paulo, Brazil",224
2025-12-19 06:53:06,cloudping Huawei,ap-southeast-2,"Bangkok, Thailand",231
2025-12-19 06:53:06,cloudping Huawei,la-south-2,"Santiago, Chile",242
2025-12-19 06:53:06,cloudping Huawei,na-mexico-1,"Mexico City 1, Mexico",265.5
2025-12-19 06:53:06,cloudping Huawei,af-south-1,"Johannesburg, South Africa",354.5
2025-12-19 06:53:06,cloudping Huawei,la-north-2,"Mexico City 2, Mexico",145
2025-12-19 06:53:06,cloudping Huawei,ap-southeast-3,Singapore,188.5
2025-12-19 06:53:06,cloudping Huawei,ap-southeast-1,"Hong Kong, China",214
2025-12-19 06:53:06,cloudping Huawei,sa-brazil-1,"Sao Paulo, Brazil",224
2025-12-19 06:53:06,cloudping Huawei,ap-southeast-2,"Bangkok, Thailand",231
2025-12-19 06:53:06,cloudping Huawei,la-south-2,"Santiago, Chile",242
2025-12-19 06:53:06,cloudping Huawei,na-mexico-1,"Mexico City 1, Mexico",265.5
2025-12-19 06:53:06,cloudping Huawei,af-south-1,"Johannesburg, South Africa",354.5
2025-12-19 06:53:06,cloudping Huawei,cn-east-3,Shanghai 1,217.5
2025-12-19 06:53:06,cloudping Huawei,cn-north-9,Wulanchabu,234
2025-12-19 06:53:06,cloudping Huawei,cn-south-1,Guangzhou,247.5
2025-12-19 06:53:06,cloudping Huawei,cn-southwest-2,Guiyang 1,267
2025-12-19 06:53:06,cloudping Huawei,cn-north-1,Beijing 1,450
2025-12-19 06:53:06,cloudping Huawei,cn-east-2,Shanghai 2,495
2025-12-19 06:53:06,cloudping Huawei,cn-north-4,Beijing 4,1903
2025-12-19 07:19:05,cloudping Huawei,la-north-2,"Mexico City 2, Mexico",145.5
2025-12-19 07:19:05,cloudping Huawei,na-mexico-1,"Mexico City 1, Mexico",146
2025-12-19 07:19:05,cloudping Huawei,ap-southeast-3,Singapore,192.5
2025-12-19 07:19:05,cloudping Huawei,ap-southeast-1,"Hong Kong, China",217
2025-12-19 07:19:05,cloudping Huawei,sa-brazil-1,"Sao Paulo, Brazil",230
2025-12-19 07:19:05,cloudping Huawei,ap-southeast-2,"Bangkok, Thailand",242.5
2025-12-19 07:19:05,cloudping Huawei,la-south-2,"Santiago, Chile",244
2025-12-19 07:19:05,cloudping Huawei,af-south-1,"Johannesburg, South Africa",315
2025-12-19 07:19:05,cloudping Huawei,la-north-2,"Mexico City 2, Mexico",145.5
2025-12-19 07:19:05,cloudping Huawei,na-mexico-1,"Mexico City 1, Mexico",146
2025-12-19 07:19:05,cloudping Huawei,ap-southeast-3,Singapore,192.5
2025-12-19 07:19:05,cloudping Huawei,ap-southeast-1,"Hong Kong, China",217
2025-12-19 07:19:05,cloudping Huawei,sa-brazil-1,"Sao Paulo, Brazil",230
2025-12-19 07:19:05,cloudping Huawei,ap-southeast-2,"Bangkok, Thailand",242.5
2025-12-19 07:19:05,cloudping Huawei,la-south-2,"Santiago, Chile",244
2025-12-19 07:19:05,cloudping Huawei,af-south-1,"Johannesburg, South Africa",315
2025-12-19 07:19:05,cloudping Huawei,cn-east-3,Shanghai 1,227.5
2025-12-19 07:19:05,cloudping Huawei,cn-south-1,Guangzhou,228
2025-12-19 07:19:05,cloudping Huawei,cn-north-1,Beijing 1,229
2025-12-19 07:19:05,cloudping Huawei,cn-east-2,Shanghai 2,248
2025-12-19 07:19:05,cloudping Huawei,cn-north-4,Beijing 4,253
2025-12-19 07:19:05,cloudping Huawei,cn-southwest-2,Guiyang 1,262
2025-12-19 07:19:05,cloudping Huawei,cn-north-9,Wulanchabu,274
2025-12-19 07:45:04,cloudping Huawei,la-north-2,"Mexico City 2, Mexico",146.5
2025-12-19 07:45:04,cloudping Huawei,na-mexico-1,"Mexico City 1, Mexico",149.5
2025-12-19 07:45:04,cloudping Huawei,ap-southeast-3,Singapore,190.5
2025-12-19 07:45:04,cloudping Huawei,ap-southeast-1,"Hong Kong, China",218
2025-12-19 07:45:04,cloudping Huawei,sa-brazil-1,"Sao Paulo, Brazil",230.5
2025-12-19 07:45:04,cloudping Huawei,af-south-1,"Johannesburg, South Africa",235
2025-12-19 07:45:04,cloudping Huawei,la-south-2,"Santiago, Chile",242.5
2025-12-19 07:45:04,cloudping Huawei,ap-southeast-2,"Bangkok, Thailand",268.5
2025-12-19 07:45:04,cloudping Huawei,la-north-2,"Mexico City 2, Mexico",146.5
2025-12-19 07:45:04,cloudping Huawei,na-mexico-1,"Mexico City 1, Mexico",149.5
2025-12-19 07:45:04,cloudping Huawei,ap-southeast-3,Singapore,190.5
2025-12-19 07:45:04,cloudping Huawei,ap-southeast-1,"Hong Kong, China",218
2025-12-19 07:45:04,cloudping Huawei,sa-brazil-1,"Sao Paulo, Brazil",230.5
2025-12-19 07:45:04,cloudping Huawei,af-south-1,"Johannesburg, South Africa",235
2025-12-19 07:45:04,cloudping Huawei,la-south-2,"Santiago, Chile",242.5
2025-12-19 07:45:04,cloudping Huawei,ap-southeast-2,"Bangkok, Thailand",268.5
2025-12-19 07:45:04,cloudping Huawei,cn-east-2,Shanghai 2,210
2025-12-19 07:45:04,cloudping Huawei,cn-east-3,Shanghai 1,215.5
2025-12-19 07:45:04,cloudping Huawei,cn-south-1,Guangzhou,227
2025-12-19 07:45:04,cloudping Huawei,cn-southwest-2,Guiyang 1,257.5
2025-12-19 07:45:04,cloudping Huawei,cn-north-9,Wulanchabu,274.5
2025-12-19 07:45:04,cloudping Huawei,cn-north-4,Beijing 4,274.5
2025-12-19 07:45:04,cloudping Huawei,cn-north-1,Beijing 1,436.5
2025-12-19 08:11:05,cloudping Huawei,la-north-2,"Mexico City 2, Mexico",171
2025-12-19 08:11:05,cloudping Huawei,ap-southeast-3,Singapore,194
2025-12-19 08:11:05,cloudping Huawei,ap-southeast-1,"Hong Kong, China",218
2025-12-19 08:11:05,cloudping Huawei,sa-brazil-1,"Sao Paulo, Brazil",223.5
2025-12-19 08:11:05,cloudping Huawei,ap-southeast-2,"Bangkok, Thailand",237.5
2025-12-19 08:11:05,cloudping Huawei,af-south-1,"Johannesburg, South Africa",246.5
2025-12-19 08:11:05,cloudping Huawei,na-mexico-1,"Mexico City 1, Mexico",248.5
2025-12-19 08:11:05,cloudping Huawei,la-south-2,"Santiago, Chile",317
2025-12-19 08:11:05,cloudping Huawei,la-north-2,"Mexico City 2, Mexico",171
2025-12-19 08:11:05,cloudping Huawei,ap-southeast-3,Singapore,194
2025-12-19 08:11:05,cloudping Huawei,ap-southeast-1,"Hong Kong, China",218
2025-12-19 08:11:05,cloudping Huawei,sa-brazil-1,"Sao Paulo, Brazil",223.5
2025-12-19 08:11:05,cloudping Huawei,ap-southeast-2,"Bangkok, Thailand",237.5
2025-12-19 08:11:05,cloudping Huawei,af-south-1,"Johannesburg, South Africa",246.5
2025-12-19 08:11:05,cloudping Huawei,na-mexico-1,"Mexico City 1, Mexico",248.5
2025-12-19 08:11:05,cloudping Huawei,la-south-2,"Santiago, Chile",317
2025-12-19 08:11:05,cloudping Huawei,cn-south-1,Guangzhou,227.5
2025-12-19 08:11:05,cloudping Huawei,cn-north-1,Beijing 1,231.5
2025-12-19 08:11:05,cloudping Huawei,cn-east-3,Shanghai 1,250.5
2025-12-19 08:11:05,cloudping Huawei,cn-southwest-2,Guiyang 1,361
2025-12-19 08:11:05,cloudping Huawei,cn-north-4,Beijing 4,520
2025-12-19 08:11:05,cloudping Huawei,cn-north-9,Wulanchabu,627
2025-12-19 08:11:05,cloudping Huawei,cn-east-2,Shanghai 2,979
2025-12-19 08:37:16,cloudping Huawei,na-mexico-1,"Mexico City 1, Mexico",147.5
2025-12-19 08:37:16,cloudping Huawei,la-north-2,"Mexico City 2, Mexico",152.5
2025-12-19 08:37:16,cloudping Huawei,ap-southeast-3,Singapore,194.5
2025-12-19 08:37:16,cloudping Huawei,ap-southeast-1,"Hong Kong, China",218
2025-12-19 08:37:16,cloudping Huawei,sa-brazil-1,"Sao Paulo, Brazil",228
2025-12-19 08:37:16,cloudping Huawei,ap-southeast-2,"Bangkok, Thailand",240
2025-12-19 08:37:16,cloudping Huawei,la-south-2,"Santiago, Chile",242
2025-12-19 08:37:16,cloudping Huawei,af-south-1,"Johannesburg, South Africa",248.5
2025-12-19 08:37:16,cloudping Huawei,na-mexico-1,"Mexico City 1, Mexico",147.5
2025-12-19 08:37:16,cloudping Huawei,la-north-2,"Mexico City 2, Mexico",152.5
2025-12-19 08:37:16,cloudping Huawei,ap-southeast-3,Singapore,194.5
2025-12-19 08:37:16,cloudping Huawei,ap-southeast-1,"Hong Kong, China",218
2025-12-19 08:37:16,cloudping Huawei,sa-brazil-1,"Sao Paulo, Brazil",228
2025-12-19 08:37:16,cloudping Huawei,ap-southeast-2,"Bangkok, Thailand",240
2025-12-19 08:37:16,cloudping Huawei,la-south-2,"Santiago, Chile",242
2025-12-19 08:37:16,cloudping Huawei,af-south-1,"Johannesburg, South Africa",248.5
2025-12-19 08:37:16,cloudping Huawei,cn-north-1,Beijing 1,191.5
2025-12-19 08:37:16,cloudping Huawei,cn-east-3,Shanghai 1,215
2025-12-19 08:37:16,cloudping Huawei,cn-south-1,Guangzhou,220.5
2025-12-19 08:37:16,cloudping Huawei,cn-east-2,Shanghai 2,273.5
2025-12-19 08:37:16,cloudping Huawei,cn-southwest-2,Guiyang 1,305.5
2025-12-19 08:37:16,cloudping Huawei,cn-north-4,Beijing 4,601.5
2025-12-19 08:37:16,cloudping Huawei,cn-north-9,Wulanchabu,623
2025-12-19 09:03:06,cloudping Huawei,la-north-2,"Mexico City 2, Mexico",146.5
2025-12-19 09:03:06,cloudping Huawei,na-mexico-1,"Mexico City 1, Mexico",162.5
2025-12-19 09:03:06,cloudping Huawei,ap-southeast-3,Singapore,190.5
2025-12-19 09:03:06,cloudping Huawei,ap-southeast-1,"Hong Kong, China",214
2025-12-19 09:03:06,cloudping Huawei,sa-brazil-1,"Sao Paulo, Brazil",227
2025-12-19 09:03:06,cloudping Huawei,la-south-2,"Santiago, Chile",244
2025-12-19 09:03:06,cloudping Huawei,ap-southeast-2,"Bangkok, Thailand",250
2025-12-19 09:03:06,cloudping Huawei,af-south-1,"Johannesburg, South Africa",307.5
2025-12-19 09:03:06,cloudping Huawei,la-north-2,"Mexico City 2, Mexico",146.5
2025-12-19 09:03:06,cloudping Huawei,na-mexico-1,"Mexico City 1, Mexico",162.5
2025-12-19 09:03:06,cloudping Huawei,ap-southeast-3,Singapore,190.5
2025-12-19 09:03:06,cloudping Huawei,ap-southeast-1,"Hong Kong, China",214
2025-12-19 09:03:06,cloudping Huawei,sa-brazil-1,"Sao Paulo, Brazil",227
2025-12-19 09:03:06,cloudping Huawei,la-south-2,"Santiago, Chile",244
2025-12-19 09:03:06,cloudping Huawei,ap-southeast-2,"Bangkok, Thailand",250
2025-12-19 09:03:06,cloudping Huawei,af-south-1,"Johannesburg, South Africa",307.5
2025-12-19 09:03:06,cloudping Huawei,cn-east-2,Shanghai 2,210
2025-12-19 09:03:06,cloudping Huawei,cn-east-3,Shanghai 1,216.5
2025-12-19 09:03:06,cloudping Huawei,cn-south-1,Guangzhou,245
2025-12-19 09:03:06,cloudping Huawei,cn-north-1,Beijing 1,248.5
2025-12-19 09:03:06,cloudping Huawei,cn-southwest-2,Guiyang 1,253.5
2025-12-19 09:03:06,cloudping Huawei,cn-north-9,Wulanchabu,254.5
2025-12-19 09:03:06,cloudping Huawei,cn-north-4,Beijing 4,255.5
2025-12-19 09:29:06,cloudping Huawei,na-mexico-1,"Mexico City 1, Mexico",146
2025-12-19 09:29:06,cloudping Huawei,la-north-2,"Mexico City 2, Mexico",151.5
2025-12-19 09:29:06,cloudping Huawei,ap-southeast-3,Singapore,187
2025-12-19 09:29:06,cloudping Huawei,sa-brazil-1,"Sao Paulo, Brazil",224
2025-12-19 09:29:06,cloudping Huawei,ap-southeast-1,"Hong Kong, China",233.5
2025-12-19 09:29:06,cloudping Huawei,ap-southeast-2,"Bangkok, Thailand",237
2025-12-19 09:29:06,cloudping Huawei,la-south-2,"Santiago, Chile",237.5
2025-12-19 09:29:06,cloudping Huawei,af-south-1,"Johannesburg, South Africa",245
2025-12-19 09:29:06,cloudping Huawei,na-mexico-1,"Mexico City 1, Mexico",146
2025-12-19 09:29:06,cloudping Huawei,la-north-2,"Mexico City 2, Mexico",151.5
2025-12-19 09:29:06,cloudping Huawei,ap-southeast-3,Singapore,187
2025-12-19 09:29:06,cloudping Huawei,sa-brazil-1,"Sao Paulo, Brazil",224
2025-12-19 09:29:06,cloudping Huawei,ap-southeast-1,"Hong Kong, China",233.5
2025-12-19 09:29:06,cloudping Huawei,ap-southeast-2,"Bangkok, Thailand",237
2025-12-19 09:29:06,cloudping Huawei,la-south-2,"Santiago, Chile",237.5
2025-12-19 09:29:06,cloudping Huawei,af-south-1,"Johannesburg, South Africa",245
2025-12-19 09:29:06,cloudping Huawei,cn-east-2,Shanghai 2,220
2025-12-19 09:29:06,cloudping Huawei,cn-south-1,Guangzhou,229
2025-12-19 09:29:06,cloudping Huawei,cn-north-1,Beijing 1,232
2025-12-19 09:29:06,cloudping Huawei,cn-east-3,Shanghai 1,253
2025-12-19 09:29:06,cloudping Huawei,cn-southwest-2,Guiyang 1,256.5
2025-12-19 09:29:06,cloudping Huawei,cn-north-9,Wulanchabu,267
2025-12-19 09:29:06,cloudping Huawei,cn-north-4,Beijing 4,267
2025-12-19 09:55:07,cloudping Huawei,na-mexico-1,"Mexico City 1, Mexico",145.5
2025-12-19 09:55:07,cloudping Huawei,la-north-2,"Mexico City 2, Mexico",147
2025-12-19 09:55:07,cloudping Huawei,ap-southeast-3,Singapore,212
2025-12-19 09:55:07,cloudping Huawei,ap-southeast-1,"Hong Kong, China",213
2025-12-19 09:55:07,cloudping Huawei,ap-southeast-2,"Bangkok, Thailand",242.5
2025-12-19 09:55:07,cloudping Huawei,sa-brazil-1,"Sao Paulo, Brazil",246
2025-12-19 09:55:07,cloudping Huawei,la-south-2,"Santiago, Chile",253
2025-12-19 09:55:07,cloudping Huawei,af-south-1,"Johannesburg, South Africa",262.5
2025-12-19 09:55:07,cloudping Huawei,na-mexico-1,"Mexico City 1, Mexico",145.5
2025-12-19 09:55:07,cloudping Huawei,la-north-2,"Mexico City 2, Mexico",147
2025-12-19 09:55:07,cloudping Huawei,ap-southeast-3,Singapore,212
2025-12-19 09:55:07,cloudping Huawei,ap-southeast-1,"Hong Kong, China",213
2025-12-19 09:55:07,cloudping Huawei,ap-southeast-2,"Bangkok, Thailand",242.5
2025-12-19 09:55:07,cloudping Huawei,sa-brazil-1,"Sao Paulo, Brazil",246
2025-12-19 09:55:07,cloudping Huawei,la-south-2,"Santiago, Chile",253
2025-12-19 09:55:07,cloudping Huawei,af-south-1,"Johannesburg, South Africa",262.5
2025-12-19 09:55:07,cloudping Huawei,cn-east-3,Shanghai 1,241
2025-12-19 09:55:07,cloudping Huawei,cn-southwest-2,Guiyang 1,242
2025-12-19 09:55:07,cloudping Huawei,cn-south-1,Guangzhou,247
2025-12-19 09:55:07,cloudping Huawei,cn-east-2,Shanghai 2,251
2025-12-19 09:55:07,cloudping Huawei,cn-north-4,Beijing 4,257
2025-12-19 09:55:07,cloudping Huawei,cn-north-9,Wulanchabu,287
2025-12-19 09:55:07,cloudping Huawei,cn-north-1,Beijing 1,295.5
2025-12-19 10:21:07,cloudping Huawei,na-mexico-1,"Mexico City 1, Mexico",148
2025-12-19 10:21:07,cloudping Huawei,ap-southeast-3,Singapore,186.5
2025-12-19 10:21:07,cloudping Huawei,la-north-2,"Mexico City 2, Mexico",197
2025-12-19 10:21:07,cloudping Huawei,ap-southeast-1,"Hong Kong, China",210.5
2025-12-19 10:21:07,cloudping Huawei,sa-brazil-1,"Sao Paulo, Brazil",224
2025-12-19 10:21:07,cloudping Huawei,af-south-1,"Johannesburg, South Africa",232
2025-12-19 10:21:07,cloudping Huawei,la-south-2,"Santiago, Chile",235.5
2025-12-19 10:21:07,cloudping Huawei,ap-southeast-2,"Bangkok, Thailand",242
2025-12-19 10:21:07,cloudping Huawei,na-mexico-1,"Mexico City 1, Mexico",148
2025-12-19 10:21:07,cloudping Huawei,ap-southeast-3,Singapore,186.5
2025-12-19 10:21:07,cloudping Huawei,la-north-2,"Mexico City 2, Mexico",197
2025-12-19 10:21:07,cloudping Huawei,ap-southeast-1,"Hong Kong, China",210.5
2025-12-19 10:21:07,cloudping Huawei,sa-brazil-1,"Sao Paulo, Brazil",224
2025-12-19 10:21:07,cloudping Huawei,af-south-1,"Johannesburg, South Africa",232
2025-12-19 10:21:07,cloudping Huawei,la-south-2,"Santiago, Chile",235.5
2025-12-19 10:21:07,cloudping Huawei,ap-southeast-2,"Bangkok, Thailand",242
2025-12-19 10:21:07,cloudping Huawei,cn-south-1,Guangzhou,219.5
2025-12-19 10:21:07,cloudping Huawei,cn-east-3,Shanghai 1,220.5
2025-12-19 10:21:07,cloudping Huawei,cn-east-2,Shanghai 2,236.5
2025-12-19 10:21:07,cloudping Huawei,cn-southwest-2,Guiyang 1,252
2025-12-19 10:21:07,cloudping Huawei,cn-north-9,Wulanchabu,266
2025-12-19 10:21:07,cloudping Huawei,cn-north-4,Beijing 4,274
2025-12-19 10:21:07,cloudping Huawei,cn-north-1,Beijing 1,282.5
2025-12-19 10:47:08,cloudping Huawei,la-north-2,"Mexico City 2, Mexico",145.5
2025-12-19 10:47:08,cloudping Huawei,na-mexico-1,"Mexico City 1, Mexico",146
2025-12-19 10:47:08,cloudping Huawei,ap-southeast-3,Singapore,200.5
2025-12-19 10:47:08,cloudping Huawei,ap-southeast-1,"Hong Kong, China",223
2025-12-19 10:47:08,cloudping Huawei,sa-brazil-1,"Sao Paulo, Brazil",227
2025-12-19 10:47:08,cloudping Huawei,ap-southeast-2,"Bangkok, Thailand",242
2025-12-19 10:47:08,cloudping Huawei,af-south-1,"Johannesburg, South Africa",243
2025-12-19 10:47:08,cloudping Huawei,la-south-2,"Santiago, Chile",597
2025-12-19 10:47:08,cloudping Huawei,la-north-2,"Mexico City 2, Mexico",145.5
2025-12-19 10:47:08,cloudping Huawei,na-mexico-1,"Mexico City 1, Mexico",146
2025-12-19 10:47:08,cloudping Huawei,ap-southeast-3,Singapore,200.5
2025-12-19 10:47:08,cloudping Huawei,ap-southeast-1,"Hong Kong, China",223
2025-12-19 10:47:08,cloudping Huawei,sa-brazil-1,"Sao Paulo, Brazil",227
2025-12-19 10:47:08,cloudping Huawei,ap-southeast-2,"Bangkok, Thailand",242
2025-12-19 10:47:08,cloudping Huawei,af-south-1,"Johannesburg, South Africa",243
2025-12-19 10:47:08,cloudping Huawei,la-south-2,"Santiago, Chile",597
2025-12-19 10:47:08,cloudping Huawei,cn-east-3,Shanghai 1,212
2025-12-19 10:47:08,cloudping Huawei,cn-east-2,Shanghai 2,224.5
2025-12-19 10:47:08,cloudping Huawei,cn-north-1,Beijing 1,229.5
2025-12-19 10:47:08,cloudping Huawei,cn-south-1,Guangzhou,231
2025-12-19 10:47:08,cloudping Huawei,cn-north-4,Beijing 4,254.5
2025-12-19 10:47:08,cloudping Huawei,cn-north-9,Wulanchabu,272.5
2025-12-19 10:47:08,cloudping Huawei,cn-southwest-2,Guiyang 1,328
2025-12-19 11:13:09,cloudping Huawei,na-mexico-1,"Mexico City 1, Mexico",148.5
2025-12-19 11:13:09,cloudping Huawei,la-north-2,"Mexico City 2, Mexico",160
2025-12-19 11:13:09,cloudping Huawei,ap-southeast-3,Singapore,203
2025-12-19 11:13:09,cloudping Huawei,ap-southeast-1,"Hong Kong, China",213
2025-12-19 11:13:09,cloudping Huawei,sa-brazil-1,"Sao Paulo, Brazil",224.5
2025-12-19 11:13:09,cloudping Huawei,af-south-1,"Johannesburg, South Africa",243.5
2025-12-19 11:13:09,cloudping Huawei,la-south-2,"Santiago, Chile",243.5
2025-12-19 11:13:09,cloudping Huawei,ap-southeast-2,"Bangkok, Thailand",259
2025-12-19 11:13:09,cloudping Huawei,na-mexico-1,"Mexico City 1, Mexico",148.5
2025-12-19 11:13:09,cloudping Huawei,la-north-2,"Mexico City 2, Mexico",160
2025-12-19 11:13:09,cloudping Huawei,ap-southeast-3,Singapore,203
2025-12-19 11:13:09,cloudping Huawei,ap-southeast-1,"Hong Kong, China",213
2025-12-19 11:13:09,cloudping Huawei,sa-brazil-1,"Sao Paulo, Brazil",224.5
2025-12-19 11:13:09,cloudping Huawei,af-south-1,"Johannesburg, South Africa",243.5
2025-12-19 11:13:09,cloudping Huawei,la-south-2,"Santiago, Chile",243.5
2025-12-19 11:13:09,cloudping Huawei,ap-southeast-2,"Bangkok, Thailand",259
2025-12-19 11:13:09,cloudping Huawei,cn-north-1,Beijing 1,229
2025-12-19 11:13:09,cloudping Huawei,cn-east-2,Shanghai 2,230
2025-12-19 11:13:09,cloudping Huawei,cn-south-1,Guangzhou,230
2025-12-19 11:13:09,cloudping Huawei,cn-north-4,Beijing 4,233
2025-12-19 11:13:09,cloudping Huawei,cn-north-9,Wulanchabu,280.5
2025-12-19 11:13:09,cloudping Huawei,cn-east-3,Shanghai 1,281
2025-12-19 11:13:09,cloudping Huawei,cn-southwest-2,Guiyang 1,342.5
2025-12-19 12:31:10,cloudping Huawei,na-mexico-1,"Mexico City 1, Mexico",145.5
2025-12-19 12:31:10,cloudping Huawei,la-north-2,"Mexico City 2, Mexico",150.5
2025-12-19 12:31:10,cloudping Huawei,ap-southeast-3,Singapore,189
2025-12-19 12:31:10,cloudping Huawei,ap-southeast-1,"Hong Kong, China",214.5
2025-12-19 12:31:10,cloudping Huawei,sa-brazil-1,"Sao Paulo, Brazil",225.5
2025-12-19 12:31:10,cloudping Huawei,ap-southeast-2,"Bangkok, Thailand",238
2025-12-19 12:31:10,cloudping Huawei,af-south-1,"Johannesburg, South Africa",240.5
2025-12-19 12:31:10,cloudping Huawei,la-south-2,"Santiago, Chile",340.5
2025-12-19 12:31:10,cloudping Huawei,na-mexico-1,"Mexico City 1, Mexico",145.5
2025-12-19 12:31:10,cloudping Huawei,la-north-2,"Mexico City 2, Mexico",150.5
2025-12-19 12:31:10,cloudping Huawei,ap-southeast-3,Singapore,189
2025-12-19 12:31:10,cloudping Huawei,ap-southeast-1,"Hong Kong, China",214.5
2025-12-19 12:31:10,cloudping Huawei,sa-brazil-1,"Sao Paulo, Brazil",225.5
2025-12-19 12:31:10,cloudping Huawei,ap-southeast-2,"Bangkok, Thailand",238
2025-12-19 12:31:10,cloudping Huawei,af-south-1,"Johannesburg, South Africa",240.5
2025-12-19 12:31:10,cloudping Huawei,la-south-2,"Santiago, Chile",340.5
2025-12-19 12:31:10,cloudping Huawei,cn-north-1,Beijing 1,199
2025-12-19 12:31:10,cloudping Huawei,cn-east-2,Shanghai 2,219.5
2025-12-19 12:31:10,cloudping Huawei,cn-southwest-2,Guiyang 1,239
2025-12-19 12:31:10,cloudping Huawei,cn-south-1,Guangzhou,258.5
2025-12-19 12:31:10,cloudping Huawei,cn-north-4,Beijing 4,262.5
2025-12-19 12:31:10,cloudping Huawei,cn-east-3,Shanghai 1,284
2025-12-19 12:31:10,cloudping Huawei,cn-north-9,Wulanchabu,965
2025-12-19 12:57:17,cloudping Huawei,na-mexico-1,"Mexico City 1, Mexico",147.5
2025-12-19 12:57:17,cloudping Huawei,la-north-2,"Mexico City 2, Mexico",157.5
2025-12-19 12:57:17,cloudping Huawei,ap-southeast-3,Singapore,190.5
2025-12-19 12:57:17,cloudping Huawei,ap-southeast-1,"Hong Kong, China",217
2025-12-19 12:57:17,cloudping Huawei,sa-brazil-1,"Sao Paulo, Brazil",224
2025-12-19 12:57:17,cloudping Huawei,la-south-2,"Santiago, Chile",238
2025-12-19 12:57:17,cloudping Huawei,ap-southeast-2,"Bangkok, Thailand",245.5
2025-12-19 12:57:17,cloudping Huawei,af-south-1,"Johannesburg, South Africa",324.5
2025-12-19 12:57:17,cloudping Huawei,na-mexico-1,"Mexico City 1, Mexico",147.5
2025-12-19 12:57:17,cloudping Huawei,la-north-2,"Mexico City 2, Mexico",157.5
2025-12-19 12:57:17,cloudping Huawei,ap-southeast-3,Singapore,190.5
2025-12-19 12:57:17,cloudping Huawei,ap-southeast-1,"Hong Kong, China",217
2025-12-19 12:57:17,cloudping Huawei,sa-brazil-1,"Sao Paulo, Brazil",224
2025-12-19 12:57:17,cloudping Huawei,la-south-2,"Santiago, Chile",238
2025-12-19 12:57:17,cloudping Huawei,ap-southeast-2,"Bangkok, Thailand",245.5
2025-12-19 12:57:17,cloudping Huawei,af-south-1,"Johannesburg, South Africa",324.5
2025-12-19 12:57:17,cloudping Huawei,cn-north-1,Beijing 1,192.5
2025-12-19 12:57:17,cloudping Huawei,cn-east-2,Shanghai 2,227.5
2025-12-19 12:57:17,cloudping Huawei,cn-south-1,Guangzhou,243
2025-12-19 12:57:17,cloudping Huawei,cn-north-4,Beijing 4,265.5
2025-12-19 12:57:17,cloudping Huawei,cn-north-9,Wulanchabu,283.5
2025-12-19 12:57:17,cloudping Huawei,cn-east-3,Shanghai 1,290.5
2025-12-19 12:57:17,cloudping Huawei,cn-southwest-2,Guiyang 1,595.5
2025-12-19 13:23:17,cloudping Huawei,na-mexico-1,"Mexico City 1, Mexico",146
2025-12-19 13:23:17,cloudping Huawei,la-north-2,"Mexico City 2, Mexico",150.5
2025-12-19 13:23:17,cloudping Huawei,ap-southeast-3,Singapore,187.5
2025-12-19 13:23:17,cloudping Huawei,ap-southeast-1,"Hong Kong, China",213
2025-12-19 13:23:17,cloudping Huawei,sa-brazil-1,"Sao Paulo, Brazil",224.5
2025-12-19 13:23:17,cloudping Huawei,af-south-1,"Johannesburg, South Africa",229
2025-12-19 13:23:17,cloudping Huawei,la-south-2,"Santiago, Chile",241
2025-12-19 13:23:17,cloudping Huawei,ap-southeast-2,"Bangkok, Thailand",243.5
2025-12-19 13:23:17,cloudping Huawei,na-mexico-1,"Mexico City 1, Mexico",146
2025-12-19 13:23:17,cloudping Huawei,la-north-2,"Mexico City 2, Mexico",150.5
2025-12-19 13:23:17,cloudping Huawei,ap-southeast-3,Singapore,187.5
2025-12-19 13:23:17,cloudping Huawei,ap-southeast-1,"Hong Kong, China",213
2025-12-19 13:23:17,cloudping Huawei,sa-brazil-1,"Sao Paulo, Brazil",224.5
2025-12-19 13:23:17,cloudping Huawei,af-south-1,"Johannesburg, South Africa",229
2025-12-19 13:23:17,cloudping Huawei,la-south-2,"Santiago, Chile",241
2025-12-19 13:23:17,cloudping Huawei,ap-southeast-2,"Bangkok, Thailand",243.5
2025-12-19 13:23:17,cloudping Huawei,cn-east-2,Shanghai 2,220.5
2025-12-19 13:23:17,cloudping Huawei,cn-east-3,Shanghai 1,241.5
2025-12-19 13:23:17,cloudping Huawei,cn-southwest-2,Guiyang 1,285.5
2025-12-19 13:23:17,cloudping Huawei,cn-north-4,Beijing 4,308.5
2025-12-19 13:23:17,cloudping Huawei,cn-south-1,Guangzhou,564.5
2025-12-19 13:23:17,cloudping Huawei,cn-north-1,Beijing 1,637.5
2025-12-19 13:23:17,cloudping Huawei,cn-north-9,Wulanchabu,655
2025-12-19 13:49:17,cloudping Huawei,na-mexico-1,"Mexico City 1, Mexico",144
2025-12-19 13:49:17,cloudping Huawei,la-north-2,"Mexico City 2, Mexico",145.5
2025-12-19 13:49:17,cloudping Huawei,af-south-1,"Johannesburg, South Africa",228.5
2025-12-19 13:49:17,cloudping Huawei,ap-southeast-1,"Hong Kong, China",230.5
2025-12-19 13:49:17,cloudping Huawei,sa-brazil-1,"Sao Paulo, Brazil",235.5
2025-12-19 13:49:17,cloudping Huawei,ap-southeast-2,"Bangkok, Thailand",238
2025-12-19 13:49:17,cloudping Huawei,ap-southeast-3,Singapore,321.5
2025-12-19 13:49:17,cloudping Huawei,la-south-2,"Santiago, Chile",397.5
2025-12-19 13:49:17,cloudping Huawei,na-mexico-1,"Mexico City 1, Mexico",144
2025-12-19 13:49:17,cloudping Huawei,la-north-2,"Mexico City 2, Mexico",145.5
2025-12-19 13:49:17,cloudping Huawei,af-south-1,"Johannesburg, South Africa",228.5
2025-12-19 13:49:17,cloudping Huawei,ap-southeast-1,"Hong Kong, China",230.5
2025-12-19 13:49:17,cloudping Huawei,sa-brazil-1,"Sao Paulo, Brazil",235.5
2025-12-19 13:49:17,cloudping Huawei,ap-southeast-2,"Bangkok, Thailand",238
2025-12-19 13:49:17,cloudping Huawei,ap-southeast-3,Singapore,321.5
2025-12-19 13:49:17,cloudping Huawei,la-south-2,"Santiago, Chile",397.5
2025-12-19 13:49:17,cloudping Huawei,cn-east-3,Shanghai 1,207
2025-12-19 13:49:17,cloudping Huawei,cn-east-2,Shanghai 2,210.5
2025-12-19 13:49:17,cloudping Huawei,cn-north-9,Wulanchabu,235.5
2025-12-19 13:49:17,cloudping Huawei,cn-north-1,Beijing 1,237
2025-12-19 13:49:17,cloudping Huawei,cn-southwest-2,Guiyang 1,244.5
2025-12-19 13:49:17,cloudping Huawei,cn-south-1,Guangzhou,253
2025-12-19 13:49:17,cloudping Huawei,cn-north-4,Beijing 4,543.5
2025-12-19 14:15:18,cloudping Huawei,la-north-2,"Mexico City 2, Mexico",147
2025-12-19 14:15:18,cloudping Huawei,na-mexico-1,"Mexico City 1, Mexico",148
2025-12-19 14:15:18,cloudping Huawei,ap-southeast-3,Singapore,187
2025-12-19 14:15:18,cloudping Huawei,ap-southeast-1,"Hong Kong, China",214
2025-12-19 14:15:18,cloudping Huawei,af-south-1,"Johannesburg, South Africa",226.5
2025-12-19 14:15:18,cloudping Huawei,sa-brazil-1,"Sao Paulo, Brazil",227.5
2025-12-19 14:15:18,cloudping Huawei,la-south-2,"Santiago, Chile",232.5
2025-12-19 14:15:18,cloudping Huawei,ap-southeast-2,"Bangkok, Thailand",249.5
2025-12-19 14:15:18,cloudping Huawei,la-north-2,"Mexico City 2, Mexico",147
2025-12-19 14:15:18,cloudping Huawei,na-mexico-1,"Mexico City 1, Mexico",148
2025-12-19 14:15:18,cloudping Huawei,ap-southeast-3,Singapore,187
2025-12-19 14:15:18,cloudping Huawei,ap-southeast-1,"Hong Kong, China",214
2025-12-19 14:15:18,cloudping Huawei,af-south-1,"Johannesburg, South Africa",226.5
2025-12-19 14:15:18,cloudping Huawei,sa-brazil-1,"Sao Paulo, Brazil",227.5
2025-12-19 14:15:18,cloudping Huawei,la-south-2,"Santiago, Chile",232.5
2025-12-19 14:15:18,cloudping Huawei,ap-southeast-2,"Bangkok, Thailand",249.5
2025-12-19 14:15:18,cloudping Huawei,cn-east-2,Shanghai 2,231.5
2025-12-19 14:15:18,cloudping Huawei,cn-southwest-2,Guiyang 1,242
2025-12-19 14:15:18,cloudping Huawei,cn-north-4,Beijing 4,258.5
2025-12-19 14:15:18,cloudping Huawei,cn-north-9,Wulanchabu,264.5
2025-12-19 14:15:18,cloudping Huawei,cn-north-1,Beijing 1,289.5
2025-12-19 14:15:18,cloudping Huawei,cn-south-1,Guangzhou,341
2025-12-19 14:15:18,cloudping Huawei,cn-east-3,Shanghai 1,810
2025-12-19 14:41:17,cloudping Huawei,la-north-2,"Mexico City 2, Mexico",149
2025-12-19 14:41:17,cloudping Huawei,na-mexico-1,"Mexico City 1, Mexico",149
2025-12-19 14:41:17,cloudping Huawei,ap-southeast-3,Singapore,192
2025-12-19 14:41:17,cloudping Huawei,ap-southeast-1,"Hong Kong, China",219
2025-12-19 14:41:17,cloudping Huawei,sa-brazil-1,"Sao Paulo, Brazil",225
2025-12-19 14:41:17,cloudping Huawei,af-south-1,"Johannesburg, South Africa",237
2025-12-19 14:41:17,cloudping Huawei,ap-southeast-2,"Bangkok, Thailand",237
2025-12-19 14:41:17,cloudping Huawei,la-south-2,"Santiago, Chile",238
2025-12-19 14:41:17,cloudping Huawei,la-north-2,"Mexico City 2, Mexico",149
2025-12-19 14:41:17,cloudping Huawei,na-mexico-1,"Mexico City 1, Mexico",149
2025-12-19 14:41:17,cloudping Huawei,ap-southeast-3,Singapore,192
2025-12-19 14:41:17,cloudping Huawei,ap-southeast-1,"Hong Kong, China",219
2025-12-19 14:41:17,cloudping Huawei,sa-brazil-1,"Sao Paulo, Brazil",225
2025-12-19 14:41:17,cloudping Huawei,af-south-1,"Johannesburg, South Africa",237
2025-12-19 14:41:17,cloudping Huawei,ap-southeast-2,"Bangkok, Thailand",237
2025-12-19 14:41:17,cloudping Huawei,la-south-2,"Santiago, Chile",238
2025-12-19 14:41:17,cloudping Huawei,cn-north-1,Beijing 1,195.5
2025-12-19 14:41:17,cloudping Huawei,cn-south-1,Guangzhou,222.5
2025-12-19 14:41:17,cloudping Huawei,cn-southwest-2,Guiyang 1,236.5
2025-12-19 14:41:17,cloudping Huawei,cn-north-4,Beijing 4,252.5
2025-12-19 14:41:17,cloudping Huawei,cn-north-9,Wulanchabu,306
2025-12-19 14:41:17,cloudping Huawei,cn-east-3,Shanghai 1,605
2025-12-19 14:41:17,cloudping Huawei,cn-east-2,Shanghai 2,1586
2025-12-19 15:07:19,cloudping Huawei,na-mexico-1,"Mexico City 1, Mexico",146
2025-12-19 15:07:19,cloudping Huawei,la-north-2,"Mexico City 2, Mexico",153
2025-12-19 15:07:19,cloudping Huawei,ap-southeast-3,Singapore,188.5
2025-12-19 15:07:19,cloudping Huawei,ap-southeast-1,"Hong Kong, China",220
2025-12-19 15:07:19,cloudping Huawei,sa-brazil-1,"Sao Paulo, Brazil",228.5
2025-12-19 15:07:19,cloudping Huawei,la-south-2,"Santiago, Chile",232
2025-12-19 15:07:19,cloudping Huawei,af-south-1,"Johannesburg, South Africa",240.5
2025-12-19 15:07:19,cloudping Huawei,ap-southeast-2,"Bangkok, Thailand",241
2025-12-19 15:07:19,cloudping Huawei,na-mexico-1,"Mexico City 1, Mexico",146
2025-12-19 15:07:19,cloudping Huawei,la-north-2,"Mexico City 2, Mexico",153
2025-12-19 15:07:19,cloudping Huawei,ap-southeast-3,Singapore,188.5
2025-12-19 15:07:19,cloudping Huawei,ap-southeast-1,"Hong Kong, China",220
2025-12-19 15:07:19,cloudping Huawei,sa-brazil-1,"Sao Paulo, Brazil",228.5
2025-12-19 15:07:19,cloudping Huawei,la-south-2,"Santiago, Chile",232
2025-12-19 15:07:19,cloudping Huawei,af-south-1,"Johannesburg, South Africa",240.5
2025-12-19 15:07:19,cloudping Huawei,ap-southeast-2,"Bangkok, Thailand",241
2025-12-19 15:07:19,cloudping Huawei,cn-east-2,Shanghai 2,209
2025-12-19 15:07:19,cloudping Huawei,cn-east-3,Shanghai 1,218
2025-12-19 15:07:19,cloudping Huawei,cn-south-1,Guangzhou,246.5
2025-12-19 15:07:19,cloudping Huawei,cn-north-4,Beijing 4,257
2025-12-19 15:07:19,cloudping Huawei,cn-north-1,Beijing 1,298
2025-12-19 15:07:19,cloudping Huawei,cn-north-9,Wulanchabu,299
2025-12-19 15:07:19,cloudping Huawei,cn-southwest-2,Guiyang 1,494
2025-12-19 15:33:19,cloudping Huawei,la-north-2,"Mexico City 2, Mexico",149
2025-12-19 15:33:19,cloudping Huawei,na-mexico-1,"Mexico City 1, Mexico",149
2025-12-19 15:33:19,cloudping Huawei,ap-southeast-3,Singapore,194
2025-12-19 15:33:19,cloudping Huawei,ap-southeast-1,"Hong Kong, China",214
2025-12-19 15:33:19,cloudping Huawei,sa-brazil-1,"Sao Paulo, Brazil",223.5
2025-12-19 15:33:19,cloudping Huawei,la-south-2,"Santiago, Chile",238.5
2025-12-19 15:33:19,cloudping Huawei,af-south-1,"Johannesburg, South Africa",242.5
2025-12-19 15:33:19,cloudping Huawei,ap-southeast-2,"Bangkok, Thailand",242.5
2025-12-19 15:33:19,cloudping Huawei,la-north-2,"Mexico City 2, Mexico",149
2025-12-19 15:33:19,cloudping Huawei,na-mexico-1,"Mexico City 1, Mexico",149
2025-12-19 15:33:19,cloudping Huawei,ap-southeast-3,Singapore,194
2025-12-19 15:33:19,cloudping Huawei,ap-southeast-1,"Hong Kong, China",214
2025-12-19 15:33:19,cloudping Huawei,sa-brazil-1,"Sao Paulo, Brazil",223.5
2025-12-19 15:33:19,cloudping Huawei,la-south-2,"Santiago, Chile",238.5
2025-12-19 15:33:19,cloudping Huawei,af-south-1,"Johannesburg, South Africa",242.5
2025-12-19 15:33:19,cloudping Huawei,ap-southeast-2,"Bangkok, Thailand",242.5
2025-12-19 15:33:19,cloudping Huawei,cn-east-2,Shanghai 2,202
2025-12-19 15:33:19,cloudping Huawei,cn-east-3,Shanghai 1,215
2025-12-19 15:33:19,cloudping Huawei,cn-north-9,Wulanchabu,241.5
2025-12-19 15:33:19,cloudping Huawei,cn-north-1,Beijing 1,251
2025-12-19 15:33:19,cloudping Huawei,cn-southwest-2,Guiyang 1,271
2025-12-19 15:33:19,cloudping Huawei,cn-north-4,Beijing 4,331.5
2025-12-19 15:33:19,cloudping Huawei,cn-south-1,Guangzhou,628
2025-12-19 15:59:21,cloudping Huawei,la-north-2,"Mexico City 2, Mexico",147.5
2025-12-19 15:59:21,cloudping Huawei,na-mexico-1,"Mexico City 1, Mexico",148.5
2025-12-19 15:59:21,cloudping Huawei,ap-southeast-3,Singapore,194.5
2025-12-19 15:59:21,cloudping Huawei,ap-southeast-1,"Hong Kong, China",213.5
2025-12-19 15:59:21,cloudping Huawei,af-south-1,"Johannesburg, South Africa",228.5
2025-12-19 15:59:21,cloudping Huawei,sa-brazil-1,"Sao Paulo, Brazil",233.5
2025-12-19 15:59:21,cloudping Huawei,ap-southeast-2,"Bangkok, Thailand",240.5
2025-12-19 15:59:21,cloudping Huawei,la-south-2,"Santiago, Chile",241
2025-12-19 15:59:21,cloudping Huawei,la-north-2,"Mexico City 2, Mexico",147.5
2025-12-19 15:59:21,cloudping Huawei,na-mexico-1,"Mexico City 1, Mexico",148.5
2025-12-19 15:59:21,cloudping Huawei,ap-southeast-3,Singapore,194.5
2025-12-19 15:59:21,cloudping Huawei,ap-southeast-1,"Hong Kong, China",213.5
2025-12-19 15:59:21,cloudping Huawei,af-south-1,"Johannesburg, South Africa",228.5
2025-12-19 15:59:21,cloudping Huawei,sa-brazil-1,"Sao Paulo, Brazil",233.5
2025-12-19 15:59:21,cloudping Huawei,ap-southeast-2,"Bangkok, Thailand",240.5
2025-12-19 15:59:21,cloudping Huawei,la-south-2,"Santiago, Chile",241
2025-12-19 15:59:21,cloudping Huawei,cn-north-1,Beijing 1,231
2025-12-19 15:59:21,cloudping Huawei,cn-north-9,Wulanchabu,234.5
2025-12-19 15:59:21,cloudping Huawei,cn-north-4,Beijing 4,261
2025-12-19 15:59:21,cloudping Huawei,cn-southwest-2,Guiyang 1,285
2025-12-19 15:59:21,cloudping Huawei,cn-east-3,Shanghai 1,292
2025-12-19 15:59:21,cloudping Huawei,cn-south-1,Guangzhou,306.5
2025-12-19 15:59:21,cloudping Huawei,cn-east-2,Shanghai 2,334
2025-12-19 16:25:19,cloudping Huawei,na-mexico-1,"Mexico City 1, Mexico",147.5
2025-12-19 16:25:19,cloudping Huawei,la-north-2,"Mexico City 2, Mexico",151
2025-12-19 16:25:19,cloudping Huawei,ap-southeast-3,Singapore,195.5
2025-12-19 16:25:19,cloudping Huawei,ap-southeast-1,"Hong Kong, China",212
2025-12-19 16:25:19,cloudping Huawei,ap-southeast-2,"Bangkok, Thailand",247
2025-12-19 16:25:19,cloudping Huawei,sa-brazil-1,"Sao Paulo, Brazil",260.5
2025-12-19 16:25:19,cloudping Huawei,la-south-2,"Santiago, Chile",284
2025-12-19 16:25:19,cloudping Huawei,af-south-1,"Johannesburg, South Africa",335.5
2025-12-19 16:25:19,cloudping Huawei,na-mexico-1,"Mexico City 1, Mexico",147.5
2025-12-19 16:25:19,cloudping Huawei,la-north-2,"Mexico City 2, Mexico",151
2025-12-19 16:25:19,cloudping Huawei,ap-southeast-3,Singapore,195.5
2025-12-19 16:25:19,cloudping Huawei,ap-southeast-1,"Hong Kong, China",212
2025-12-19 16:25:19,cloudping Huawei,ap-southeast-2,"Bangkok, Thailand",247
2025-12-19 16:25:19,cloudping Huawei,sa-brazil-1,"Sao Paulo, Brazil",260.5
2025-12-19 16:25:19,cloudping Huawei,la-south-2,"Santiago, Chile",284
2025-12-19 16:25:19,cloudping Huawei,af-south-1,"Johannesburg, South Africa",335.5
2025-12-19 16:25:19,cloudping Huawei,cn-north-1,Beijing 1,215.5
2025-12-19 16:25:19,cloudping Huawei,cn-east-3,Shanghai 1,228.5
2025-12-19 16:25:19,cloudping Huawei,cn-east-2,Shanghai 2,263
2025-12-19 16:25:19,cloudping Huawei,cn-southwest-2,Guiyang 1,264
2025-12-19 16:25:19,cloudping Huawei,cn-north-4,Beijing 4,267.5
2025-12-19 16:25:19,cloudping Huawei,cn-north-9,Wulanchabu,408.5
2025-12-19 16:25:19,cloudping Huawei,cn-south-1,Guangzhou,443.5
2025-12-19 16:51:21,cloudping Huawei,na-mexico-1,"Mexico City 1, Mexico",146.5
2025-12-19 16:51:21,cloudping Huawei,la-north-2,"Mexico City 2, Mexico",162.5
2025-12-19 16:51:21,cloudping Huawei,ap-southeast-3,Singapore,194.5
2025-12-19 16:51:21,cloudping Huawei,af-south-1,"Johannesburg, South Africa",226
2025-12-19 16:51:21,cloudping Huawei,ap-southeast-1,"Hong Kong, China",229.5
2025-12-19 16:51:21,cloudping Huawei,la-south-2,"Santiago, Chile",230
2025-12-19 16:51:21,cloudping Huawei,ap-southeast-2,"Bangkok, Thailand",240
2025-12-19 16:51:21,cloudping Huawei,sa-brazil-1,"Sao Paulo, Brazil",274
2025-12-19 16:51:21,cloudping Huawei,na-mexico-1,"Mexico City 1, Mexico",146.5
2025-12-19 16:51:21,cloudping Huawei,la-north-2,"Mexico City 2, Mexico",162.5
2025-12-19 16:51:21,cloudping Huawei,ap-southeast-3,Singapore,194.5
2025-12-19 16:51:21,cloudping Huawei,af-south-1,"Johannesburg, South Africa",226
2025-12-19 16:51:21,cloudping Huawei,ap-southeast-1,"Hong Kong, China",229.5
2025-12-19 16:51:21,cloudping Huawei,la-south-2,"Santiago, Chile",230
2025-12-19 16:51:21,cloudping Huawei,ap-southeast-2,"Bangkok, Thailand",240
2025-12-19 16:51:21,cloudping Huawei,sa-brazil-1,"Sao Paulo, Brazil",274
2025-12-19 16:51:21,cloudping Huawei,cn-east-2,Shanghai 2,201
2025-12-19 16:51:21,cloudping Huawei,cn-east-3,Shanghai 1,210
2025-12-19 16:51:21,cloudping Huawei,cn-north-1,Beijing 1,233.5
2025-12-19 16:51:21,cloudping Huawei,cn-south-1,Guangzhou,235
2025-12-19 16:51:21,cloudping Huawei,cn-north-9,Wulanchabu,284.5
2025-12-19 16:51:21,cloudping Huawei,cn-north-4,Beijing 4,531.5
2025-12-19 16:51:21,cloudping Huawei,cn-southwest-2,Guiyang 1,592.5
2025-12-19 17:17:22,cloudping Huawei,na-mexico-1,"Mexico City 1, Mexico",146.5
2025-12-19 17:17:22,cloudping Huawei,la-north-2,"Mexico City 2, Mexico",151.5
2025-12-19 17:17:22,cloudping Huawei,ap-southeast-3,Singapore,192
2025-12-19 17:17:22,cloudping Huawei,ap-southeast-1,"Hong Kong, China",224
2025-12-19 17:17:22,cloudping Huawei,la-south-2,"Santiago, Chile",235
2025-12-19 17:17:22,cloudping Huawei,af-south-1,"Johannesburg, South Africa",240.5
2025-12-19 17:17:22,cloudping Huawei,ap-southeast-2,"Bangkok, Thailand",248
2025-12-19 17:17:22,cloudping Huawei,sa-brazil-1,"Sao Paulo, Brazil",251.5
2025-12-19 17:17:22,cloudping Huawei,na-mexico-1,"Mexico City 1, Mexico",146.5
2025-12-19 17:17:22,cloudping Huawei,la-north-2,"Mexico City 2, Mexico",151.5
2025-12-19 17:17:22,cloudping Huawei,ap-southeast-3,Singapore,192
2025-12-19 17:17:22,cloudping Huawei,ap-southeast-1,"Hong Kong, China",224
2025-12-19 17:17:22,cloudping Huawei,la-south-2,"Santiago, Chile",235
2025-12-19 17:17:22,cloudping Huawei,af-south-1,"Johannesburg, South Africa",240.5
2025-12-19 17:17:22,cloudping Huawei,ap-southeast-2,"Bangkok, Thailand",248
2025-12-19 17:17:22,cloudping Huawei,sa-brazil-1,"Sao Paulo, Brazil",251.5
2025-12-19 17:17:22,cloudping Huawei,cn-east-2,Shanghai 2,229
2025-12-19 17:17:22,cloudping Huawei,cn-south-1,Guangzhou,239
2025-12-19 17:17:22,cloudping Huawei,cn-north-9,Wulanchabu,276
2025-12-19 17:17:22,cloudping Huawei,cn-north-1,Beijing 1,296
2025-12-19 17:17:22,cloudping Huawei,cn-east-3,Shanghai 1,541.5
2025-12-19 17:17:22,cloudping Huawei,cn-north-4,Beijing 4,613.5
2025-12-19 17:17:22,cloudping Huawei,cn-southwest-2,Guiyang 1,971
2025-12-19 17:44:30,cloudping Huawei,na-mexico-1,"Mexico City 1, Mexico",142.5
2025-12-19 17:44:30,cloudping Huawei,la-north-2,"Mexico City 2, Mexico",154
2025-12-19 17:44:30,cloudping Huawei,ap-southeast-3,Singapore,186.5
2025-12-19 17:44:30,cloudping Huawei,ap-southeast-1,"Hong Kong, China",216.5
2025-12-19 17:44:30,cloudping Huawei,af-south-1,"Johannesburg, South Africa",229
2025-12-19 17:44:30,cloudping Huawei,sa-brazil-1,"Sao Paulo, Brazil",232.5
2025-12-19 17:44:30,cloudping Huawei,la-south-2,"Santiago, Chile",232.5
2025-12-19 17:44:30,cloudping Huawei,ap-southeast-2,"Bangkok, Thailand",252
2025-12-19 18:09:22,cloudping Huawei,na-mexico-1,"Mexico City 1, Mexico",155.5
2025-12-19 18:09:22,cloudping Huawei,la-north-2,"Mexico City 2, Mexico",177.5
2025-12-19 18:09:22,cloudping Huawei,ap-southeast-3,Singapore,193
2025-12-19 18:09:22,cloudping Huawei,ap-southeast-1,"Hong Kong, China",217.5
2025-12-19 18:09:22,cloudping Huawei,ap-southeast-2,"Bangkok, Thailand",239.5
2025-12-19 18:09:22,cloudping Huawei,la-south-2,"Santiago, Chile",240
2025-12-19 18:09:22,cloudping Huawei,sa-brazil-1,"Sao Paulo, Brazil",384.5
2025-12-19 18:09:22,cloudping Huawei,af-south-1,"Johannesburg, South Africa",436
2025-12-19 18:09:22,cloudping Huawei,na-mexico-1,"Mexico City 1, Mexico",155.5
2025-12-19 18:09:22,cloudping Huawei,la-north-2,"Mexico City 2, Mexico",177.5
2025-12-19 18:09:22,cloudping Huawei,ap-southeast-3,Singapore,193
2025-12-19 18:09:22,cloudping Huawei,ap-southeast-1,"Hong Kong, China",217.5
2025-12-19 18:09:22,cloudping Huawei,ap-southeast-2,"Bangkok, Thailand",239.5
2025-12-19 18:09:22,cloudping Huawei,la-south-2,"Santiago, Chile",240
2025-12-19 18:09:22,cloudping Huawei,sa-brazil-1,"Sao Paulo, Brazil",384.5
2025-12-19 18:09:22,cloudping Huawei,af-south-1,"Johannesburg, South Africa",436
2025-12-19 18:09:22,cloudping Huawei,cn-east-2,Shanghai 2,207.5
2025-12-19 18:09:22,cloudping Huawei,cn-north-1,Beijing 1,225.5
2025-12-19 18:09:22,cloudping Huawei,cn-north-4,Beijing 4,225.5
2025-12-19 18:09:22,cloudping Huawei,cn-south-1,Guangzhou,248.5
2025-12-19 18:09:22,cloudping Huawei,cn-east-3,Shanghai 1,253.5
2025-12-19 18:09:22,cloudping Huawei,cn-north-9,Wulanchabu,280
2025-12-19 18:09:22,cloudping Huawei,cn-southwest-2,Guiyang 1,297.5
2025-12-19 18:35:23,cloudping Huawei,la-north-2,"Mexico City 2, Mexico",146
2025-12-19 18:35:23,cloudping Huawei,na-mexico-1,"Mexico City 1, Mexico",151.5
2025-12-19 18:35:23,cloudping Huawei,ap-southeast-3,Singapore,192.5
2025-12-19 18:35:23,cloudping Huawei,ap-southeast-1,"Hong Kong, China",219.5
2025-12-19 18:35:23,cloudping Huawei,sa-brazil-1,"Sao Paulo, Brazil",229.5
2025-12-19 18:35:23,cloudping Huawei,la-south-2,"Santiago, Chile",236.5
2025-12-19 18:35:23,cloudping Huawei,af-south-1,"Johannesburg, South Africa",239
2025-12-19 18:35:23,cloudping Huawei,ap-southeast-2,"Bangkok, Thailand",373
2025-12-19 18:35:23,cloudping Huawei,la-north-2,"Mexico City 2, Mexico",146
2025-12-19 18:35:23,cloudping Huawei,na-mexico-1,"Mexico City 1, Mexico",151.5
2025-12-19 18:35:23,cloudping Huawei,ap-southeast-3,Singapore,192.5
2025-12-19 18:35:23,cloudping Huawei,ap-southeast-1,"Hong Kong, China",219.5
2025-12-19 18:35:23,cloudping Huawei,sa-brazil-1,"Sao Paulo, Brazil",229.5
2025-12-19 18:35:23,cloudping Huawei,la-south-2,"Santiago, Chile",236.5
2025-12-19 18:35:23,cloudping Huawei,af-south-1,"Johannesburg, South Africa",239
2025-12-19 18:35:23,cloudping Huawei,ap-southeast-2,"Bangkok, Thailand",373
2025-12-19 18:35:23,cloudping Huawei,cn-east-2,Shanghai 2,217
2025-12-19 18:35:23,cloudping Huawei,cn-east-3,Shanghai 1,220.5
2025-12-19 18:35:23,cloudping Huawei,cn-south-1,Guangzhou,239
2025-12-19 18:35:23,cloudping Huawei,cn-southwest-2,Guiyang 1,258.5
2025-12-19 18:35:23,cloudping Huawei,cn-north-1,Beijing 1,262
2025-12-19 18:35:23,cloudping Huawei,cn-north-4,Beijing 4,265
2025-12-19 18:35:23,cloudping Huawei,cn-north-9,Wulanchabu,304.5
2025-12-19 19:01:23,cloudping Huawei,la-north-2,"Mexico City 2, Mexico",145
2025-12-19 19:01:23,cloudping Huawei,na-mexico-1,"Mexico City 1, Mexico",187.5
2025-12-19 19:01:23,cloudping Huawei,ap-southeast-3,Singapore,195.5
2025-12-19 19:01:23,cloudping Huawei,ap-southeast-1,"Hong Kong, China",223.5
2025-12-19 19:01:23,cloudping Huawei,sa-brazil-1,"Sao Paulo, Brazil",227
2025-12-19 19:01:23,cloudping Huawei,la-south-2,"Santiago, Chile",237.5
2025-12-19 19:01:23,cloudping Huawei,af-south-1,"Johannesburg, South Africa",273
2025-12-19 19:01:23,cloudping Huawei,ap-southeast-2,"Bangkok, Thailand",274
2025-12-19 19:01:23,cloudping Huawei,la-north-2,"Mexico City 2, Mexico",145
2025-12-19 19:01:23,cloudping Huawei,na-mexico-1,"Mexico City 1, Mexico",187.5
2025-12-19 19:01:23,cloudping Huawei,ap-southeast-3,Singapore,195.5
2025-12-19 19:01:23,cloudping Huawei,ap-southeast-1,"Hong Kong, China",223.5
2025-12-19 19:01:23,cloudping Huawei,sa-brazil-1,"Sao Paulo, Brazil",227
2025-12-19 19:01:23,cloudping Huawei,la-south-2,"Santiago, Chile",237.5
2025-12-19 19:01:23,cloudping Huawei,af-south-1,"Johannesburg, South Africa",273
2025-12-19 19:01:23,cloudping Huawei,ap-southeast-2,"Bangkok, Thailand",274
2025-12-19 19:01:23,cloudping Huawei,cn-east-2,Shanghai 2,215
2025-12-19 19:01:23,cloudping Huawei,cn-north-1,Beijing 1,236
2025-12-19 19:01:23,cloudping Huawei,cn-southwest-2,Guiyang 1,236.5
2025-12-19 19:01:23,cloudping Huawei,cn-east-3,Shanghai 1,242.5
2025-12-19 19:01:23,cloudping Huawei,cn-north-4,Beijing 4,258.5
2025-12-19 19:01:23,cloudping Huawei,cn-north-9,Wulanchabu,293.5
2025-12-19 19:01:23,cloudping Huawei,cn-south-1,Guangzhou,565
2025-12-19 19:27:23,cloudping Huawei,la-north-2,"Mexico City 2, Mexico",145.5
2025-12-19 19:27:23,cloudping Huawei,na-mexico-1,"Mexico City 1, Mexico",148
2025-12-19 19:27:23,cloudping Huawei,ap-southeast-3,Singapore,186.5
2025-12-19 19:27:23,cloudping Huawei,ap-southeast-1,"Hong Kong, China",217
2025-12-19 19:27:23,cloudping Huawei,sa-brazil-1,"Sao Paulo, Brazil",232.5
2025-12-19 19:27:23,cloudping Huawei,la-south-2,"Santiago, Chile",238
2025-12-19 19:27:23,cloudping Huawei,ap-southeast-2,"Bangkok, Thailand",280
2025-12-19 19:27:23,cloudping Huawei,af-south-1,"Johannesburg, South Africa",354.5
2025-12-19 19:27:23,cloudping Huawei,la-north-2,"Mexico City 2, Mexico",145.5
2025-12-19 19:27:23,cloudping Huawei,na-mexico-1,"Mexico City 1, Mexico",148
2025-12-19 19:27:23,cloudping Huawei,ap-southeast-3,Singapore,186.5
2025-12-19 19:27:23,cloudping Huawei,ap-southeast-1,"Hong Kong, China",217
2025-12-19 19:27:23,cloudping Huawei,sa-brazil-1,"Sao Paulo, Brazil",232.5
2025-12-19 19:27:23,cloudping Huawei,la-south-2,"Santiago, Chile",238
2025-12-19 19:27:23,cloudping Huawei,ap-southeast-2,"Bangkok, Thailand",280
2025-12-19 19:27:23,cloudping Huawei,af-south-1,"Johannesburg, South Africa",354.5
2025-12-19 19:27:23,cloudping Huawei,cn-east-3,Shanghai 1,215
2025-12-19 19:27:23,cloudping Huawei,cn-south-1,Guangzhou,232.5
2025-12-19 19:27:23,cloudping Huawei,cn-north-1,Beijing 1,235
2025-12-19 19:27:23,cloudping Huawei,cn-east-2,Shanghai 2,242.5
2025-12-19 19:27:23,cloudping Huawei,cn-southwest-2,Guiyang 1,261
2025-12-19 19:27:23,cloudping Huawei,cn-north-9,Wulanchabu,275.5
2025-12-19 19:27:23,cloudping Huawei,cn-north-4,Beijing 4,276
2025-12-19 19:53:24,cloudping Huawei,na-mexico-1,"Mexico City 1, Mexico",146.5
2025-12-19 19:53:24,cloudping Huawei,la-north-2,"Mexico City 2, Mexico",148
2025-12-19 19:53:24,cloudping Huawei,ap-southeast-3,Singapore,189.5
2025-12-19 19:53:24,cloudping Huawei,sa-brazil-1,"Sao Paulo, Brazil",218
2025-12-19 19:53:24,cloudping Huawei,ap-southeast-1,"Hong Kong, China",222.5
2025-12-19 19:53:24,cloudping Huawei,af-south-1,"Johannesburg, South Africa",240
2025-12-19 19:53:24,cloudping Huawei,la-south-2,"Santiago, Chile",247
2025-12-19 19:53:24,cloudping Huawei,ap-southeast-2,"Bangkok, Thailand",252.5
2025-12-19 19:53:24,cloudping Huawei,na-mexico-1,"Mexico City 1, Mexico",146.5
2025-12-19 19:53:24,cloudping Huawei,la-north-2,"Mexico City 2, Mexico",148
2025-12-19 19:53:24,cloudping Huawei,ap-southeast-3,Singapore,189.5
2025-12-19 19:53:24,cloudping Huawei,sa-brazil-1,"Sao Paulo, Brazil",218
2025-12-19 19:53:24,cloudping Huawei,ap-southeast-1,"Hong Kong, China",222.5
2025-12-19 19:53:24,cloudping Huawei,af-south-1,"Johannesburg, South Africa",240
2025-12-19 19:53:24,cloudping Huawei,la-south-2,"Santiago, Chile",247
2025-12-19 19:53:24,cloudping Huawei,ap-southeast-2,"Bangkok, Thailand",252.5
2025-12-19 19:53:24,cloudping Huawei,cn-east-2,Shanghai 2,212.5
2025-12-19 19:53:24,cloudping Huawei,cn-east-3,Shanghai 1,227
2025-12-19 19:53:24,cloudping Huawei,cn-south-1,Guangzhou,228.5
2025-12-19 19:53:24,cloudping Huawei,cn-north-1,Beijing 1,240
2025-12-19 19:53:24,cloudping Huawei,cn-southwest-2,Guiyang 1,247
2025-12-19 19:53:24,cloudping Huawei,cn-north-4,Beijing 4,265.5
2025-12-19 19:53:24,cloudping Huawei,cn-north-9,Wulanchabu,286
2025-12-19 20:19:25,cloudping Huawei,la-north-2,"Mexico City 2, Mexico",146
2025-12-19 20:19:25,cloudping Huawei,na-mexico-1,"Mexico City 1, Mexico",146
2025-12-19 20:19:25,cloudping Huawei,ap-southeast-3,Singapore,190
2025-12-19 20:19:25,cloudping Huawei,ap-southeast-1,"Hong Kong, China",219
2025-12-19 20:19:25,cloudping Huawei,af-south-1,"Johannesburg, South Africa",226
2025-12-19 20:19:25,cloudping Huawei,la-south-2,"Santiago, Chile",236
2025-12-19 20:19:25,cloudping Huawei,ap-southeast-2,"Bangkok, Thailand",260
2025-12-19 20:19:25,cloudping Huawei,sa-brazil-1,"Sao Paulo, Brazil",311
2025-12-19 20:19:25,cloudping Huawei,la-north-2,"Mexico City 2, Mexico",146
2025-12-19 20:19:25,cloudping Huawei,na-mexico-1,"Mexico City 1, Mexico",146
2025-12-19 20:19:25,cloudping Huawei,ap-southeast-3,Singapore,190
2025-12-19 20:19:25,cloudping Huawei,ap-southeast-1,"Hong Kong, China",219
2025-12-19 20:19:25,cloudping Huawei,af-south-1,"Johannesburg, South Africa",226
2025-12-19 20:19:25,cloudping Huawei,la-south-2,"Santiago, Chile",236
2025-12-19 20:19:25,cloudping Huawei,ap-southeast-2,"Bangkok, Thailand",260
2025-12-19 20:19:25,cloudping Huawei,sa-brazil-1,"Sao Paulo, Brazil",311
2025-12-19 20:19:25,cloudping Huawei,cn-east-3,Shanghai 1,216.5
2025-12-19 20:19:25,cloudping Huawei,cn-east-2,Shanghai 2,217.5
2025-12-19 20:19:25,cloudping Huawei,cn-south-1,Guangzhou,230
2025-12-19 20:19:25,cloudping Huawei,cn-north-1,Beijing 1,234.5
2025-12-19 20:19:25,cloudping Huawei,cn-north-4,Beijing 4,255.5
2025-12-19 20:19:25,cloudping Huawei,cn-southwest-2,Guiyang 1,263
2025-12-19 20:19:25,cloudping Huawei,cn-north-9,Wulanchabu,275
2025-12-19 20:45:25,cloudping Huawei,la-north-2,"Mexico City 2, Mexico",145.5
2025-12-19 20:45:25,cloudping Huawei,na-mexico-1,"Mexico City 1, Mexico",146
2025-12-19 20:45:25,cloudping Huawei,ap-southeast-1,"Hong Kong, China",213
2025-12-19 20:45:25,cloudping Huawei,sa-brazil-1,"Sao Paulo, Brazil",224
2025-12-19 20:45:25,cloudping Huawei,ap-southeast-3,Singapore,229
2025-12-19 20:45:25,cloudping Huawei,ap-southeast-2,"Bangkok, Thailand",236.5
2025-12-19 20:45:25,cloudping Huawei,af-south-1,"Johannesburg, South Africa",239
2025-12-19 20:45:25,cloudping Huawei,la-south-2,"Santiago, Chile",329
2025-12-19 20:45:25,cloudping Huawei,la-north-2,"Mexico City 2, Mexico",145.5
2025-12-19 20:45:25,cloudping Huawei,na-mexico-1,"Mexico City 1, Mexico",146
2025-12-19 20:45:25,cloudping Huawei,ap-southeast-1,"Hong Kong, China",213
2025-12-19 20:45:25,cloudping Huawei,sa-brazil-1,"Sao Paulo, Brazil",224
2025-12-19 20:45:25,cloudping Huawei,ap-southeast-3,Singapore,229
2025-12-19 20:45:25,cloudping Huawei,ap-southeast-2,"Bangkok, Thailand",236.5
2025-12-19 20:45:25,cloudping Huawei,af-south-1,"Johannesburg, South Africa",239
2025-12-19 20:45:25,cloudping Huawei,la-south-2,"Santiago, Chile",329
2025-12-19 20:45:25,cloudping Huawei,cn-east-2,Shanghai 2,204
2025-12-19 20:45:25,cloudping Huawei,cn-east-3,Shanghai 1,220.5
2025-12-19 20:45:25,cloudping Huawei,cn-south-1,Guangzhou,233.5
2025-12-19 20:45:25,cloudping Huawei,cn-north-9,Wulanchabu,239
2025-12-19 20:45:25,cloudping Huawei,cn-southwest-2,Guiyang 1,249.5
2025-12-19 20:45:25,cloudping Huawei,cn-north-4,Beijing 4,257
2025-12-19 20:45:25,cloudping Huawei,cn-north-1,Beijing 1,288
2025-12-19 21:11:27,cloudping Huawei,la-north-2,"Mexico City 2, Mexico",144
2025-12-19 21:11:27,cloudping Huawei,na-mexico-1,"Mexico City 1, Mexico",146.5
2025-12-19 21:11:27,cloudping Huawei,ap-southeast-1,"Hong Kong, China",212.5
2025-12-19 21:11:27,cloudping Huawei,ap-southeast-3,Singapore,213.5
2025-12-19 21:11:27,cloudping Huawei,ap-southeast-2,"Bangkok, Thailand",240
2025-12-19 21:11:27,cloudping Huawei,sa-brazil-1,"Sao Paulo, Brazil",248
2025-12-19 21:11:27,cloudping Huawei,la-south-2,"Santiago, Chile",265.5
2025-12-19 21:11:27,cloudping Huawei,af-south-1,"Johannesburg, South Africa",288
2025-12-19 21:11:27,cloudping Huawei,la-north-2,"Mexico City 2, Mexico",144
2025-12-19 21:11:27,cloudping Huawei,na-mexico-1,"Mexico City 1, Mexico",146.5
2025-12-19 21:11:27,cloudping Huawei,ap-southeast-1,"Hong Kong, China",212.5
2025-12-19 21:11:27,cloudping Huawei,ap-southeast-3,Singapore,213.5
2025-12-19 21:11:27,cloudping Huawei,ap-southeast-2,"Bangkok, Thailand",240
2025-12-19 21:11:27,cloudping Huawei,sa-brazil-1,"Sao Paulo, Brazil",248
2025-12-19 21:11:27,cloudping Huawei,la-south-2,"Santiago, Chile",265.5
2025-12-19 21:11:27,cloudping Huawei,af-south-1,"Johannesburg, South Africa",288
2025-12-19 21:11:27,cloudping Huawei,cn-north-1,Beijing 1,192.5
2025-12-19 21:11:27,cloudping Huawei,cn-east-3,Shanghai 1,214
2025-12-19 21:11:27,cloudping Huawei,cn-north-4,Beijing 4,216.5
2025-12-19 21:11:27,cloudping Huawei,cn-east-2,Shanghai 2,229
2025-12-19 21:11:27,cloudping Huawei,cn-south-1,Guangzhou,235
2025-12-19 21:11:27,cloudping Huawei,cn-southwest-2,Guiyang 1,261.5
2025-12-19 21:11:27,cloudping Huawei,cn-north-9,Wulanchabu,274
2025-12-19 21:37:26,cloudping Huawei,la-north-2,"Mexico City 2, Mexico",146
2025-12-19 21:37:26,cloudping Huawei,na-mexico-1,"Mexico City 1, Mexico",151
2025-12-19 21:37:26,cloudping Huawei,ap-southeast-3,Singapore,193
2025-12-19 21:37:26,cloudping Huawei,ap-southeast-1,"Hong Kong, China",218
2025-12-19 21:37:26,cloudping Huawei,sa-brazil-1,"Sao Paulo, Brazil",230.5
2025-12-19 21:37:26,cloudping Huawei,la-south-2,"Santiago, Chile",237.5
2025-12-19 21:37:26,cloudping Huawei,ap-southeast-2,"Bangkok, Thailand",249.5
2025-12-19 21:37:26,cloudping Huawei,af-south-1,"Johannesburg, South Africa",278.5
2025-12-19 21:37:26,cloudping Huawei,la-north-2,"Mexico City 2, Mexico",146
2025-12-19 21:37:26,cloudping Huawei,na-mexico-1,"Mexico City 1, Mexico",151
2025-12-19 21:37:26,cloudping Huawei,ap-southeast-3,Singapore,193
2025-12-19 21:37:26,cloudping Huawei,ap-southeast-1,"Hong Kong, China",218
2025-12-19 21:37:26,cloudping Huawei,sa-brazil-1,"Sao Paulo, Brazil",230.5
2025-12-19 21:37:26,cloudping Huawei,la-south-2,"Santiago, Chile",237.5
2025-12-19 21:37:26,cloudping Huawei,ap-southeast-2,"Bangkok, Thailand",249.5
2025-12-19 21:37:26,cloudping Huawei,af-south-1,"Johannesburg, South Africa",278.5
2025-12-19 21:37:26,cloudping Huawei,cn-east-2,Shanghai 2,199
2025-12-19 21:37:26,cloudping Huawei,cn-north-4,Beijing 4,219.5
2025-12-19 21:37:26,cloudping Huawei,cn-south-1,Guangzhou,226
2025-12-19 21:37:26,cloudping Huawei,cn-north-1,Beijing 1,231.5
2025-12-19 21:37:26,cloudping Huawei,cn-southwest-2,Guiyang 1,269.5
2025-12-19 21:37:26,cloudping Huawei,cn-east-3,Shanghai 1,312.5
2025-12-19 21:37:26,cloudping Huawei,cn-north-9,Wulanchabu,1016
2025-12-19 22:03:26,cloudping Huawei,la-north-2,"Mexico City 2, Mexico",171.5
2025-12-19 22:03:26,cloudping Huawei,ap-southeast-3,Singapore,189.5
2025-12-19 22:03:26,cloudping Huawei,sa-brazil-1,"Sao Paulo, Brazil",225.5
2025-12-19 22:03:26,cloudping Huawei,ap-southeast-1,"Hong Kong, China",230.5
2025-12-19 22:03:26,cloudping Huawei,ap-southeast-2,"Bangkok, Thailand",235.5
2025-12-19 22:03:26,cloudping Huawei,la-south-2,"Santiago, Chile",245.5
2025-12-19 22:03:26,cloudping Huawei,af-south-1,"Johannesburg, South Africa",255
2025-12-19 22:03:26,cloudping Huawei,na-mexico-1,"Mexico City 1, Mexico",328
2025-12-19 22:03:26,cloudping Huawei,la-north-2,"Mexico City 2, Mexico",171.5
2025-12-19 22:03:26,cloudping Huawei,ap-southeast-3,Singapore,189.5
2025-12-19 22:03:26,cloudping Huawei,sa-brazil-1,"Sao Paulo, Brazil",225.5
2025-12-19 22:03:26,cloudping Huawei,ap-southeast-1,"Hong Kong, China",230.5
2025-12-19 22:03:26,cloudping Huawei,ap-southeast-2,"Bangkok, Thailand",235.5
2025-12-19 22:03:26,cloudping Huawei,la-south-2,"Santiago, Chile",245.5
2025-12-19 22:03:26,cloudping Huawei,af-south-1,"Johannesburg, South Africa",255
2025-12-19 22:03:26,cloudping Huawei,na-mexico-1,"Mexico City 1, Mexico",328
2025-12-19 22:03:26,cloudping Huawei,cn-north-1,Beijing 1,194
2025-12-19 22:03:26,cloudping Huawei,cn-south-1,Guangzhou,486.5
2025-12-19 22:03:26,cloudping Huawei,cn-southwest-2,Guiyang 1,507
2025-12-19 22:03:26,cloudping Huawei,cn-east-3,Shanghai 1,508
2025-12-19 22:03:26,cloudping Huawei,cn-north-4,Beijing 4,587.5
2025-12-19 22:03:26,cloudping Huawei,cn-east-2,Shanghai 2,755
2025-12-19 22:03:26,cloudping Huawei,cn-north-9,Wulanchabu,794
2025-12-19 22:29:27,cloudping Huawei,la-north-2,"Mexico City 2, Mexico",146
2025-12-19 22:29:27,cloudping Huawei,na-mexico-1,"Mexico City 1, Mexico",154
2025-12-19 22:29:27,cloudping Huawei,ap-southeast-3,Singapore,191.5
2025-12-19 22:29:27,cloudping Huawei,ap-southeast-1,"Hong Kong, China",215
2025-12-19 22:29:27,cloudping Huawei,sa-brazil-1,"Sao Paulo, Brazil",228.5
2025-12-19 22:29:27,cloudping Huawei,af-south-1,"Johannesburg, South Africa",231
2025-12-19 22:29:27,cloudping Huawei,la-south-2,"Santiago, Chile",237.5
2025-12-19 22:29:27,cloudping Huawei,ap-southeast-2,"Bangkok, Thailand",238
2025-12-19 22:29:27,cloudping Huawei,la-north-2,"Mexico City 2, Mexico",146
2025-12-19 22:29:27,cloudping Huawei,na-mexico-1,"Mexico City 1, Mexico",154
2025-12-19 22:29:27,cloudping Huawei,ap-southeast-3,Singapore,191.5
2025-12-19 22:29:27,cloudping Huawei,ap-southeast-1,"Hong Kong, China",215
2025-12-19 22:29:27,cloudping Huawei,sa-brazil-1,"Sao Paulo, Brazil",228.5
2025-12-19 22:29:27,cloudping Huawei,af-south-1,"Johannesburg, South Africa",231
2025-12-19 22:29:27,cloudping Huawei,la-south-2,"Santiago, Chile",237.5
2025-12-19 22:29:27,cloudping Huawei,ap-southeast-2,"Bangkok, Thailand",238
2025-12-19 22:29:27,cloudping Huawei,cn-east-3,Shanghai 1,206.5
2025-12-19 22:29:27,cloudping Huawei,cn-north-1,Beijing 1,227
2025-12-19 22:29:27,cloudping Huawei,cn-north-9,Wulanchabu,228
2025-12-19 22:29:27,cloudping Huawei,cn-south-1,Guangzhou,234
2025-12-19 22:29:27,cloudping Huawei,cn-east-2,Shanghai 2,250.5
2025-12-19 22:29:27,cloudping Huawei,cn-north-4,Beijing 4,259
2025-12-19 22:29:27,cloudping Huawei,cn-southwest-2,Guiyang 1,282
2025-12-19 22:55:28,cloudping Huawei,la-north-2,"Mexico City 2, Mexico",146.5
2025-12-19 22:55:28,cloudping Huawei,na-mexico-1,"Mexico City 1, Mexico",174.5
2025-12-19 22:55:28,cloudping Huawei,ap-southeast-1,"Hong Kong, China",220
2025-12-19 22:55:28,cloudping Huawei,af-south-1,"Johannesburg, South Africa",228
2025-12-19 22:55:28,cloudping Huawei,sa-brazil-1,"Sao Paulo, Brazil",229
2025-12-19 22:55:28,cloudping Huawei,ap-southeast-2,"Bangkok, Thailand",234
2025-12-19 22:55:28,cloudping Huawei,la-south-2,"Santiago, Chile",236.5
2025-12-19 22:55:28,cloudping Huawei,ap-southeast-3,Singapore,261.5
2025-12-19 22:55:28,cloudping Huawei,la-north-2,"Mexico City 2, Mexico",146.5
2025-12-19 22:55:28,cloudping Huawei,na-mexico-1,"Mexico City 1, Mexico",174.5
2025-12-19 22:55:28,cloudping Huawei,ap-southeast-1,"Hong Kong, China",220
2025-12-19 22:55:28,cloudping Huawei,af-south-1,"Johannesburg, South Africa",228
2025-12-19 22:55:28,cloudping Huawei,sa-brazil-1,"Sao Paulo, Brazil",229
2025-12-19 22:55:28,cloudping Huawei,ap-southeast-2,"Bangkok, Thailand",234
2025-12-19 22:55:28,cloudping Huawei,la-south-2,"Santiago, Chile",236.5
2025-12-19 22:55:28,cloudping Huawei,ap-southeast-3,Singapore,261.5
2025-12-19 22:55:28,cloudping Huawei,cn-east-3,Shanghai 1,206.5
2025-12-19 22:55:28,cloudping Huawei,cn-north-9,Wulanchabu,223
2025-12-19 22:55:28,cloudping Huawei,cn-east-2,Shanghai 2,226
2025-12-19 22:55:28,cloudping Huawei,cn-north-1,Beijing 1,228
2025-12-19 22:55:28,cloudping Huawei,cn-south-1,Guangzhou,230.5
2025-12-19 22:55:28,cloudping Huawei,cn-north-4,Beijing 4,264
2025-12-19 22:55:28,cloudping Huawei,cn-southwest-2,Guiyang 1,299.5
2025-12-19 23:21:27,cloudping Huawei,la-north-2,"Mexico City 2, Mexico",144.5
2025-12-19 23:21:27,cloudping Huawei,na-mexico-1,"Mexico City 1, Mexico",147.5
2025-12-19 23:21:27,cloudping Huawei,ap-southeast-3,Singapore,191.5
2025-12-19 23:21:27,cloudping Huawei,af-south-1,"Johannesburg, South Africa",235
2025-12-19 23:21:27,cloudping Huawei,ap-southeast-2,"Bangkok, Thailand",240.5
2025-12-19 23:21:27,cloudping Huawei,la-south-2,"Santiago, Chile",252.5
2025-12-19 23:21:27,cloudping Huawei,ap-southeast-1,"Hong Kong, China",268.5
2025-12-19 23:21:27,cloudping Huawei,sa-brazil-1,"Sao Paulo, Brazil",272.5
2025-12-19 23:21:27,cloudping Huawei,la-north-2,"Mexico City 2, Mexico",144.5
2025-12-19 23:21:27,cloudping Huawei,na-mexico-1,"Mexico City 1, Mexico",147.5
2025-12-19 23:21:27,cloudping Huawei,ap-southeast-3,Singapore,191.5
2025-12-19 23:21:27,cloudping Huawei,af-south-1,"Johannesburg, South Africa",235
2025-12-19 23:21:27,cloudping Huawei,ap-southeast-2,"Bangkok, Thailand",240.5
2025-12-19 23:21:27,cloudping Huawei,la-south-2,"Santiago, Chile",252.5
2025-12-19 23:21:27,cloudping Huawei,ap-southeast-1,"Hong Kong, China",268.5
2025-12-19 23:21:27,cloudping Huawei,sa-brazil-1,"Sao Paulo, Brazil",272.5
2025-12-19 23:21:27,cloudping Huawei,cn-east-3,Shanghai 1,215.5
2025-12-19 23:21:27,cloudping Huawei,cn-east-2,Shanghai 2,218
2025-12-19 23:21:27,cloudping Huawei,cn-south-1,Guangzhou,235.5
2025-12-19 23:21:27,cloudping Huawei,cn-north-1,Beijing 1,244
2025-12-19 23:21:27,cloudping Huawei,cn-north-4,Beijing 4,251.5
2025-12-19 23:21:27,cloudping Huawei,cn-southwest-2,Guiyang 1,256
2025-12-19 23:21:27,cloudping Huawei,cn-north-9,Wulanchabu,267
2025-12-19 23:47:28,cloudping Huawei,la-north-2,"Mexico City 2, Mexico",153
2025-12-19 23:47:28,cloudping Huawei,na-mexico-1,"Mexico City 1, Mexico",153
2025-12-19 23:47:28,cloudping Huawei,ap-southeast-3,Singapore,198
2025-12-19 23:47:28,cloudping Huawei,ap-southeast-1,"Hong Kong, China",219
2025-12-19 23:47:28,cloudping Huawei,sa-brazil-1,"Sao Paulo, Brazil",229.5
2025-12-19 23:47:28,cloudping Huawei,ap-southeast-2,"Bangkok, Thailand",243.5
2025-12-19 23:47:28,cloudping Huawei,af-south-1,"Johannesburg, South Africa",244
2025-12-19 23:47:28,cloudping Huawei,la-south-2,"Santiago, Chile",523
2025-12-19 23:47:28,cloudping Huawei,la-north-2,"Mexico City 2, Mexico",153
2025-12-19 23:47:28,cloudping Huawei,na-mexico-1,"Mexico City 1, Mexico",153
2025-12-19 23:47:28,cloudping Huawei,ap-southeast-3,Singapore,198
2025-12-19 23:47:28,cloudping Huawei,ap-southeast-1,"Hong Kong, China",219
2025-12-19 23:47:28,cloudping Huawei,sa-brazil-1,"Sao Paulo, Brazil",229.5
2025-12-19 23:47:28,cloudping Huawei,ap-southeast-2,"Bangkok, Thailand",243.5
2025-12-19 23:47:28,cloudping Huawei,af-south-1,"Johannesburg, South Africa",244
2025-12-19 23:47:28,cloudping Huawei,la-south-2,"Santiago, Chile",523
2025-12-19 23:47:28,cloudping Huawei,cn-east-2,Shanghai 2,245.5
2025-12-19 23:47:28,cloudping Huawei,cn-east-3,Shanghai 1,434
2025-12-19 23:47:28,cloudping Huawei,cn-south-1,Guangzhou,467
2025-12-19 23:47:28,cloudping Huawei,cn-southwest-2,Guiyang 1,510.5
2025-12-19 23:47:28,cloudping Huawei,cn-north-4,Beijing 4,519.5
2025-12-19 23:47:28,cloudping Huawei,cn-north-9,Wulanchabu,530.5
2025-12-19 23:47:28,cloudping Huawei,cn-north-1,Beijing 1,580
2025-12-20 00:13:29,cloudping Huawei,na-mexico-1,"Mexico City 1, Mexico",144.5
2025-12-20 00:13:29,cloudping Huawei,la-north-2,"Mexico City 2, Mexico",155.5
2025-12-20 00:13:29,cloudping Huawei,ap-southeast-3,Singapore,190.5
2025-12-20 00:13:29,cloudping Huawei,ap-southeast-1,"Hong Kong, China",223.5
2025-12-20 00:13:29,cloudping Huawei,af-south-1,"Johannesburg, South Africa",227
2025-12-20 00:13:29,cloudping Huawei,la-south-2,"Santiago, Chile",235
2025-12-20 00:13:29,cloudping Huawei,ap-southeast-2,"Bangkok, Thailand",237.5
2025-12-20 00:13:29,cloudping Huawei,sa-brazil-1,"Sao Paulo, Brazil",256.5
2025-12-20 00:13:29,cloudping Huawei,na-mexico-1,"Mexico City 1, Mexico",144.5
2025-12-20 00:13:29,cloudping Huawei,la-north-2,"Mexico City 2, Mexico",155.5
2025-12-20 00:13:29,cloudping Huawei,ap-southeast-3,Singapore,190.5
2025-12-20 00:13:29,cloudping Huawei,ap-southeast-1,"Hong Kong, China",223.5
2025-12-20 00:13:29,cloudping Huawei,af-south-1,"Johannesburg, South Africa",227
2025-12-20 00:13:29,cloudping Huawei,la-south-2,"Santiago, Chile",235
2025-12-20 00:13:29,cloudping Huawei,ap-southeast-2,"Bangkok, Thailand",237.5
2025-12-20 00:13:29,cloudping Huawei,sa-brazil-1,"Sao Paulo, Brazil",256.5
2025-12-20 00:13:29,cloudping Huawei,cn-east-2,Shanghai 2,208.5
2025-12-20 00:13:29,cloudping Huawei,cn-north-1,Beijing 1,232
2025-12-20 00:13:29,cloudping Huawei,cn-south-1,Guangzhou,239.5
2025-12-20 00:13:29,cloudping Huawei,cn-east-3,Shanghai 1,248.5
2025-12-20 00:13:29,cloudping Huawei,cn-north-4,Beijing 4,255.5
2025-12-20 00:13:29,cloudping Huawei,cn-southwest-2,Guiyang 1,261.5
2025-12-20 00:13:29,cloudping Huawei,cn-north-9,Wulanchabu,310.5
2025-12-20 00:39:29,cloudping Huawei,na-mexico-1,"Mexico City 1, Mexico",145.5
2025-12-20 00:39:29,cloudping Huawei,la-north-2,"Mexico City 2, Mexico",147.5
2025-12-20 00:39:29,cloudping Huawei,ap-southeast-3,Singapore,187
2025-12-20 00:39:29,cloudping Huawei,sa-brazil-1,"Sao Paulo, Brazil",224.5
2025-12-20 00:39:29,cloudping Huawei,af-south-1,"Johannesburg, South Africa",224.5
2025-12-20 00:39:29,cloudping Huawei,ap-southeast-1,"Hong Kong, China",226
2025-12-20 00:39:29,cloudping Huawei,ap-southeast-2,"Bangkok, Thailand",236.5
2025-12-20 00:39:29,cloudping Huawei,la-south-2,"Santiago, Chile",260
2025-12-20 00:39:29,cloudping Huawei,na-mexico-1,"Mexico City 1, Mexico",145.5
2025-12-20 00:39:29,cloudping Huawei,la-north-2,"Mexico City 2, Mexico",147.5
2025-12-20 00:39:29,cloudping Huawei,ap-southeast-3,Singapore,187
2025-12-20 00:39:29,cloudping Huawei,sa-brazil-1,"Sao Paulo, Brazil",224.5
2025-12-20 00:39:29,cloudping Huawei,af-south-1,"Johannesburg, South Africa",224.5
2025-12-20 00:39:29,cloudping Huawei,ap-southeast-1,"Hong Kong, China",226
2025-12-20 00:39:29,cloudping Huawei,ap-southeast-2,"Bangkok, Thailand",236.5
2025-12-20 00:39:29,cloudping Huawei,la-south-2,"Santiago, Chile",260
2025-12-20 00:39:29,cloudping Huawei,cn-east-2,Shanghai 2,218
2025-12-20 00:39:29,cloudping Huawei,cn-east-3,Shanghai 1,439
2025-12-20 00:39:29,cloudping Huawei,cn-south-1,Guangzhou,447.5
2025-12-20 00:39:29,cloudping Huawei,cn-north-9,Wulanchabu,465.5
2025-12-20 00:39:29,cloudping Huawei,cn-southwest-2,Guiyang 1,514
2025-12-20 00:39:29,cloudping Huawei,cn-north-4,Beijing 4,515
2025-12-20 00:39:29,cloudping Huawei,cn-north-1,Beijing 1,550
2025-12-20 01:05:29,cloudping Huawei,na-mexico-1,"Mexico City 1, Mexico",149.5
2025-12-20 01:05:29,cloudping Huawei,la-north-2,"Mexico City 2, Mexico",166
2025-12-20 01:05:29,cloudping Huawei,ap-southeast-3,Singapore,189
2025-12-20 01:05:29,cloudping Huawei,ap-southeast-1,"Hong Kong, China",217.5
2025-12-20 01:05:29,cloudping Huawei,sa-brazil-1,"Sao Paulo, Brazil",230
2025-12-20 01:05:29,cloudping Huawei,af-south-1,"Johannesburg, South Africa",246
2025-12-20 01:05:29,cloudping Huawei,la-south-2,"Santiago, Chile",252.5
2025-12-20 01:05:29,cloudping Huawei,ap-southeast-2,"Bangkok, Thailand",299
2025-12-20 01:05:29,cloudping Huawei,na-mexico-1,"Mexico City 1, Mexico",149.5
2025-12-20 01:05:29,cloudping Huawei,la-north-2,"Mexico City 2, Mexico",166
2025-12-20 01:05:29,cloudping Huawei,ap-southeast-3,Singapore,189
2025-12-20 01:05:29,cloudping Huawei,ap-southeast-1,"Hong Kong, China",217.5
2025-12-20 01:05:29,cloudping Huawei,sa-brazil-1,"Sao Paulo, Brazil",230
2025-12-20 01:05:29,cloudping Huawei,af-south-1,"Johannesburg, South Africa",246
2025-12-20 01:05:29,cloudping Huawei,la-south-2,"Santiago, Chile",252.5
2025-12-20 01:05:29,cloudping Huawei,ap-southeast-2,"Bangkok, Thailand",299
2025-12-20 01:05:29,cloudping Huawei,cn-east-2,Shanghai 2,204.5
2025-12-20 01:05:29,cloudping Huawei,cn-east-3,Shanghai 1,219.5
2025-12-20 01:05:29,cloudping Huawei,cn-north-4,Beijing 4,224.5
2025-12-20 01:05:29,cloudping Huawei,cn-north-9,Wulanchabu,234.5
2025-12-20 01:05:29,cloudping Huawei,cn-south-1,Guangzhou,244.5
2025-12-20 01:05:29,cloudping Huawei,cn-southwest-2,Guiyang 1,264.5
2025-12-20 01:05:29,cloudping Huawei,cn-north-1,Beijing 1,583
2025-12-20 01:31:30,cloudping Huawei,na-mexico-1,"Mexico City 1, Mexico",146.5
2025-12-20 01:31:30,cloudping Huawei,la-north-2,"Mexico City 2, Mexico",150
2025-12-20 01:31:30,cloudping Huawei,ap-southeast-3,Singapore,197.5
2025-12-20 01:31:30,cloudping Huawei,ap-southeast-1,"Hong Kong, China",213.5
2025-12-20 01:31:30,cloudping Huawei,sa-brazil-1,"Sao Paulo, Brazil",228
2025-12-20 01:31:30,cloudping Huawei,la-south-2,"Santiago, Chile",238
2025-12-20 01:31:30,cloudping Huawei,ap-southeast-2,"Bangkok, Thailand",238.5
2025-12-20 01:31:30,cloudping Huawei,af-south-1,"Johannesburg, South Africa",295.5
2025-12-20 01:31:30,cloudping Huawei,na-mexico-1,"Mexico City 1, Mexico",146.5
2025-12-20 01:31:30,cloudping Huawei,la-north-2,"Mexico City 2, Mexico",150
2025-12-20 01:31:30,cloudping Huawei,ap-southeast-3,Singapore,197.5
2025-12-20 01:31:30,cloudping Huawei,ap-southeast-1,"Hong Kong, China",213.5
2025-12-20 01:31:30,cloudping Huawei,sa-brazil-1,"Sao Paulo, Brazil",228
2025-12-20 01:31:30,cloudping Huawei,la-south-2,"Santiago, Chile",238
2025-12-20 01:31:30,cloudping Huawei,ap-southeast-2,"Bangkok, Thailand",238.5
2025-12-20 01:31:30,cloudping Huawei,af-south-1,"Johannesburg, South Africa",295.5
2025-12-20 01:31:30,cloudping Huawei,cn-east-2,Shanghai 2,217.5
2025-12-20 01:31:30,cloudping Huawei,cn-east-3,Shanghai 1,218
2025-12-20 01:31:30,cloudping Huawei,cn-north-1,Beijing 1,433.5
2025-12-20 01:31:30,cloudping Huawei,cn-south-1,Guangzhou,467
2025-12-20 01:31:30,cloudping Huawei,cn-north-9,Wulanchabu,481
2025-12-20 01:31:30,cloudping Huawei,cn-southwest-2,Guiyang 1,500
2025-12-20 01:31:30,cloudping Huawei,cn-north-4,Beijing 4,580.5
2025-12-20 01:57:30,cloudping Huawei,na-mexico-1,"Mexico City 1, Mexico",145.5
2025-12-20 01:57:30,cloudping Huawei,la-north-2,"Mexico City 2, Mexico",154
2025-12-20 01:57:30,cloudping Huawei,ap-southeast-3,Singapore,186
2025-12-20 01:57:30,cloudping Huawei,ap-southeast-1,"Hong Kong, China",219
2025-12-20 01:57:30,cloudping Huawei,sa-brazil-1,"Sao Paulo, Brazil",224
2025-12-20 01:57:30,cloudping Huawei,la-south-2,"Santiago, Chile",231.5
2025-12-20 01:57:30,cloudping Huawei,ap-southeast-2,"Bangkok, Thailand",240.5
2025-12-20 01:57:30,cloudping Huawei,af-south-1,"Johannesburg, South Africa",297
2025-12-20 01:57:30,cloudping Huawei,na-mexico-1,"Mexico City 1, Mexico",145.5
2025-12-20 01:57:30,cloudping Huawei,la-north-2,"Mexico City 2, Mexico",154
2025-12-20 01:57:30,cloudping Huawei,ap-southeast-3,Singapore,186
2025-12-20 01:57:30,cloudping Huawei,ap-southeast-1,"Hong Kong, China",219
2025-12-20 01:57:30,cloudping Huawei,sa-brazil-1,"Sao Paulo, Brazil",224
2025-12-20 01:57:30,cloudping Huawei,la-south-2,"Santiago, Chile",231.5
2025-12-20 01:57:30,cloudping Huawei,ap-southeast-2,"Bangkok, Thailand",240.5
2025-12-20 01:57:30,cloudping Huawei,af-south-1,"Johannesburg, South Africa",297
2025-12-20 01:57:30,cloudping Huawei,cn-north-1,Beijing 1,184
2025-12-20 01:57:30,cloudping Huawei,cn-north-4,Beijing 4,222.5
2025-12-20 01:57:30,cloudping Huawei,cn-east-3,Shanghai 1,228
2025-12-20 01:57:30,cloudping Huawei,cn-north-9,Wulanchabu,229
2025-12-20 01:57:30,cloudping Huawei,cn-east-2,Shanghai 2,245.5
2025-12-20 01:57:30,cloudping Huawei,cn-south-1,Guangzhou,245.5
2025-12-20 01:57:30,cloudping Huawei,cn-southwest-2,Guiyang 1,381
2025-12-20 02:23:31,cloudping Huawei,la-north-2,"Mexico City 2, Mexico",149
2025-12-20 02:23:31,cloudping Huawei,na-mexico-1,"Mexico City 1, Mexico",150.5
2025-12-20 02:23:31,cloudping Huawei,ap-southeast-3,Singapore,191.5
2025-12-20 02:23:31,cloudping Huawei,ap-southeast-1,"Hong Kong, China",218
2025-12-20 02:23:31,cloudping Huawei,sa-brazil-1,"Sao Paulo, Brazil",229
2025-12-20 02:23:31,cloudping Huawei,ap-southeast-2,"Bangkok, Thailand",243.5
2025-12-20 02:23:31,cloudping Huawei,la-south-2,"Santiago, Chile",261
2025-12-20 02:23:31,cloudping Huawei,af-south-1,"Johannesburg, South Africa",369
2025-12-20 02:23:31,cloudping Huawei,la-north-2,"Mexico City 2, Mexico",149
2025-12-20 02:23:31,cloudping Huawei,na-mexico-1,"Mexico City 1, Mexico",150.5
2025-12-20 02:23:31,cloudping Huawei,ap-southeast-3,Singapore,191.5
2025-12-20 02:23:31,cloudping Huawei,ap-southeast-1,"Hong Kong, China",218
2025-12-20 02:23:31,cloudping Huawei,sa-brazil-1,"Sao Paulo, Brazil",229
2025-12-20 02:23:31,cloudping Huawei,ap-southeast-2,"Bangkok, Thailand",243.5
2025-12-20 02:23:31,cloudping Huawei,la-south-2,"Santiago, Chile",261
2025-12-20 02:23:31,cloudping Huawei,af-south-1,"Johannesburg, South Africa",369
2025-12-20 02:23:31,cloudping Huawei,cn-south-1,Guangzhou,222
2025-12-20 02:23:31,cloudping Huawei,cn-southwest-2,Guiyang 1,240
2025-12-20 02:23:31,cloudping Huawei,cn-east-3,Shanghai 1,247.5
2025-12-20 02:23:31,cloudping Huawei,cn-east-2,Shanghai 2,254
2025-12-20 02:23:31,cloudping Huawei,cn-north-4,Beijing 4,460.5
2025-12-20 02:23:31,cloudping Huawei,cn-north-1,Beijing 1,496
2025-12-20 02:23:31,cloudping Huawei,cn-north-9,Wulanchabu,548.5
2025-12-20 02:49:39,cloudping Huawei,na-mexico-1,"Mexico City 1, Mexico",144
2025-12-20 02:49:39,cloudping Huawei,ap-southeast-3,Singapore,190
2025-12-20 02:49:39,cloudping Huawei,la-north-2,"Mexico City 2, Mexico",196
2025-12-20 02:49:39,cloudping Huawei,ap-southeast-1,"Hong Kong, China",213.5
2025-12-20 02:49:39,cloudping Huawei,la-south-2,"Santiago, Chile",231.5
2025-12-20 02:49:39,cloudping Huawei,af-south-1,"Johannesburg, South Africa",232
2025-12-20 02:49:39,cloudping Huawei,sa-brazil-1,"Sao Paulo, Brazil",236
2025-12-20 02:49:39,cloudping Huawei,ap-southeast-2,"Bangkok, Thailand",237
2025-12-20 02:49:39,cloudping Huawei,na-mexico-1,"Mexico City 1, Mexico",144
2025-12-20 02:49:39,cloudping Huawei,ap-southeast-3,Singapore,190
2025-12-20 02:49:39,cloudping Huawei,la-north-2,"Mexico City 2, Mexico",196
2025-12-20 02:49:39,cloudping Huawei,ap-southeast-1,"Hong Kong, China",213.5
2025-12-20 02:49:39,cloudping Huawei,la-south-2,"Santiago, Chile",231.5
2025-12-20 02:49:39,cloudping Huawei,af-south-1,"Johannesburg, South Africa",232
2025-12-20 02:49:39,cloudping Huawei,sa-brazil-1,"Sao Paulo, Brazil",236
2025-12-20 02:49:39,cloudping Huawei,ap-southeast-2,"Bangkok, Thailand",237
2025-12-20 02:49:39,cloudping Huawei,cn-east-2,Shanghai 2,210
2025-12-20 02:49:39,cloudping Huawei,cn-east-3,Shanghai 1,453.5
2025-12-20 02:49:39,cloudping Huawei,cn-north-1,Beijing 1,471
2025-12-20 02:49:39,cloudping Huawei,cn-southwest-2,Guiyang 1,477
2025-12-20 02:49:39,cloudping Huawei,cn-north-9,Wulanchabu,489.5
2025-12-20 02:49:39,cloudping Huawei,cn-south-1,Guangzhou,516.5
2025-12-20 02:49:39,cloudping Huawei,cn-north-4,Beijing 4,534
2025-12-20 03:15:31,cloudping Huawei,la-north-2,"Mexico City 2, Mexico",146
2025-12-20 03:15:31,cloudping Huawei,na-mexico-1,"Mexico City 1, Mexico",146
2025-12-20 03:15:31,cloudping Huawei,ap-southeast-3,Singapore,187
2025-12-20 03:15:31,cloudping Huawei,sa-brazil-1,"Sao Paulo, Brazil",224.5
2025-12-20 03:15:31,cloudping Huawei,ap-southeast-1,"Hong Kong, China",231
2025-12-20 03:15:31,cloudping Huawei,la-south-2,"Santiago, Chile",236.5
2025-12-20 03:15:31,cloudping Huawei,af-south-1,"Johannesburg, South Africa",245
2025-12-20 03:15:31,cloudping Huawei,ap-southeast-2,"Bangkok, Thailand",258.5
2025-12-20 03:15:31,cloudping Huawei,la-north-2,"Mexico City 2, Mexico",146
2025-12-20 03:15:31,cloudping Huawei,na-mexico-1,"Mexico City 1, Mexico",146
2025-12-20 03:15:31,cloudping Huawei,ap-southeast-3,Singapore,187
2025-12-20 03:15:31,cloudping Huawei,sa-brazil-1,"Sao Paulo, Brazil",224.5
2025-12-20 03:15:31,cloudping Huawei,ap-southeast-1,"Hong Kong, China",231
2025-12-20 03:15:31,cloudping Huawei,la-south-2,"Santiago, Chile",236.5
2025-12-20 03:15:31,cloudping Huawei,af-south-1,"Johannesburg, South Africa",245
2025-12-20 03:15:31,cloudping Huawei,ap-southeast-2,"Bangkok, Thailand",258.5
2025-12-20 03:15:31,cloudping Huawei,cn-east-3,Shanghai 1,254.5
2025-12-20 03:15:31,cloudping Huawei,cn-southwest-2,Guiyang 1,331
2025-12-20 03:15:31,cloudping Huawei,cn-east-2,Shanghai 2,447.5
2025-12-20 03:15:31,cloudping Huawei,cn-south-1,Guangzhou,485
2025-12-20 03:15:31,cloudping Huawei,cn-north-1,Beijing 1,490.5
2025-12-20 03:15:31,cloudping Huawei,cn-north-4,Beijing 4,493
2025-12-20 03:15:31,cloudping Huawei,cn-north-9,Wulanchabu,639
2025-12-20 03:41:34,cloudping Huawei,na-mexico-1,"Mexico City 1, Mexico",146
2025-12-20 03:41:34,cloudping Huawei,la-north-2,"Mexico City 2, Mexico",150.5
2025-12-20 03:41:34,cloudping Huawei,ap-southeast-3,Singapore,193.5
2025-12-20 03:41:34,cloudping Huawei,ap-southeast-1,"Hong Kong, China",214
2025-12-20 03:41:34,cloudping Huawei,sa-brazil-1,"Sao Paulo, Brazil",233
2025-12-20 03:41:34,cloudping Huawei,la-south-2,"Santiago, Chile",238.5
2025-12-20 03:41:34,cloudping Huawei,ap-southeast-2,"Bangkok, Thailand",241.5
2025-12-20 03:41:34,cloudping Huawei,af-south-1,"Johannesburg, South Africa",251
2025-12-20 03:41:34,cloudping Huawei,na-mexico-1,"Mexico City 1, Mexico",146
2025-12-20 03:41:34,cloudping Huawei,la-north-2,"Mexico City 2, Mexico",150.5
2025-12-20 03:41:34,cloudping Huawei,ap-southeast-3,Singapore,193.5
2025-12-20 03:41:34,cloudping Huawei,ap-southeast-1,"Hong Kong, China",214
2025-12-20 03:41:34,cloudping Huawei,sa-brazil-1,"Sao Paulo, Brazil",233
2025-12-20 03:41:34,cloudping Huawei,la-south-2,"Santiago, Chile",238.5
2025-12-20 03:41:34,cloudping Huawei,ap-southeast-2,"Bangkok, Thailand",241.5
2025-12-20 03:41:34,cloudping Huawei,af-south-1,"Johannesburg, South Africa",251
2025-12-20 03:41:34,cloudping Huawei,cn-east-2,Shanghai 2,220.5
2025-12-20 03:41:34,cloudping Huawei,cn-southwest-2,Guiyang 1,241
2025-12-20 03:41:34,cloudping Huawei,cn-north-1,Beijing 1,454.5
2025-12-20 03:41:34,cloudping Huawei,cn-east-3,Shanghai 1,526.5
2025-12-20 03:41:34,cloudping Huawei,cn-north-9,Wulanchabu,528.5
2025-12-20 03:41:34,cloudping Huawei,cn-north-4,Beijing 4,538.5
2025-12-20 03:41:34,cloudping Huawei,cn-south-1,Guangzhou,720.5
2025-12-20 04:07:32,cloudping Huawei,na-mexico-1,"Mexico City 1, Mexico",147
2025-12-20 04:07:32,cloudping Huawei,la-north-2,"Mexico City 2, Mexico",151
2025-12-20 04:07:32,cloudping Huawei,ap-southeast-3,Singapore,200.5
2025-12-20 04:07:32,cloudping Huawei,ap-southeast-1,"Hong Kong, China",219.5
2025-12-20 04:07:32,cloudping Huawei,sa-brazil-1,"Sao Paulo, Brazil",227
2025-12-20 04:07:32,cloudping Huawei,la-south-2,"Santiago, Chile",236
2025-12-20 04:07:32,cloudping Huawei,ap-southeast-2,"Bangkok, Thailand",239.5
2025-12-20 04:07:32,cloudping Huawei,af-south-1,"Johannesburg, South Africa",335
2025-12-20 04:07:32,cloudping Huawei,na-mexico-1,"Mexico City 1, Mexico",147
2025-12-20 04:07:32,cloudping Huawei,la-north-2,"Mexico City 2, Mexico",151
2025-12-20 04:07:32,cloudping Huawei,ap-southeast-3,Singapore,200.5
2025-12-20 04:07:32,cloudping Huawei,ap-southeast-1,"Hong Kong, China",219.5
2025-12-20 04:07:32,cloudping Huawei,sa-brazil-1,"Sao Paulo, Brazil",227
2025-12-20 04:07:32,cloudping Huawei,la-south-2,"Santiago, Chile",236
2025-12-20 04:07:32,cloudping Huawei,ap-southeast-2,"Bangkok, Thailand",239.5
2025-12-20 04:07:32,cloudping Huawei,af-south-1,"Johannesburg, South Africa",335
2025-12-20 04:07:32,cloudping Huawei,cn-north-4,Beijing 4,254.5
2025-12-20 04:07:32,cloudping Huawei,cn-north-9,Wulanchabu,274.5
2025-12-20 04:07:32,cloudping Huawei,cn-north-1,Beijing 1,322.5
2025-12-20 04:07:32,cloudping Huawei,cn-east-2,Shanghai 2,422
2025-12-20 04:07:32,cloudping Huawei,cn-south-1,Guangzhou,474
2025-12-20 04:07:32,cloudping Huawei,cn-southwest-2,Guiyang 1,503.5
2025-12-20 04:07:32,cloudping Huawei,cn-east-3,Shanghai 1,818.5
2025-12-20 04:33:33,cloudping Huawei,la-north-2,"Mexico City 2, Mexico",146
2025-12-20 04:33:33,cloudping Huawei,na-mexico-1,"Mexico City 1, Mexico",152.5
2025-12-20 04:33:33,cloudping Huawei,ap-southeast-3,Singapore,221
2025-12-20 04:33:33,cloudping Huawei,sa-brazil-1,"Sao Paulo, Brazil",230.5
2025-12-20 04:33:33,cloudping Huawei,la-south-2,"Santiago, Chile",240
2025-12-20 04:33:33,cloudping Huawei,ap-southeast-2,"Bangkok, Thailand",240.5
2025-12-20 04:33:33,cloudping Huawei,af-south-1,"Johannesburg, South Africa",246
2025-12-20 04:33:33,cloudping Huawei,ap-southeast-1,"Hong Kong, China",270
2025-12-20 04:33:33,cloudping Huawei,la-north-2,"Mexico City 2, Mexico",146
2025-12-20 04:33:33,cloudping Huawei,na-mexico-1,"Mexico City 1, Mexico",152.5
2025-12-20 04:33:33,cloudping Huawei,ap-southeast-3,Singapore,221
2025-12-20 04:33:33,cloudping Huawei,sa-brazil-1,"Sao Paulo, Brazil",230.5
2025-12-20 04:33:33,cloudping Huawei,la-south-2,"Santiago, Chile",240
2025-12-20 04:33:33,cloudping Huawei,ap-southeast-2,"Bangkok, Thailand",240.5
2025-12-20 04:33:33,cloudping Huawei,af-south-1,"Johannesburg, South Africa",246
2025-12-20 04:33:33,cloudping Huawei,ap-southeast-1,"Hong Kong, China",270
2025-12-20 04:33:33,cloudping Huawei,cn-east-2,Shanghai 2,210.5
2025-12-20 04:33:33,cloudping Huawei,cn-north-1,Beijing 1,397
2025-12-20 04:33:33,cloudping Huawei,cn-east-3,Shanghai 1,444
2025-12-20 04:33:33,cloudping Huawei,cn-north-4,Beijing 4,496
2025-12-20 04:33:33,cloudping Huawei,cn-southwest-2,Guiyang 1,501
2025-12-20 04:33:33,cloudping Huawei,cn-south-1,Guangzhou,507.5
2025-12-20 04:33:33,cloudping Huawei,cn-north-9,Wulanchabu,552
2025-12-20 04:59:34,cloudping Huawei,la-north-2,"Mexico City 2, Mexico",145
2025-12-20 04:59:34,cloudping Huawei,na-mexico-1,"Mexico City 1, Mexico",148.5
2025-12-20 04:59:34,cloudping Huawei,ap-southeast-3,Singapore,191.5
2025-12-20 04:59:34,cloudping Huawei,ap-southeast-1,"Hong Kong, China",229
2025-12-20 04:59:34,cloudping Huawei,af-south-1,"Johannesburg, South Africa",229.5
2025-12-20 04:59:34,cloudping Huawei,sa-brazil-1,"Sao Paulo, Brazil",230.5
2025-12-20 04:59:34,cloudping Huawei,la-south-2,"Santiago, Chile",232
2025-12-20 04:59:34,cloudping Huawei,ap-southeast-2,"Bangkok, Thailand",252
2025-12-20 04:59:34,cloudping Huawei,la-north-2,"Mexico City 2, Mexico",145
2025-12-20 04:59:34,cloudping Huawei,na-mexico-1,"Mexico City 1, Mexico",148.5
2025-12-20 04:59:34,cloudping Huawei,ap-southeast-3,Singapore,191.5
2025-12-20 04:59:34,cloudping Huawei,ap-southeast-1,"Hong Kong, China",229
2025-12-20 04:59:34,cloudping Huawei,af-south-1,"Johannesburg, South Africa",229.5
2025-12-20 04:59:34,cloudping Huawei,sa-brazil-1,"Sao Paulo, Brazil",230.5
2025-12-20 04:59:34,cloudping Huawei,la-south-2,"Santiago, Chile",232
2025-12-20 04:59:34,cloudping Huawei,ap-southeast-2,"Bangkok, Thailand",252
2025-12-20 04:59:34,cloudping Huawei,cn-north-1,Beijing 1,192
2025-12-20 04:59:34,cloudping Huawei,cn-east-2,Shanghai 2,211
2025-12-20 04:59:34,cloudping Huawei,cn-east-3,Shanghai 1,220.5
2025-12-20 04:59:34,cloudping Huawei,cn-north-4,Beijing 4,222.5
2025-12-20 04:59:34,cloudping Huawei,cn-north-9,Wulanchabu,243
2025-12-20 04:59:34,cloudping Huawei,cn-southwest-2,Guiyang 1,263.5
2025-12-20 04:59:34,cloudping Huawei,cn-south-1,Guangzhou,281.5
2025-12-20 05:25:34,cloudping Huawei,la-north-2,"Mexico City 2, Mexico",146
2025-12-20 05:25:34,cloudping Huawei,na-mexico-1,"Mexico City 1, Mexico",173.5
2025-12-20 05:25:34,cloudping Huawei,ap-southeast-3,Singapore,201
2025-12-20 05:25:34,cloudping Huawei,ap-southeast-1,"Hong Kong, China",217.5
2025-12-20 05:25:34,cloudping Huawei,sa-brazil-1,"Sao Paulo, Brazil",231
2025-12-20 05:25:34,cloudping Huawei,ap-southeast-2,"Bangkok, Thailand",235
2025-12-20 05:25:34,cloudping Huawei,af-south-1,"Johannesburg, South Africa",271
2025-12-20 05:25:34,cloudping Huawei,la-south-2,"Santiago, Chile",318
2025-12-20 05:25:34,cloudping Huawei,la-north-2,"Mexico City 2, Mexico",146
2025-12-20 05:25:34,cloudping Huawei,na-mexico-1,"Mexico City 1, Mexico",173.5
2025-12-20 05:25:34,cloudping Huawei,ap-southeast-3,Singapore,201
2025-12-20 05:25:34,cloudping Huawei,ap-southeast-1,"Hong Kong, China",217.5
2025-12-20 05:25:34,cloudping Huawei,sa-brazil-1,"Sao Paulo, Brazil",231
2025-12-20 05:25:34,cloudping Huawei,ap-southeast-2,"Bangkok, Thailand",235
2025-12-20 05:25:34,cloudping Huawei,af-south-1,"Johannesburg, South Africa",271
2025-12-20 05:25:34,cloudping Huawei,la-south-2,"Santiago, Chile",318
2025-12-20 05:25:34,cloudping Huawei,cn-east-2,Shanghai 2,219.5
2025-12-20 05:25:34,cloudping Huawei,cn-east-3,Shanghai 1,243
2025-12-20 05:25:34,cloudping Huawei,cn-south-1,Guangzhou,479
2025-12-20 05:25:34,cloudping Huawei,cn-southwest-2,Guiyang 1,507.5
2025-12-20 05:25:34,cloudping Huawei,cn-north-1,Beijing 1,519
2025-12-20 05:25:34,cloudping Huawei,cn-north-9,Wulanchabu,670
2025-12-20 05:25:34,cloudping Huawei,cn-north-4,Beijing 4,757.5
2025-12-20 05:51:34,cloudping Huawei,la-north-2,"Mexico City 2, Mexico",145.5
2025-12-20 05:51:34,cloudping Huawei,ap-southeast-3,Singapore,188
2025-12-20 05:51:34,cloudping Huawei,sa-brazil-1,"Sao Paulo, Brazil",227.5
2025-12-20 05:51:34,cloudping Huawei,ap-southeast-1,"Hong Kong, China",233
2025-12-20 05:51:34,cloudping Huawei,la-south-2,"Santiago, Chile",234
2025-12-20 05:51:34,cloudping Huawei,af-south-1,"Johannesburg, South Africa",300.5
2025-12-20 05:51:34,cloudping Huawei,ap-southeast-2,"Bangkok, Thailand",326
2025-12-20 05:51:34,cloudping Huawei,na-mexico-1,"Mexico City 1, Mexico",486
2025-12-20 05:51:34,cloudping Huawei,la-north-2,"Mexico City 2, Mexico",145.5
2025-12-20 05:51:34,cloudping Huawei,ap-southeast-3,Singapore,188
2025-12-20 05:51:34,cloudping Huawei,sa-brazil-1,"Sao Paulo, Brazil",227.5
2025-12-20 05:51:34,cloudping Huawei,ap-southeast-1,"Hong Kong, China",233
2025-12-20 05:51:34,cloudping Huawei,la-south-2,"Santiago, Chile",234
2025-12-20 05:51:34,cloudping Huawei,af-south-1,"Johannesburg, South Africa",300.5
2025-12-20 05:51:34,cloudping Huawei,ap-southeast-2,"Bangkok, Thailand",326
2025-12-20 05:51:34,cloudping Huawei,na-mexico-1,"Mexico City 1, Mexico",486
2025-12-20 05:51:34,cloudping Huawei,cn-east-2,Shanghai 2,216
2025-12-20 05:51:34,cloudping Huawei,cn-southwest-2,Guiyang 1,256.5
2025-12-20 05:51:34,cloudping Huawei,cn-north-1,Beijing 1,391
2025-12-20 05:51:34,cloudping Huawei,cn-south-1,Guangzhou,488.5
2025-12-20 05:51:34,cloudping Huawei,cn-north-9,Wulanchabu,532.5
2025-12-20 05:51:34,cloudping Huawei,cn-east-3,Shanghai 1,590.5
2025-12-20 05:51:34,cloudping Huawei,cn-north-4,Beijing 4,1668
2025-12-20 06:17:34,cloudping Huawei,na-mexico-1,"Mexico City 1, Mexico",150.5
2025-12-20 06:17:34,cloudping Huawei,la-north-2,"Mexico City 2, Mexico",155.5
2025-12-20 06:17:34,cloudping Huawei,ap-southeast-3,Singapore,187.5
2025-12-20 06:17:34,cloudping Huawei,ap-southeast-1,"Hong Kong, China",222
2025-12-20 06:17:34,cloudping Huawei,sa-brazil-1,"Sao Paulo, Brazil",225
2025-12-20 06:17:34,cloudping Huawei,la-south-2,"Santiago, Chile",235
2025-12-20 06:17:34,cloudping Huawei,ap-southeast-2,"Bangkok, Thailand",252
2025-12-20 06:17:34,cloudping Huawei,af-south-1,"Johannesburg, South Africa",254
2025-12-20 06:17:34,cloudping Huawei,na-mexico-1,"Mexico City 1, Mexico",150.5
2025-12-20 06:17:34,cloudping Huawei,la-north-2,"Mexico City 2, Mexico",155.5
2025-12-20 06:17:34,cloudping Huawei,ap-southeast-3,Singapore,187.5
2025-12-20 06:17:34,cloudping Huawei,ap-southeast-1,"Hong Kong, China",222
2025-12-20 06:17:34,cloudping Huawei,sa-brazil-1,"Sao Paulo, Brazil",225
2025-12-20 06:17:34,cloudping Huawei,la-south-2,"Santiago, Chile",235
2025-12-20 06:17:34,cloudping Huawei,ap-southeast-2,"Bangkok, Thailand",252
2025-12-20 06:17:34,cloudping Huawei,af-south-1,"Johannesburg, South Africa",254
2025-12-20 06:17:34,cloudping Huawei,cn-east-3,Shanghai 1,242
2025-12-20 06:17:34,cloudping Huawei,cn-north-1,Beijing 1,464.5
2025-12-20 06:17:34,cloudping Huawei,cn-south-1,Guangzhou,468
2025-12-20 06:17:34,cloudping Huawei,cn-north-4,Beijing 4,489
2025-12-20 06:17:34,cloudping Huawei,cn-southwest-2,Guiyang 1,540
2025-12-20 06:17:34,cloudping Huawei,cn-east-2,Shanghai 2,551.5
2025-12-20 06:17:34,cloudping Huawei,cn-north-9,Wulanchabu,884.5
2025-12-20 06:43:35,cloudping Huawei,la-north-2,"Mexico City 2, Mexico",145.5
2025-12-20 06:43:35,cloudping Huawei,na-mexico-1,"Mexico City 1, Mexico",157.5
2025-12-20 06:43:35,cloudping Huawei,ap-southeast-3,Singapore,188.5
2025-12-20 06:43:35,cloudping Huawei,ap-southeast-1,"Hong Kong, China",212.5
2025-12-20 06:43:35,cloudping Huawei,sa-brazil-1,"Sao Paulo, Brazil",230
2025-12-20 06:43:35,cloudping Huawei,la-south-2,"Santiago, Chile",230
2025-12-20 06:43:35,cloudping Huawei,af-south-1,"Johannesburg, South Africa",242.5
2025-12-20 06:43:35,cloudping Huawei,ap-southeast-2,"Bangkok, Thailand",250
2025-12-20 06:43:35,cloudping Huawei,la-north-2,"Mexico City 2, Mexico",145.5
2025-12-20 06:43:35,cloudping Huawei,na-mexico-1,"Mexico City 1, Mexico",157.5
2025-12-20 06:43:35,cloudping Huawei,ap-southeast-3,Singapore,188.5
2025-12-20 06:43:35,cloudping Huawei,ap-southeast-1,"Hong Kong, China",212.5
2025-12-20 06:43:35,cloudping Huawei,sa-brazil-1,"Sao Paulo, Brazil",230
2025-12-20 06:43:35,cloudping Huawei,la-south-2,"Santiago, Chile",230
2025-12-20 06:43:35,cloudping Huawei,af-south-1,"Johannesburg, South Africa",242.5
2025-12-20 06:43:35,cloudping Huawei,ap-southeast-2,"Bangkok, Thailand",250
2025-12-20 06:43:35,cloudping Huawei,cn-north-1,Beijing 1,399
2025-12-20 06:43:35,cloudping Huawei,cn-east-2,Shanghai 2,507
2025-12-20 06:43:35,cloudping Huawei,cn-east-3,Shanghai 1,870
2025-12-20 06:43:35,cloudping Huawei,cn-south-1,Guangzhou,904
2025-12-20 06:43:35,cloudping Huawei,cn-north-4,Beijing 4,919
2025-12-20 06:43:35,cloudping Huawei,cn-north-9,Wulanchabu,1077.5
2025-12-20 06:43:35,cloudping Huawei,cn-southwest-2,Guiyang 1,1101.5
2025-12-20 07:09:35,cloudping Huawei,la-north-2,"Mexico City 2, Mexico",150.5
2025-12-20 07:09:35,cloudping Huawei,na-mexico-1,"Mexico City 1, Mexico",157
2025-12-20 07:09:35,cloudping Huawei,ap-southeast-3,Singapore,191.5
2025-12-20 07:09:35,cloudping Huawei,sa-brazil-1,"Sao Paulo, Brazil",223.5
2025-12-20 07:09:35,cloudping Huawei,ap-southeast-1,"Hong Kong, China",227
2025-12-20 07:09:35,cloudping Huawei,la-south-2,"Santiago, Chile",236
2025-12-20 07:09:35,cloudping Huawei,ap-southeast-2,"Bangkok, Thailand",237.5
2025-12-20 07:09:35,cloudping Huawei,af-south-1,"Johannesburg, South Africa",246.5
2025-12-20 07:09:35,cloudping Huawei,la-north-2,"Mexico City 2, Mexico",150.5
2025-12-20 07:09:35,cloudping Huawei,na-mexico-1,"Mexico City 1, Mexico",157
2025-12-20 07:09:35,cloudping Huawei,ap-southeast-3,Singapore,191.5
2025-12-20 07:09:35,cloudping Huawei,sa-brazil-1,"Sao Paulo, Brazil",223.5
2025-12-20 07:09:35,cloudping Huawei,ap-southeast-1,"Hong Kong, China",227
2025-12-20 07:09:35,cloudping Huawei,la-south-2,"Santiago, Chile",236
2025-12-20 07:09:35,cloudping Huawei,ap-southeast-2,"Bangkok, Thailand",237.5
2025-12-20 07:09:35,cloudping Huawei,af-south-1,"Johannesburg, South Africa",246.5
2025-12-20 07:09:35,cloudping Huawei,cn-north-1,Beijing 1,226.5
2025-12-20 07:09:35,cloudping Huawei,cn-east-3,Shanghai 1,227
2025-12-20 07:09:35,cloudping Huawei,cn-south-1,Guangzhou,240.5
2025-12-20 07:09:35,cloudping Huawei,cn-east-2,Shanghai 2,249.5
2025-12-20 07:09:35,cloudping Huawei,cn-north-4,Beijing 4,259.5
2025-12-20 07:09:35,cloudping Huawei,cn-southwest-2,Guiyang 1,278
2025-12-20 07:09:35,cloudping Huawei,cn-north-9,Wulanchabu,286
2025-12-20 07:35:36,cloudping Huawei,na-mexico-1,"Mexico City 1, Mexico",144.5
2025-12-20 07:35:36,cloudping Huawei,la-north-2,"Mexico City 2, Mexico",146
2025-12-20 07:35:36,cloudping Huawei,ap-southeast-3,Singapore,186.5
2025-12-20 07:35:36,cloudping Huawei,ap-southeast-1,"Hong Kong, China",226
2025-12-20 07:35:36,cloudping Huawei,af-south-1,"Johannesburg, South Africa",227
2025-12-20 07:35:36,cloudping Huawei,sa-brazil-1,"Sao Paulo, Brazil",243.5
2025-12-20 07:35:36,cloudping Huawei,ap-southeast-2,"Bangkok, Thailand",263
2025-12-20 07:35:36,cloudping Huawei,la-south-2,"Santiago, Chile",313
2025-12-20 07:35:36,cloudping Huawei,na-mexico-1,"Mexico City 1, Mexico",144.5
2025-12-20 07:35:36,cloudping Huawei,la-north-2,"Mexico City 2, Mexico",146
2025-12-20 07:35:36,cloudping Huawei,ap-southeast-3,Singapore,186.5
2025-12-20 07:35:36,cloudping Huawei,ap-southeast-1,"Hong Kong, China",226
2025-12-20 07:35:36,cloudping Huawei,af-south-1,"Johannesburg, South Africa",227
2025-12-20 07:35:36,cloudping Huawei,sa-brazil-1,"Sao Paulo, Brazil",243.5
2025-12-20 07:35:36,cloudping Huawei,ap-southeast-2,"Bangkok, Thailand",263
2025-12-20 07:35:36,cloudping Huawei,la-south-2,"Santiago, Chile",313
2025-12-20 07:35:36,cloudping Huawei,cn-east-2,Shanghai 2,226
2025-12-20 07:35:36,cloudping Huawei,cn-south-1,Guangzhou,234.5
2025-12-20 07:35:36,cloudping Huawei,cn-north-1,Beijing 1,235
2025-12-20 07:35:36,cloudping Huawei,cn-southwest-2,Guiyang 1,252.5
2025-12-20 07:35:36,cloudping Huawei,cn-north-9,Wulanchabu,264.5
2025-12-20 07:35:36,cloudping Huawei,cn-north-4,Beijing 4,332
2025-12-20 07:35:36,cloudping Huawei,cn-east-3,Shanghai 1,571.5
2025-12-20 08:01:36,cloudping Huawei,la-north-2,"Mexico City 2, Mexico",162.5
2025-12-20 08:01:36,cloudping Huawei,na-mexico-1,"Mexico City 1, Mexico",166.5
2025-12-20 08:01:36,cloudping Huawei,ap-southeast-3,Singapore,189.5
2025-12-20 08:01:36,cloudping Huawei,ap-southeast-1,"Hong Kong, China",230.5
2025-12-20 08:01:36,cloudping Huawei,af-south-1,"Johannesburg, South Africa",231
2025-12-20 08:01:36,cloudping Huawei,sa-brazil-1,"Sao Paulo, Brazil",235
2025-12-20 08:01:36,cloudping Huawei,ap-southeast-2,"Bangkok, Thailand",253.5
2025-12-20 08:01:36,cloudping Huawei,la-south-2,"Santiago, Chile",314.5
2025-12-20 08:01:36,cloudping Huawei,la-north-2,"Mexico City 2, Mexico",162.5
2025-12-20 08:01:36,cloudping Huawei,na-mexico-1,"Mexico City 1, Mexico",166.5
2025-12-20 08:01:36,cloudping Huawei,ap-southeast-3,Singapore,189.5
2025-12-20 08:01:36,cloudping Huawei,ap-southeast-1,"Hong Kong, China",230.5
2025-12-20 08:01:36,cloudping Huawei,af-south-1,"Johannesburg, South Africa",231
2025-12-20 08:01:36,cloudping Huawei,sa-brazil-1,"Sao Paulo, Brazil",235
2025-12-20 08:01:36,cloudping Huawei,ap-southeast-2,"Bangkok, Thailand",253.5
2025-12-20 08:01:36,cloudping Huawei,la-south-2,"Santiago, Chile",314.5
2025-12-20 08:01:36,cloudping Huawei,cn-east-2,Shanghai 2,212
2025-12-20 08:01:36,cloudping Huawei,cn-south-1,Guangzhou,474.5
2025-12-20 08:01:36,cloudping Huawei,cn-east-3,Shanghai 1,535.5
2025-12-20 08:01:36,cloudping Huawei,cn-north-1,Beijing 1,539.5
2025-12-20 08:01:36,cloudping Huawei,cn-north-4,Beijing 4,549
2025-12-20 08:01:36,cloudping Huawei,cn-southwest-2,Guiyang 1,642
2025-12-20 08:01:36,cloudping Huawei,cn-north-9,Wulanchabu,1039.5
2025-12-20 08:27:36,cloudping Huawei,la-north-2,"Mexico City 2, Mexico",148.5
2025-12-20 08:27:36,cloudping Huawei,na-mexico-1,"Mexico City 1, Mexico",152.5
2025-12-20 08:27:36,cloudping Huawei,ap-southeast-1,"Hong Kong, China",220
2025-12-20 08:27:36,cloudping Huawei,sa-brazil-1,"Sao Paulo, Brazil",232.5
2025-12-20 08:27:36,cloudping Huawei,ap-southeast-3,Singapore,237.5
2025-12-20 08:27:36,cloudping Huawei,la-south-2,"Santiago, Chile",245
2025-12-20 08:27:36,cloudping Huawei,ap-southeast-2,"Bangkok, Thailand",246
2025-12-20 08:27:36,cloudping Huawei,af-south-1,"Johannesburg, South Africa",345
2025-12-20 08:27:36,cloudping Huawei,la-north-2,"Mexico City 2, Mexico",148.5
2025-12-20 08:27:36,cloudping Huawei,na-mexico-1,"Mexico City 1, Mexico",152.5
2025-12-20 08:27:36,cloudping Huawei,ap-southeast-1,"Hong Kong, China",220
2025-12-20 08:27:36,cloudping Huawei,sa-brazil-1,"Sao Paulo, Brazil",232.5
2025-12-20 08:27:36,cloudping Huawei,ap-southeast-3,Singapore,237.5
2025-12-20 08:27:36,cloudping Huawei,la-south-2,"Santiago, Chile",245
2025-12-20 08:27:36,cloudping Huawei,ap-southeast-2,"Bangkok, Thailand",246
2025-12-20 08:27:36,cloudping Huawei,af-south-1,"Johannesburg, South Africa",345
2025-12-20 08:27:36,cloudping Huawei,cn-east-3,Shanghai 1,212
2025-12-20 08:27:36,cloudping Huawei,cn-south-1,Guangzhou,240.5
2025-12-20 08:27:36,cloudping Huawei,cn-southwest-2,Guiyang 1,294
2025-12-20 08:27:36,cloudping Huawei,cn-north-1,Beijing 1,465.5
2025-12-20 08:27:36,cloudping Huawei,cn-east-2,Shanghai 2,528
2025-12-20 08:27:36,cloudping Huawei,cn-north-4,Beijing 4,1700.5
2025-12-20 08:27:36,cloudping Huawei,cn-north-9,Wulanchabu,2924
2025-12-20 08:53:37,cloudping Huawei,la-north-2,"Mexico City 2, Mexico",147.5
2025-12-20 08:53:37,cloudping Huawei,na-mexico-1,"Mexico City 1, Mexico",147.5
2025-12-20 08:53:37,cloudping Huawei,ap-southeast-3,Singapore,192.5
2025-12-20 08:53:37,cloudping Huawei,ap-southeast-1,"Hong Kong, China",216.5
2025-12-20 08:53:37,cloudping Huawei,sa-brazil-1,"Sao Paulo, Brazil",225.5
2025-12-20 08:53:37,cloudping Huawei,af-south-1,"Johannesburg, South Africa",226
2025-12-20 08:53:37,cloudping Huawei,ap-southeast-2,"Bangkok, Thailand",231.5
2025-12-20 08:53:37,cloudping Huawei,la-south-2,"Santiago, Chile",237.5
2025-12-20 08:53:37,cloudping Huawei,la-north-2,"Mexico City 2, Mexico",147.5
2025-12-20 08:53:37,cloudping Huawei,na-mexico-1,"Mexico City 1, Mexico",147.5
2025-12-20 08:53:37,cloudping Huawei,ap-southeast-3,Singapore,192.5
2025-12-20 08:53:37,cloudping Huawei,ap-southeast-1,"Hong Kong, China",216.5
2025-12-20 08:53:37,cloudping Huawei,sa-brazil-1,"Sao Paulo, Brazil",225.5
2025-12-20 08:53:37,cloudping Huawei,af-south-1,"Johannesburg, South Africa",226
2025-12-20 08:53:37,cloudping Huawei,ap-southeast-2,"Bangkok, Thailand",231.5
2025-12-20 08:53:37,cloudping Huawei,la-south-2,"Santiago, Chile",237.5
2025-12-20 08:53:37,cloudping Huawei,cn-east-2,Shanghai 2,218.5
2025-12-20 08:53:37,cloudping Huawei,cn-south-1,Guangzhou,220
2025-12-20 08:53:37,cloudping Huawei,cn-southwest-2,Guiyang 1,262
2025-12-20 08:53:37,cloudping Huawei,cn-east-3,Shanghai 1,300.5
2025-12-20 08:53:37,cloudping Huawei,cn-north-1,Beijing 1,390
2025-12-20 08:53:37,cloudping Huawei,cn-north-4,Beijing 4,527
2025-12-20 08:53:37,cloudping Huawei,cn-north-9,Wulanchabu,587.5
2025-12-20 09:19:38,cloudping Huawei,na-mexico-1,"Mexico City 1, Mexico",144.5
2025-12-20 09:19:38,cloudping Huawei,la-north-2,"Mexico City 2, Mexico",147.5
2025-12-20 09:19:38,cloudping Huawei,ap-southeast-3,Singapore,190
2025-12-20 09:19:38,cloudping Huawei,sa-brazil-1,"Sao Paulo, Brazil",227.5
2025-12-20 09:19:38,cloudping Huawei,ap-southeast-1,"Hong Kong, China",230
2025-12-20 09:19:38,cloudping Huawei,la-south-2,"Santiago, Chile",239
2025-12-20 09:19:38,cloudping Huawei,af-south-1,"Johannesburg, South Africa",253
2025-12-20 09:19:38,cloudping Huawei,ap-southeast-2,"Bangkok, Thailand",253.5
2025-12-20 09:19:38,cloudping Huawei,na-mexico-1,"Mexico City 1, Mexico",144.5
2025-12-20 09:19:38,cloudping Huawei,la-north-2,"Mexico City 2, Mexico",147.5
2025-12-20 09:19:38,cloudping Huawei,ap-southeast-3,Singapore,190
2025-12-20 09:19:38,cloudping Huawei,sa-brazil-1,"Sao Paulo, Brazil",227.5
2025-12-20 09:19:38,cloudping Huawei,ap-southeast-1,"Hong Kong, China",230
2025-12-20 09:19:38,cloudping Huawei,la-south-2,"Santiago, Chile",239
2025-12-20 09:19:38,cloudping Huawei,af-south-1,"Johannesburg, South Africa",253
2025-12-20 09:19:38,cloudping Huawei,ap-southeast-2,"Bangkok, Thailand",253.5
2025-12-20 09:19:38,cloudping Huawei,cn-east-2,Shanghai 2,227
2025-12-20 09:19:38,cloudping Huawei,cn-east-3,Shanghai 1,227.5
2025-12-20 09:19:38,cloudping Huawei,cn-southwest-2,Guiyang 1,259
2025-12-20 09:19:38,cloudping Huawei,cn-north-9,Wulanchabu,276.5
2025-12-20 09:19:38,cloudping Huawei,cn-north-1,Beijing 1,289
2025-12-20 09:19:38,cloudping Huawei,cn-south-1,Guangzhou,558
2025-12-20 09:19:38,cloudping Huawei,cn-north-4,Beijing 4,619.5
2025-12-20 09:45:38,cloudping Huawei,na-mexico-1,"Mexico City 1, Mexico",145
2025-12-20 09:45:38,cloudping Huawei,la-north-2,"Mexico City 2, Mexico",175.5
2025-12-20 09:45:38,cloudping Huawei,ap-southeast-1,"Hong Kong, China",223
2025-12-20 09:45:38,cloudping Huawei,sa-brazil-1,"Sao Paulo, Brazil",224.5
2025-12-20 09:45:38,cloudping Huawei,ap-southeast-3,Singapore,235
2025-12-20 09:45:38,cloudping Huawei,af-south-1,"Johannesburg, South Africa",240
2025-12-20 09:45:38,cloudping Huawei,la-south-2,"Santiago, Chile",240.5
2025-12-20 09:45:38,cloudping Huawei,ap-southeast-2,"Bangkok, Thailand",421.5
2025-12-20 09:45:38,cloudping Huawei,na-mexico-1,"Mexico City 1, Mexico",145
2025-12-20 09:45:38,cloudping Huawei,la-north-2,"Mexico City 2, Mexico",175.5
2025-12-20 09:45:38,cloudping Huawei,ap-southeast-1,"Hong Kong, China",223
2025-12-20 09:45:38,cloudping Huawei,sa-brazil-1,"Sao Paulo, Brazil",224.5
2025-12-20 09:45:38,cloudping Huawei,ap-southeast-3,Singapore,235
2025-12-20 09:45:38,cloudping Huawei,af-south-1,"Johannesburg, South Africa",240
2025-12-20 09:45:38,cloudping Huawei,la-south-2,"Santiago, Chile",240.5
2025-12-20 09:45:38,cloudping Huawei,ap-southeast-2,"Bangkok, Thailand",421.5
2025-12-20 09:45:38,cloudping Huawei,cn-east-2,Shanghai 2,213.5
2025-12-20 09:45:38,cloudping Huawei,cn-north-1,Beijing 1,491.5
2025-12-20 09:45:38,cloudping Huawei,cn-southwest-2,Guiyang 1,522
2025-12-20 09:45:38,cloudping Huawei,cn-east-3,Shanghai 1,533
2025-12-20 09:45:38,cloudping Huawei,cn-south-1,Guangzhou,604
2025-12-20 09:45:38,cloudping Huawei,cn-north-9,Wulanchabu,794.5
2025-12-20 09:45:38,cloudping Huawei,cn-north-4,Beijing 4,980
2025-12-20 10:11:38,cloudping Huawei,la-north-2,"Mexico City 2, Mexico",146
2025-12-20 10:11:38,cloudping Huawei,ap-southeast-3,Singapore,186.5
2025-12-20 10:11:38,cloudping Huawei,ap-southeast-1,"Hong Kong, China",210.5
2025-12-20 10:11:38,cloudping Huawei,na-mexico-1,"Mexico City 1, Mexico",216.5
2025-12-20 10:11:38,cloudping Huawei,sa-brazil-1,"Sao Paulo, Brazil",223
2025-12-20 10:11:38,cloudping Huawei,af-south-1,"Johannesburg, South Africa",235.5
2025-12-20 10:11:38,cloudping Huawei,la-south-2,"Santiago, Chile",240
2025-12-20 10:11:38,cloudping Huawei,ap-southeast-2,"Bangkok, Thailand",247.5
2025-12-20 10:11:38,cloudping Huawei,la-north-2,"Mexico City 2, Mexico",146
2025-12-20 10:11:38,cloudping Huawei,ap-southeast-3,Singapore,186.5
2025-12-20 10:11:38,cloudping Huawei,ap-southeast-1,"Hong Kong, China",210.5
2025-12-20 10:11:38,cloudping Huawei,na-mexico-1,"Mexico City 1, Mexico",216.5
2025-12-20 10:11:38,cloudping Huawei,sa-brazil-1,"Sao Paulo, Brazil",223
2025-12-20 10:11:38,cloudping Huawei,af-south-1,"Johannesburg, South Africa",235.5
2025-12-20 10:11:38,cloudping Huawei,la-south-2,"Santiago, Chile",240
2025-12-20 10:11:38,cloudping Huawei,ap-southeast-2,"Bangkok, Thailand",247.5
2025-12-20 10:11:38,cloudping Huawei,cn-north-1,Beijing 1,197.5
2025-12-20 10:11:38,cloudping Huawei,cn-east-3,Shanghai 1,211.5
2025-12-20 10:11:38,cloudping Huawei,cn-east-2,Shanghai 2,216
2025-12-20 10:11:38,cloudping Huawei,cn-north-4,Beijing 4,222.5
2025-12-20 10:11:38,cloudping Huawei,cn-north-9,Wulanchabu,237.5
2025-12-20 10:11:38,cloudping Huawei,cn-south-1,Guangzhou,312.5
2025-12-20 10:11:38,cloudping Huawei,cn-southwest-2,Guiyang 1,617.5
2025-12-20 10:37:39,cloudping Huawei,na-mexico-1,"Mexico City 1, Mexico",147
2025-12-20 10:37:39,cloudping Huawei,la-north-2,"Mexico City 2, Mexico",148.5
2025-12-20 10:37:39,cloudping Huawei,ap-southeast-3,Singapore,187.5
2025-12-20 10:37:39,cloudping Huawei,ap-southeast-1,"Hong Kong, China",213
2025-12-20 10:37:39,cloudping Huawei,sa-brazil-1,"Sao Paulo, Brazil",232.5
2025-12-20 10:37:39,cloudping Huawei,la-south-2,"Santiago, Chile",241
2025-12-20 10:37:39,cloudping Huawei,af-south-1,"Johannesburg, South Africa",241.5
2025-12-20 10:37:39,cloudping Huawei,ap-southeast-2,"Bangkok, Thailand",286
2025-12-20 10:37:39,cloudping Huawei,na-mexico-1,"Mexico City 1, Mexico",147
2025-12-20 10:37:39,cloudping Huawei,la-north-2,"Mexico City 2, Mexico",148.5
2025-12-20 10:37:39,cloudping Huawei,ap-southeast-3,Singapore,187.5
2025-12-20 10:37:39,cloudping Huawei,ap-southeast-1,"Hong Kong, China",213
2025-12-20 10:37:39,cloudping Huawei,sa-brazil-1,"Sao Paulo, Brazil",232.5
2025-12-20 10:37:39,cloudping Huawei,la-south-2,"Santiago, Chile",241
2025-12-20 10:37:39,cloudping Huawei,af-south-1,"Johannesburg, South Africa",241.5
2025-12-20 10:37:39,cloudping Huawei,ap-southeast-2,"Bangkok, Thailand",286
2025-12-20 10:37:39,cloudping Huawei,cn-east-3,Shanghai 1,219.5
2025-12-20 10:37:39,cloudping Huawei,cn-east-2,Shanghai 2,225.5
2025-12-20 10:37:39,cloudping Huawei,cn-south-1,Guangzhou,240
2025-12-20 10:37:39,cloudping Huawei,cn-north-1,Beijing 1,248
2025-12-20 10:37:39,cloudping Huawei,cn-southwest-2,Guiyang 1,254.5
2025-12-20 10:37:39,cloudping Huawei,cn-north-4,Beijing 4,263.5
2025-12-20 10:37:39,cloudping Huawei,cn-north-9,Wulanchabu,271.5
2025-12-20 11:03:40,cloudping Huawei,na-mexico-1,"Mexico City 1, Mexico",144
2025-12-20 11:03:40,cloudping Huawei,la-north-2,"Mexico City 2, Mexico",185.5
2025-12-20 11:03:40,cloudping Huawei,ap-southeast-3,Singapore,190
2025-12-20 11:03:40,cloudping Huawei,ap-southeast-1,"Hong Kong, China",212
2025-12-20 11:03:40,cloudping Huawei,la-south-2,"Santiago, Chile",239
2025-12-20 11:03:40,cloudping Huawei,ap-southeast-2,"Bangkok, Thailand",242.5
2025-12-20 11:03:40,cloudping Huawei,af-south-1,"Johannesburg, South Africa",243
2025-12-20 11:03:40,cloudping Huawei,sa-brazil-1,"Sao Paulo, Brazil",296.5
2025-12-20 11:03:40,cloudping Huawei,na-mexico-1,"Mexico City 1, Mexico",144
2025-12-20 11:03:40,cloudping Huawei,la-north-2,"Mexico City 2, Mexico",185.5
2025-12-20 11:03:40,cloudping Huawei,ap-southeast-3,Singapore,190
2025-12-20 11:03:40,cloudping Huawei,ap-southeast-1,"Hong Kong, China",212
2025-12-20 11:03:40,cloudping Huawei,la-south-2,"Santiago, Chile",239
2025-12-20 11:03:40,cloudping Huawei,ap-southeast-2,"Bangkok, Thailand",242.5
2025-12-20 11:03:40,cloudping Huawei,af-south-1,"Johannesburg, South Africa",243
2025-12-20 11:03:40,cloudping Huawei,sa-brazil-1,"Sao Paulo, Brazil",296.5
2025-12-20 11:03:40,cloudping Huawei,cn-east-3,Shanghai 1,222
2025-12-20 11:03:40,cloudping Huawei,cn-north-1,Beijing 1,233
2025-12-20 11:03:40,cloudping Huawei,cn-east-2,Shanghai 2,250.5
2025-12-20 11:03:40,cloudping Huawei,cn-southwest-2,Guiyang 1,263.5
2025-12-20 11:03:40,cloudping Huawei,cn-north-4,Beijing 4,265.5
2025-12-20 11:03:40,cloudping Huawei,cn-north-9,Wulanchabu,275
2025-12-20 11:03:40,cloudping Huawei,cn-south-1,Guangzhou,360
2025-12-20 11:29:40,cloudping Huawei,na-mexico-1,"Mexico City 1, Mexico",145
2025-12-20 11:29:40,cloudping Huawei,la-north-2,"Mexico City 2, Mexico",156
2025-12-20 11:29:40,cloudping Huawei,ap-southeast-3,Singapore,191
2025-12-20 11:29:40,cloudping Huawei,ap-southeast-1,"Hong Kong, China",217.5
2025-12-20 11:29:40,cloudping Huawei,sa-brazil-1,"Sao Paulo, Brazil",229
2025-12-20 11:29:40,cloudping Huawei,la-south-2,"Santiago, Chile",237.5
2025-12-20 11:29:40,cloudping Huawei,ap-southeast-2,"Bangkok, Thailand",240.5
2025-12-20 11:29:40,cloudping Huawei,af-south-1,"Johannesburg, South Africa",241.5
2025-12-20 11:29:40,cloudping Huawei,na-mexico-1,"Mexico City 1, Mexico",145
2025-12-20 11:29:40,cloudping Huawei,la-north-2,"Mexico City 2, Mexico",156
2025-12-20 11:29:40,cloudping Huawei,ap-southeast-3,Singapore,191
2025-12-20 11:29:40,cloudping Huawei,ap-southeast-1,"Hong Kong, China",217.5
2025-12-20 11:29:40,cloudping Huawei,sa-brazil-1,"Sao Paulo, Brazil",229
2025-12-20 11:29:40,cloudping Huawei,la-south-2,"Santiago, Chile",237.5
2025-12-20 11:29:40,cloudping Huawei,ap-southeast-2,"Bangkok, Thailand",240.5
2025-12-20 11:29:40,cloudping Huawei,af-south-1,"Johannesburg, South Africa",241.5
2025-12-20 11:29:40,cloudping Huawei,cn-north-1,Beijing 1,191
2025-12-20 11:29:40,cloudping Huawei,cn-east-2,Shanghai 2,208.5
2025-12-20 11:29:40,cloudping Huawei,cn-south-1,Guangzhou,223.5
2025-12-20 11:29:40,cloudping Huawei,cn-east-3,Shanghai 1,227
2025-12-20 11:29:40,cloudping Huawei,cn-north-9,Wulanchabu,245
2025-12-20 11:29:40,cloudping Huawei,cn-southwest-2,Guiyang 1,257
2025-12-20 11:29:40,cloudping Huawei,cn-north-4,Beijing 4,660
2025-12-20 11:55:40,cloudping Huawei,la-north-2,"Mexico City 2, Mexico",144.5
2025-12-20 11:55:40,cloudping Huawei,na-mexico-1,"Mexico City 1, Mexico",147.5
2025-12-20 11:55:40,cloudping Huawei,ap-southeast-3,Singapore,192.5
2025-12-20 11:55:40,cloudping Huawei,ap-southeast-1,"Hong Kong, China",215
2025-12-20 11:55:40,cloudping Huawei,sa-brazil-1,"Sao Paulo, Brazil",218
2025-12-20 11:55:40,cloudping Huawei,la-south-2,"Santiago, Chile",240
2025-12-20 11:55:40,cloudping Huawei,af-south-1,"Johannesburg, South Africa",252
2025-12-20 11:55:40,cloudping Huawei,ap-southeast-2,"Bangkok, Thailand",283.5
2025-12-20 11:55:40,cloudping Huawei,la-north-2,"Mexico City 2, Mexico",144.5
2025-12-20 11:55:40,cloudping Huawei,na-mexico-1,"Mexico City 1, Mexico",147.5
2025-12-20 11:55:40,cloudping Huawei,ap-southeast-3,Singapore,192.5
2025-12-20 11:55:40,cloudping Huawei,ap-southeast-1,"Hong Kong, China",215
2025-12-20 11:55:40,cloudping Huawei,sa-brazil-1,"Sao Paulo, Brazil",218
2025-12-20 11:55:40,cloudping Huawei,la-south-2,"Santiago, Chile",240
2025-12-20 11:55:40,cloudping Huawei,af-south-1,"Johannesburg, South Africa",252
2025-12-20 11:55:40,cloudping Huawei,ap-southeast-2,"Bangkok, Thailand",283.5
2025-12-20 11:55:40,cloudping Huawei,cn-east-2,Shanghai 2,226
2025-12-20 11:55:40,cloudping Huawei,cn-south-1,Guangzhou,240
2025-12-20 11:55:40,cloudping Huawei,cn-north-1,Beijing 1,241.5
2025-12-20 11:55:40,cloudping Huawei,cn-southwest-2,Guiyang 1,252
2025-12-20 11:55:40,cloudping Huawei,cn-east-3,Shanghai 1,264
2025-12-20 11:55:40,cloudping Huawei,cn-north-4,Beijing 4,264.5
2025-12-20 11:55:40,cloudping Huawei,cn-north-9,Wulanchabu,274.5
2025-12-20 12:21:40,cloudping Huawei,na-mexico-1,"Mexico City 1, Mexico",145.5
2025-12-20 12:21:40,cloudping Huawei,ap-southeast-3,Singapore,193
2025-12-20 12:21:40,cloudping Huawei,la-north-2,"Mexico City 2, Mexico",194
2025-12-20 12:21:40,cloudping Huawei,ap-southeast-1,"Hong Kong, China",222.5
2025-12-20 12:21:40,cloudping Huawei,sa-brazil-1,"Sao Paulo, Brazil",228.5
2025-12-20 12:21:40,cloudping Huawei,la-south-2,"Santiago, Chile",239.5
2025-12-20 12:21:40,cloudping Huawei,ap-southeast-2,"Bangkok, Thailand",250
2025-12-20 12:21:40,cloudping Huawei,af-south-1,"Johannesburg, South Africa",250.5
2025-12-20 12:21:40,cloudping Huawei,na-mexico-1,"Mexico City 1, Mexico",145.5
2025-12-20 12:21:40,cloudping Huawei,ap-southeast-3,Singapore,193
2025-12-20 12:21:40,cloudping Huawei,la-north-2,"Mexico City 2, Mexico",194
2025-12-20 12:21:40,cloudping Huawei,ap-southeast-1,"Hong Kong, China",222.5
2025-12-20 12:21:40,cloudping Huawei,sa-brazil-1,"Sao Paulo, Brazil",228.5
2025-12-20 12:21:40,cloudping Huawei,la-south-2,"Santiago, Chile",239.5
2025-12-20 12:21:40,cloudping Huawei,ap-southeast-2,"Bangkok, Thailand",250
2025-12-20 12:21:40,cloudping Huawei,af-south-1,"Johannesburg, South Africa",250.5
2025-12-20 12:21:40,cloudping Huawei,cn-south-1,Guangzhou,222
2025-12-20 12:21:40,cloudping Huawei,cn-east-2,Shanghai 2,234.5
2025-12-20 12:21:40,cloudping Huawei,cn-east-3,Shanghai 1,256
2025-12-20 12:21:40,cloudping Huawei,cn-southwest-2,Guiyang 1,291.5
2025-12-20 12:21:40,cloudping Huawei,cn-north-1,Beijing 1,459.5
2025-12-20 12:21:40,cloudping Huawei,cn-north-9,Wulanchabu,485.5
2025-12-20 12:21:40,cloudping Huawei,cn-north-4,Beijing 4,519
2025-12-20 12:47:40,cloudping Huawei,la-north-2,"Mexico City 2, Mexico",144.5
2025-12-20 12:47:40,cloudping Huawei,na-mexico-1,"Mexico City 1, Mexico",153
2025-12-20 12:47:40,cloudping Huawei,ap-southeast-3,Singapore,197.5
2025-12-20 12:47:40,cloudping Huawei,sa-brazil-1,"Sao Paulo, Brazil",224.5
2025-12-20 12:47:40,cloudping Huawei,ap-southeast-1,"Hong Kong, China",225
2025-12-20 12:47:40,cloudping Huawei,af-south-1,"Johannesburg, South Africa",234.5
2025-12-20 12:47:40,cloudping Huawei,la-south-2,"Santiago, Chile",285
2025-12-20 12:47:40,cloudping Huawei,ap-southeast-2,"Bangkok, Thailand",287.5
2025-12-20 12:47:40,cloudping Huawei,la-north-2,"Mexico City 2, Mexico",144.5
2025-12-20 12:47:40,cloudping Huawei,na-mexico-1,"Mexico City 1, Mexico",153
2025-12-20 12:47:40,cloudping Huawei,ap-southeast-3,Singapore,197.5
2025-12-20 12:47:40,cloudping Huawei,sa-brazil-1,"Sao Paulo, Brazil",224.5
2025-12-20 12:47:40,cloudping Huawei,ap-southeast-1,"Hong Kong, China",225
2025-12-20 12:47:40,cloudping Huawei,af-south-1,"Johannesburg, South Africa",234.5
2025-12-20 12:47:40,cloudping Huawei,la-south-2,"Santiago, Chile",285
2025-12-20 12:47:40,cloudping Huawei,ap-southeast-2,"Bangkok, Thailand",287.5
2025-12-20 12:47:40,cloudping Huawei,cn-east-3,Shanghai 1,215.5
2025-12-20 12:47:40,cloudping Huawei,cn-south-1,Guangzhou,240
2025-12-20 12:47:40,cloudping Huawei,cn-north-1,Beijing 1,243
2025-12-20 12:47:40,cloudping Huawei,cn-north-9,Wulanchabu,260.5
2025-12-20 12:47:40,cloudping Huawei,cn-north-4,Beijing 4,293.5
2025-12-20 12:47:40,cloudping Huawei,cn-east-2,Shanghai 2,508
2025-12-20 12:47:40,cloudping Huawei,cn-southwest-2,Guiyang 1,596.5
2025-12-20 13:13:41,cloudping Huawei,na-mexico-1,"Mexico City 1, Mexico",146.5
2025-12-20 13:13:41,cloudping Huawei,la-north-2,"Mexico City 2, Mexico",149
2025-12-20 13:13:41,cloudping Huawei,ap-southeast-3,Singapore,186
2025-12-20 13:13:41,cloudping Huawei,ap-southeast-1,"Hong Kong, China",216
2025-12-20 13:13:41,cloudping Huawei,la-south-2,"Santiago, Chile",238
2025-12-20 13:13:41,cloudping Huawei,ap-southeast-2,"Bangkok, Thailand",239.5
2025-12-20 13:13:41,cloudping Huawei,sa-brazil-1,"Sao Paulo, Brazil",252.5
2025-12-20 13:13:41,cloudping Huawei,af-south-1,"Johannesburg, South Africa",482
2025-12-20 13:13:41,cloudping Huawei,na-mexico-1,"Mexico City 1, Mexico",146.5
2025-12-20 13:13:41,cloudping Huawei,la-north-2,"Mexico City 2, Mexico",149
2025-12-20 13:13:41,cloudping Huawei,ap-southeast-3,Singapore,186
2025-12-20 13:13:41,cloudping Huawei,ap-southeast-1,"Hong Kong, China",216
2025-12-20 13:13:41,cloudping Huawei,la-south-2,"Santiago, Chile",238
2025-12-20 13:13:41,cloudping Huawei,ap-southeast-2,"Bangkok, Thailand",239.5
2025-12-20 13:13:41,cloudping Huawei,sa-brazil-1,"Sao Paulo, Brazil",252.5
2025-12-20 13:13:41,cloudping Huawei,af-south-1,"Johannesburg, South Africa",482
2025-12-20 13:13:41,cloudping Huawei,cn-east-2,Shanghai 2,229.5
2025-12-20 13:13:41,cloudping Huawei,cn-south-1,Guangzhou,236.5
2025-12-20 13:13:41,cloudping Huawei,cn-north-1,Beijing 1,247.5
2025-12-20 13:13:41,cloudping Huawei,cn-east-3,Shanghai 1,250
2025-12-20 13:13:41,cloudping Huawei,cn-north-4,Beijing 4,266.5
2025-12-20 13:13:41,cloudping Huawei,cn-southwest-2,Guiyang 1,309
2025-12-20 13:13:41,cloudping Huawei,cn-north-9,Wulanchabu,314.5
2025-12-20 13:39:43,cloudping Huawei,la-north-2,"Mexico City 2, Mexico",171
2025-12-20 13:39:43,cloudping Huawei,na-mexico-1,"Mexico City 1, Mexico",211
2025-12-20 13:39:43,cloudping Huawei,ap-southeast-1,"Hong Kong, China",231.5
2025-12-20 13:39:43,cloudping Huawei,sa-brazil-1,"Sao Paulo, Brazil",232
2025-12-20 13:39:43,cloudping Huawei,la-south-2,"Santiago, Chile",238.5
2025-12-20 13:39:43,cloudping Huawei,ap-southeast-2,"Bangkok, Thailand",248
2025-12-20 13:39:43,cloudping Huawei,ap-southeast-3,Singapore,266.5
2025-12-20 13:39:43,cloudping Huawei,af-south-1,"Johannesburg, South Africa",290
2025-12-20 13:39:43,cloudping Huawei,la-north-2,"Mexico City 2, Mexico",171
2025-12-20 13:39:43,cloudping Huawei,na-mexico-1,"Mexico City 1, Mexico",211
2025-12-20 13:39:43,cloudping Huawei,ap-southeast-1,"Hong Kong, China",231.5
2025-12-20 13:39:43,cloudping Huawei,sa-brazil-1,"Sao Paulo, Brazil",232
2025-12-20 13:39:43,cloudping Huawei,la-south-2,"Santiago, Chile",238.5
2025-12-20 13:39:43,cloudping Huawei,ap-southeast-2,"Bangkok, Thailand",248
2025-12-20 13:39:43,cloudping Huawei,ap-southeast-3,Singapore,266.5
2025-12-20 13:39:43,cloudping Huawei,af-south-1,"Johannesburg, South Africa",290
2025-12-20 13:39:43,cloudping Huawei,cn-south-1,Guangzhou,469.5
2025-12-20 13:39:43,cloudping Huawei,cn-east-2,Shanghai 2,507.5
2025-12-20 13:39:43,cloudping Huawei,cn-southwest-2,Guiyang 1,522
2025-12-20 13:39:43,cloudping Huawei,cn-north-1,Beijing 1,527.5
2025-12-20 13:39:43,cloudping Huawei,cn-north-4,Beijing 4,698
2025-12-20 13:39:43,cloudping Huawei,cn-north-9,Wulanchabu,987.5
2025-12-20 13:39:43,cloudping Huawei,cn-east-3,Shanghai 1,1056.5
2025-12-20 14:05:42,cloudping Huawei,na-mexico-1,"Mexico City 1, Mexico",145
2025-12-20 14:05:42,cloudping Huawei,la-north-2,"Mexico City 2, Mexico",165.5
2025-12-20 14:05:42,cloudping Huawei,ap-southeast-3,Singapore,192.5
2025-12-20 14:05:42,cloudping Huawei,ap-southeast-1,"Hong Kong, China",220.5
2025-12-20 14:05:42,cloudping Huawei,sa-brazil-1,"Sao Paulo, Brazil",237.5
2025-12-20 14:05:42,cloudping Huawei,ap-southeast-2,"Bangkok, Thailand",239.5
2025-12-20 14:05:42,cloudping Huawei,la-south-2,"Santiago, Chile",242.5
2025-12-20 14:05:42,cloudping Huawei,af-south-1,"Johannesburg, South Africa",244.5
2025-12-20 14:05:42,cloudping Huawei,na-mexico-1,"Mexico City 1, Mexico",145
2025-12-20 14:05:42,cloudping Huawei,la-north-2,"Mexico City 2, Mexico",165.5
2025-12-20 14:05:42,cloudping Huawei,ap-southeast-3,Singapore,192.5
2025-12-20 14:05:42,cloudping Huawei,ap-southeast-1,"Hong Kong, China",220.5
2025-12-20 14:05:42,cloudping Huawei,sa-brazil-1,"Sao Paulo, Brazil",237.5
2025-12-20 14:05:42,cloudping Huawei,ap-southeast-2,"Bangkok, Thailand",239.5
2025-12-20 14:05:42,cloudping Huawei,la-south-2,"Santiago, Chile",242.5
2025-12-20 14:05:42,cloudping Huawei,af-south-1,"Johannesburg, South Africa",244.5
2025-12-20 14:05:42,cloudping Huawei,cn-east-2,Shanghai 2,212
2025-12-20 14:05:42,cloudping Huawei,cn-north-1,Beijing 1,231.5
2025-12-20 14:05:42,cloudping Huawei,cn-south-1,Guangzhou,246.5
2025-12-20 14:05:42,cloudping Huawei,cn-southwest-2,Guiyang 1,273
2025-12-20 14:05:42,cloudping Huawei,cn-east-3,Shanghai 1,283.5
2025-12-20 14:05:42,cloudping Huawei,cn-north-4,Beijing 4,541
2025-12-20 14:05:42,cloudping Huawei,cn-north-9,Wulanchabu,1001.5
2025-12-20 14:31:42,cloudping Huawei,la-north-2,"Mexico City 2, Mexico",144.5
2025-12-20 14:31:42,cloudping Huawei,na-mexico-1,"Mexico City 1, Mexico",148.5
2025-12-20 14:31:42,cloudping Huawei,ap-southeast-3,Singapore,193
2025-12-20 14:31:42,cloudping Huawei,ap-southeast-1,"Hong Kong, China",214
2025-12-20 14:31:42,cloudping Huawei,sa-brazil-1,"Sao Paulo, Brazil",230.5
2025-12-20 14:31:42,cloudping Huawei,la-south-2,"Santiago, Chile",231.5
2025-12-20 14:31:42,cloudping Huawei,ap-southeast-2,"Bangkok, Thailand",237
2025-12-20 14:31:42,cloudping Huawei,af-south-1,"Johannesburg, South Africa",262.5
2025-12-20 14:31:42,cloudping Huawei,la-north-2,"Mexico City 2, Mexico",144.5
2025-12-20 14:31:42,cloudping Huawei,na-mexico-1,"Mexico City 1, Mexico",148.5
2025-12-20 14:31:42,cloudping Huawei,ap-southeast-3,Singapore,193
2025-12-20 14:31:42,cloudping Huawei,ap-southeast-1,"Hong Kong, China",214
2025-12-20 14:31:42,cloudping Huawei,sa-brazil-1,"Sao Paulo, Brazil",230.5
2025-12-20 14:31:42,cloudping Huawei,la-south-2,"Santiago, Chile",231.5
2025-12-20 14:31:42,cloudping Huawei,ap-southeast-2,"Bangkok, Thailand",237
2025-12-20 14:31:42,cloudping Huawei,af-south-1,"Johannesburg, South Africa",262.5
2025-12-20 14:31:42,cloudping Huawei,cn-east-2,Shanghai 2,216.5
2025-12-20 14:31:42,cloudping Huawei,cn-north-1,Beijing 1,220
2025-12-20 14:31:42,cloudping Huawei,cn-east-3,Shanghai 1,220.5
2025-12-20 14:31:42,cloudping Huawei,cn-southwest-2,Guiyang 1,254.5
2025-12-20 14:31:42,cloudping Huawei,cn-north-9,Wulanchabu,276.5
2025-12-20 14:31:42,cloudping Huawei,cn-north-4,Beijing 4,285.5
2025-12-20 14:31:42,cloudping Huawei,cn-south-1,Guangzhou,579.5
2025-12-20 14:57:43,cloudping Huawei,na-mexico-1,"Mexico City 1, Mexico",145
2025-12-20 14:57:43,cloudping Huawei,la-north-2,"Mexico City 2, Mexico",157.5
2025-12-20 14:57:43,cloudping Huawei,ap-southeast-3,Singapore,192
2025-12-20 14:57:43,cloudping Huawei,sa-brazil-1,"Sao Paulo, Brazil",225
2025-12-20 14:57:43,cloudping Huawei,ap-southeast-1,"Hong Kong, China",232
2025-12-20 14:57:43,cloudping Huawei,ap-southeast-2,"Bangkok, Thailand",237
2025-12-20 14:57:43,cloudping Huawei,af-south-1,"Johannesburg, South Africa",238.5
2025-12-20 14:57:43,cloudping Huawei,la-south-2,"Santiago, Chile",338
2025-12-20 14:57:43,cloudping Huawei,na-mexico-1,"Mexico City 1, Mexico",145
2025-12-20 14:57:43,cloudping Huawei,la-north-2,"Mexico City 2, Mexico",157.5
2025-12-20 14:57:43,cloudping Huawei,ap-southeast-3,Singapore,192
2025-12-20 14:57:43,cloudping Huawei,sa-brazil-1,"Sao Paulo, Brazil",225
2025-12-20 14:57:43,cloudping Huawei,ap-southeast-1,"Hong Kong, China",232
2025-12-20 14:57:43,cloudping Huawei,ap-southeast-2,"Bangkok, Thailand",237
2025-12-20 14:57:43,cloudping Huawei,af-south-1,"Johannesburg, South Africa",238.5
2025-12-20 14:57:43,cloudping Huawei,la-south-2,"Santiago, Chile",338
2025-12-20 14:57:43,cloudping Huawei,cn-east-2,Shanghai 2,210
2025-12-20 14:57:43,cloudping Huawei,cn-north-4,Beijing 4,216
2025-12-20 14:57:43,cloudping Huawei,cn-north-1,Beijing 1,239.5
2025-12-20 14:57:43,cloudping Huawei,cn-south-1,Guangzhou,246
2025-12-20 14:57:43,cloudping Huawei,cn-east-3,Shanghai 1,260
2025-12-20 14:57:43,cloudping Huawei,cn-southwest-2,Guiyang 1,266
2025-12-20 14:57:43,cloudping Huawei,cn-north-9,Wulanchabu,273
2025-12-20 15:23:47,cloudping Huawei,la-north-2,"Mexico City 2, Mexico",146.5
2025-12-20 15:23:47,cloudping Huawei,na-mexico-1,"Mexico City 1, Mexico",146.5
2025-12-20 15:23:47,cloudping Huawei,ap-southeast-3,Singapore,189
2025-12-20 15:23:47,cloudping Huawei,ap-southeast-1,"Hong Kong, China",213
2025-12-20 15:23:47,cloudping Huawei,la-south-2,"Santiago, Chile",236.5
2025-12-20 15:23:47,cloudping Huawei,ap-southeast-2,"Bangkok, Thailand",238.5
2025-12-20 15:23:47,cloudping Huawei,sa-brazil-1,"Sao Paulo, Brazil",245
2025-12-20 15:23:47,cloudping Huawei,af-south-1,"Johannesburg, South Africa",475
2025-12-20 15:23:47,cloudping Huawei,la-north-2,"Mexico City 2, Mexico",146.5
2025-12-20 15:23:47,cloudping Huawei,na-mexico-1,"Mexico City 1, Mexico",146.5
2025-12-20 15:23:47,cloudping Huawei,ap-southeast-3,Singapore,189
2025-12-20 15:23:47,cloudping Huawei,ap-southeast-1,"Hong Kong, China",213
2025-12-20 15:23:47,cloudping Huawei,la-south-2,"Santiago, Chile",236.5
2025-12-20 15:23:47,cloudping Huawei,ap-southeast-2,"Bangkok, Thailand",238.5
2025-12-20 15:23:47,cloudping Huawei,sa-brazil-1,"Sao Paulo, Brazil",245
2025-12-20 15:23:47,cloudping Huawei,af-south-1,"Johannesburg, South Africa",475
2025-12-20 15:23:47,cloudping Huawei,cn-north-1,Beijing 1,241
2025-12-20 15:23:47,cloudping Huawei,cn-south-1,Guangzhou,254.5
2025-12-20 15:23:47,cloudping Huawei,cn-southwest-2,Guiyang 1,263
2025-12-20 15:23:47,cloudping Huawei,cn-north-4,Beijing 4,553
2025-12-20 15:23:47,cloudping Huawei,cn-east-3,Shanghai 1,589
2025-12-20 15:23:47,cloudping Huawei,cn-north-9,Wulanchabu,644
2025-12-20 15:23:47,cloudping Huawei,cn-east-2,Shanghai 2,858
2025-12-20 15:49:44,cloudping Huawei,na-mexico-1,"Mexico City 1, Mexico",141.5
2025-12-20 15:49:44,cloudping Huawei,la-north-2,"Mexico City 2, Mexico",145.5
2025-12-20 15:49:44,cloudping Huawei,ap-southeast-3,Singapore,187.5
2025-12-20 15:49:44,cloudping Huawei,ap-southeast-1,"Hong Kong, China",215.5
2025-12-20 15:49:44,cloudping Huawei,af-south-1,"Johannesburg, South Africa",227
2025-12-20 15:49:44,cloudping Huawei,ap-southeast-2,"Bangkok, Thailand",238.5
2025-12-20 15:49:44,cloudping Huawei,la-south-2,"Santiago, Chile",240
2025-12-20 15:49:44,cloudping Huawei,sa-brazil-1,"Sao Paulo, Brazil",257.5
2025-12-20 15:49:44,cloudping Huawei,na-mexico-1,"Mexico City 1, Mexico",141.5
2025-12-20 15:49:44,cloudping Huawei,la-north-2,"Mexico City 2, Mexico",145.5
2025-12-20 15:49:44,cloudping Huawei,ap-southeast-3,Singapore,187.5
2025-12-20 15:49:44,cloudping Huawei,ap-southeast-1,"Hong Kong, China",215.5
2025-12-20 15:49:44,cloudping Huawei,af-south-1,"Johannesburg, South Africa",227
2025-12-20 15:49:44,cloudping Huawei,ap-southeast-2,"Bangkok, Thailand",238.5
2025-12-20 15:49:44,cloudping Huawei,la-south-2,"Santiago, Chile",240
2025-12-20 15:49:44,cloudping Huawei,sa-brazil-1,"Sao Paulo, Brazil",257.5
2025-12-20 15:49:44,cloudping Huawei,cn-east-3,Shanghai 1,242
2025-12-20 15:49:44,cloudping Huawei,cn-north-1,Beijing 1,417.5
2025-12-20 15:49:44,cloudping Huawei,cn-south-1,Guangzhou,492.5
2025-12-20 15:49:44,cloudping Huawei,cn-southwest-2,Guiyang 1,548
2025-12-20 15:49:44,cloudping Huawei,cn-east-2,Shanghai 2,840.5
2025-12-20 15:49:44,cloudping Huawei,cn-north-9,Wulanchabu,1401.5
2025-12-20 15:49:44,cloudping Huawei,cn-north-4,Beijing 4,2023
2025-12-20 16:15:44,cloudping Huawei,la-north-2,"Mexico City 2, Mexico",144
2025-12-20 16:15:44,cloudping Huawei,na-mexico-1,"Mexico City 1, Mexico",156
2025-12-20 16:15:44,cloudping Huawei,ap-southeast-1,"Hong Kong, China",220.5
2025-12-20 16:15:44,cloudping Huawei,sa-brazil-1,"Sao Paulo, Brazil",226.5
2025-12-20 16:15:44,cloudping Huawei,ap-southeast-3,Singapore,230.5
2025-12-20 16:15:44,cloudping Huawei,ap-southeast-2,"Bangkok, Thailand",231.5
2025-12-20 16:15:44,cloudping Huawei,la-south-2,"Santiago, Chile",237
2025-12-20 16:15:44,cloudping Huawei,af-south-1,"Johannesburg, South Africa",247
2025-12-20 16:15:44,cloudping Huawei,la-north-2,"Mexico City 2, Mexico",144
2025-12-20 16:15:44,cloudping Huawei,na-mexico-1,"Mexico City 1, Mexico",156
2025-12-20 16:15:44,cloudping Huawei,ap-southeast-1,"Hong Kong, China",220.5
2025-12-20 16:15:44,cloudping Huawei,sa-brazil-1,"Sao Paulo, Brazil",226.5
2025-12-20 16:15:44,cloudping Huawei,ap-southeast-3,Singapore,230.5
2025-12-20 16:15:44,cloudping Huawei,ap-southeast-2,"Bangkok, Thailand",231.5
2025-12-20 16:15:44,cloudping Huawei,la-south-2,"Santiago, Chile",237
2025-12-20 16:15:44,cloudping Huawei,af-south-1,"Johannesburg, South Africa",247
2025-12-20 16:15:44,cloudping Huawei,cn-north-1,Beijing 1,203
2025-12-20 16:15:44,cloudping Huawei,cn-east-2,Shanghai 2,228
2025-12-20 16:15:44,cloudping Huawei,cn-south-1,Guangzhou,242.5
2025-12-20 16:15:44,cloudping Huawei,cn-southwest-2,Guiyang 1,275.5
2025-12-20 16:15:44,cloudping Huawei,cn-east-3,Shanghai 1,580
2025-12-20 16:15:44,cloudping Huawei,cn-north-4,Beijing 4,660
2025-12-20 16:15:44,cloudping Huawei,cn-north-9,Wulanchabu,666
2025-12-20 16:41:45,cloudping Huawei,na-mexico-1,"Mexico City 1, Mexico",149
2025-12-20 16:41:45,cloudping Huawei,la-north-2,"Mexico City 2, Mexico",150
2025-12-20 16:41:45,cloudping Huawei,ap-southeast-1,"Hong Kong, China",218
2025-12-20 16:41:45,cloudping Huawei,sa-brazil-1,"Sao Paulo, Brazil",223.5
2025-12-20 16:41:45,cloudping Huawei,ap-southeast-2,"Bangkok, Thailand",247
2025-12-20 16:41:45,cloudping Huawei,ap-southeast-3,Singapore,271.5
2025-12-20 16:41:45,cloudping Huawei,af-south-1,"Johannesburg, South Africa",346
2025-12-20 16:41:45,cloudping Huawei,la-south-2,"Santiago, Chile",475.5
2025-12-20 16:41:45,cloudping Huawei,na-mexico-1,"Mexico City 1, Mexico",149
2025-12-20 16:41:45,cloudping Huawei,la-north-2,"Mexico City 2, Mexico",150
2025-12-20 16:41:45,cloudping Huawei,ap-southeast-1,"Hong Kong, China",218
2025-12-20 16:41:45,cloudping Huawei,sa-brazil-1,"Sao Paulo, Brazil",223.5
2025-12-20 16:41:45,cloudping Huawei,ap-southeast-2,"Bangkok, Thailand",247
2025-12-20 16:41:45,cloudping Huawei,ap-southeast-3,Singapore,271.5
2025-12-20 16:41:45,cloudping Huawei,af-south-1,"Johannesburg, South Africa",346
2025-12-20 16:41:45,cloudping Huawei,la-south-2,"Santiago, Chile",475.5
2025-12-20 16:41:45,cloudping Huawei,cn-east-2,Shanghai 2,211.5
2025-12-20 16:41:45,cloudping Huawei,cn-north-4,Beijing 4,214
2025-12-20 16:41:45,cloudping Huawei,cn-north-1,Beijing 1,233
2025-12-20 16:41:45,cloudping Huawei,cn-south-1,Guangzhou,249
2025-12-20 16:41:45,cloudping Huawei,cn-southwest-2,Guiyang 1,261
2025-12-20 16:41:45,cloudping Huawei,cn-north-9,Wulanchabu,308
2025-12-20 16:41:45,cloudping Huawei,cn-east-3,Shanghai 1,619
2025-12-20 17:07:45,cloudping Huawei,na-mexico-1,"Mexico City 1, Mexico",169
2025-12-20 17:07:45,cloudping Huawei,la-north-2,"Mexico City 2, Mexico",186
2025-12-20 17:07:45,cloudping Huawei,ap-southeast-3,Singapore,191.5
2025-12-20 17:07:45,cloudping Huawei,sa-brazil-1,"Sao Paulo, Brazil",219.5
2025-12-20 17:07:45,cloudping Huawei,ap-southeast-1,"Hong Kong, China",221
2025-12-20 17:07:45,cloudping Huawei,ap-southeast-2,"Bangkok, Thailand",236.5
2025-12-20 17:07:45,cloudping Huawei,la-south-2,"Santiago, Chile",345
2025-12-20 17:07:45,cloudping Huawei,af-south-1,"Johannesburg, South Africa",454.5
2025-12-20 17:07:45,cloudping Huawei,na-mexico-1,"Mexico City 1, Mexico",169
2025-12-20 17:07:45,cloudping Huawei,la-north-2,"Mexico City 2, Mexico",186
2025-12-20 17:07:45,cloudping Huawei,ap-southeast-3,Singapore,191.5
2025-12-20 17:07:45,cloudping Huawei,sa-brazil-1,"Sao Paulo, Brazil",219.5
2025-12-20 17:07:45,cloudping Huawei,ap-southeast-1,"Hong Kong, China",221
2025-12-20 17:07:45,cloudping Huawei,ap-southeast-2,"Bangkok, Thailand",236.5
2025-12-20 17:07:45,cloudping Huawei,la-south-2,"Santiago, Chile",345
2025-12-20 17:07:45,cloudping Huawei,af-south-1,"Johannesburg, South Africa",454.5
2025-12-20 17:07:45,cloudping Huawei,cn-east-3,Shanghai 1,226
2025-12-20 17:07:45,cloudping Huawei,cn-south-1,Guangzhou,230
2025-12-20 17:07:45,cloudping Huawei,cn-north-1,Beijing 1,234.5
2025-12-20 17:07:45,cloudping Huawei,cn-north-4,Beijing 4,255
2025-12-20 17:07:45,cloudping Huawei,cn-east-2,Shanghai 2,260
2025-12-20 17:07:45,cloudping Huawei,cn-north-9,Wulanchabu,284.5
2025-12-20 17:07:45,cloudping Huawei,cn-southwest-2,Guiyang 1,324
2025-12-20 17:33:46,cloudping Huawei,la-north-2,"Mexico City 2, Mexico",146.5
2025-12-20 17:33:46,cloudping Huawei,na-mexico-1,"Mexico City 1, Mexico",154.5
2025-12-20 17:33:46,cloudping Huawei,ap-southeast-3,Singapore,189
2025-12-20 17:33:46,cloudping Huawei,ap-southeast-1,"Hong Kong, China",214.5
2025-12-20 17:33:46,cloudping Huawei,sa-brazil-1,"Sao Paulo, Brazil",224
2025-12-20 17:33:46,cloudping Huawei,ap-southeast-2,"Bangkok, Thailand",246.5
2025-12-20 17:33:46,cloudping Huawei,af-south-1,"Johannesburg, South Africa",246.5
2025-12-20 17:33:46,cloudping Huawei,la-south-2,"Santiago, Chile",430.5
2025-12-20 17:33:46,cloudping Huawei,la-north-2,"Mexico City 2, Mexico",146.5
2025-12-20 17:33:46,cloudping Huawei,na-mexico-1,"Mexico City 1, Mexico",154.5
2025-12-20 17:33:46,cloudping Huawei,ap-southeast-3,Singapore,189
2025-12-20 17:33:46,cloudping Huawei,ap-southeast-1,"Hong Kong, China",214.5
2025-12-20 17:33:46,cloudping Huawei,sa-brazil-1,"Sao Paulo, Brazil",224
2025-12-20 17:33:46,cloudping Huawei,ap-southeast-2,"Bangkok, Thailand",246.5
2025-12-20 17:33:46,cloudping Huawei,af-south-1,"Johannesburg, South Africa",246.5
2025-12-20 17:33:46,cloudping Huawei,la-south-2,"Santiago, Chile",430.5
2025-12-20 17:33:46,cloudping Huawei,cn-north-1,Beijing 1,195.5
2025-12-20 17:33:46,cloudping Huawei,cn-east-3,Shanghai 1,218.5
2025-12-20 17:33:46,cloudping Huawei,cn-southwest-2,Guiyang 1,245.5
2025-12-20 17:33:46,cloudping Huawei,cn-south-1,Guangzhou,252.5
2025-12-20 17:33:46,cloudping Huawei,cn-east-2,Shanghai 2,254.5
2025-12-20 17:33:46,cloudping Huawei,cn-north-4,Beijing 4,269.5
2025-12-20 17:33:46,cloudping Huawei,cn-north-9,Wulanchabu,538
2025-12-20 17:59:46,cloudping Huawei,na-mexico-1,"Mexico City 1, Mexico",145.5
2025-12-20 17:59:46,cloudping Huawei,la-north-2,"Mexico City 2, Mexico",148
2025-12-20 17:59:46,cloudping Huawei,ap-southeast-3,Singapore,193.5
2025-12-20 17:59:46,cloudping Huawei,ap-southeast-1,"Hong Kong, China",227.5
2025-12-20 17:59:46,cloudping Huawei,ap-southeast-2,"Bangkok, Thailand",234
2025-12-20 17:59:46,cloudping Huawei,sa-brazil-1,"Sao Paulo, Brazil",262.5
2025-12-20 17:59:46,cloudping Huawei,af-south-1,"Johannesburg, South Africa",263.5
2025-12-20 17:59:46,cloudping Huawei,la-south-2,"Santiago, Chile",397
2025-12-20 17:59:46,cloudping Huawei,na-mexico-1,"Mexico City 1, Mexico",145.5
2025-12-20 17:59:46,cloudping Huawei,la-north-2,"Mexico City 2, Mexico",148
2025-12-20 17:59:46,cloudping Huawei,ap-southeast-3,Singapore,193.5
2025-12-20 17:59:46,cloudping Huawei,ap-southeast-1,"Hong Kong, China",227.5
2025-12-20 17:59:46,cloudping Huawei,ap-southeast-2,"Bangkok, Thailand",234
2025-12-20 17:59:46,cloudping Huawei,sa-brazil-1,"Sao Paulo, Brazil",262.5
2025-12-20 17:59:46,cloudping Huawei,af-south-1,"Johannesburg, South Africa",263.5
2025-12-20 17:59:46,cloudping Huawei,la-south-2,"Santiago, Chile",397
2025-12-20 17:59:46,cloudping Huawei,cn-south-1,Guangzhou,235
2025-12-20 17:59:46,cloudping Huawei,cn-east-3,Shanghai 1,244
2025-12-20 17:59:46,cloudping Huawei,cn-north-4,Beijing 4,262.5
2025-12-20 17:59:46,cloudping Huawei,cn-north-9,Wulanchabu,275.5
2025-12-20 17:59:46,cloudping Huawei,cn-north-1,Beijing 1,308
2025-12-20 17:59:46,cloudping Huawei,cn-east-2,Shanghai 2,555.5
2025-12-20 17:59:46,cloudping Huawei,cn-southwest-2,Guiyang 1,612
2025-12-20 18:25:46,cloudping Huawei,na-mexico-1,"Mexico City 1, Mexico",146
2025-12-20 18:25:46,cloudping Huawei,la-north-2,"Mexico City 2, Mexico",152.5
2025-12-20 18:25:46,cloudping Huawei,ap-southeast-3,Singapore,188
2025-12-20 18:25:46,cloudping Huawei,ap-southeast-1,"Hong Kong, China",225
2025-12-20 18:25:46,cloudping Huawei,sa-brazil-1,"Sao Paulo, Brazil",225
2025-12-20 18:25:46,cloudping Huawei,af-south-1,"Johannesburg, South Africa",234
2025-12-20 18:25:46,cloudping Huawei,ap-southeast-2,"Bangkok, Thailand",241.5
2025-12-20 18:25:46,cloudping Huawei,la-south-2,"Santiago, Chile",334.5
2025-12-20 18:25:46,cloudping Huawei,na-mexico-1,"Mexico City 1, Mexico",146
2025-12-20 18:25:46,cloudping Huawei,la-north-2,"Mexico City 2, Mexico",152.5
2025-12-20 18:25:46,cloudping Huawei,ap-southeast-3,Singapore,188
2025-12-20 18:25:46,cloudping Huawei,ap-southeast-1,"Hong Kong, China",225
2025-12-20 18:25:46,cloudping Huawei,sa-brazil-1,"Sao Paulo, Brazil",225
2025-12-20 18:25:46,cloudping Huawei,af-south-1,"Johannesburg, South Africa",234
2025-12-20 18:25:46,cloudping Huawei,ap-southeast-2,"Bangkok, Thailand",241.5
2025-12-20 18:25:46,cloudping Huawei,la-south-2,"Santiago, Chile",334.5
2025-12-20 18:25:46,cloudping Huawei,cn-east-3,Shanghai 1,207.5
2025-12-20 18:25:46,cloudping Huawei,cn-east-2,Shanghai 2,218
2025-12-20 18:25:46,cloudping Huawei,cn-north-1,Beijing 1,221.5
2025-12-20 18:25:46,cloudping Huawei,cn-north-9,Wulanchabu,237
2025-12-20 18:25:46,cloudping Huawei,cn-southwest-2,Guiyang 1,254.5
2025-12-20 18:25:46,cloudping Huawei,cn-north-4,Beijing 4,308
2025-12-20 18:25:46,cloudping Huawei,cn-south-1,Guangzhou,558.5
2025-12-20 18:51:47,cloudping Huawei,la-north-2,"Mexico City 2, Mexico",148.5
2025-12-20 18:51:47,cloudping Huawei,na-mexico-1,"Mexico City 1, Mexico",151
2025-12-20 18:51:47,cloudping Huawei,ap-southeast-3,Singapore,187
2025-12-20 18:51:47,cloudping Huawei,ap-southeast-1,"Hong Kong, China",217
2025-12-20 18:51:47,cloudping Huawei,ap-southeast-2,"Bangkok, Thailand",233.5
2025-12-20 18:51:47,cloudping Huawei,la-south-2,"Santiago, Chile",241.5
2025-12-20 18:51:47,cloudping Huawei,sa-brazil-1,"Sao Paulo, Brazil",242
2025-12-20 18:51:47,cloudping Huawei,af-south-1,"Johannesburg, South Africa",579
2025-12-20 18:51:47,cloudping Huawei,la-north-2,"Mexico City 2, Mexico",148.5
2025-12-20 18:51:47,cloudping Huawei,na-mexico-1,"Mexico City 1, Mexico",151
2025-12-20 18:51:47,cloudping Huawei,ap-southeast-3,Singapore,187
2025-12-20 18:51:47,cloudping Huawei,ap-southeast-1,"Hong Kong, China",217
2025-12-20 18:51:47,cloudping Huawei,ap-southeast-2,"Bangkok, Thailand",233.5
2025-12-20 18:51:47,cloudping Huawei,la-south-2,"Santiago, Chile",241.5
2025-12-20 18:51:47,cloudping Huawei,sa-brazil-1,"Sao Paulo, Brazil",242
2025-12-20 18:51:47,cloudping Huawei,af-south-1,"Johannesburg, South Africa",579
2025-12-20 18:51:47,cloudping Huawei,cn-north-1,Beijing 1,183.5
2025-12-20 18:51:47,cloudping Huawei,cn-east-2,Shanghai 2,217.5
2025-12-20 18:51:47,cloudping Huawei,cn-south-1,Guangzhou,221.5
2025-12-20 18:51:47,cloudping Huawei,cn-north-9,Wulanchabu,222
2025-12-20 18:51:47,cloudping Huawei,cn-southwest-2,Guiyang 1,240.5
2025-12-20 18:51:47,cloudping Huawei,cn-east-3,Shanghai 1,266.5
2025-12-20 18:51:47,cloudping Huawei,cn-north-4,Beijing 4,348.5
